0 0.890625 0.981944 0.03125 0.036111
0 0.789062 0.974306 0.023438 0.023611
0 0.964063 0.903472 0.071875 0.193056
0 0.820312 0.869444 0.239063 0.261111
0 0.779687 0.595139 0.025 0.043056
0 0.613672 0.595139 0.052344 0.109722
0 0.216406 0.5625 0.059375 0.058333
0 0.783203 0.538194 0.016406 0.045833
0 0.20625 0.463889 0.015625 0.041667
0 0.642969 0.454167 0.046875 0.180556
0 0.707422 0.470833 0.072656 0.244444
0 0.842578 0.446528 0.072656 0.251389
0 0.563672 0.432639 0.061719 0.240278
0 0.349609 0.329167 0.025781 0.033333
0 0.401953 0.4375 0.280469 0.266667
0 0.384766 0.277778 0.116406 0.055556
0 0.155469 0.375 0.310937 0.25
