0 0.065234 0.970833 0.017969 0.038889
0 0.005469 0.966667 0.010937 0.052778
0 0.041016 0.925694 0.038281 0.045833
0 0.939844 0.904861 0.035937 0.031944
0 0.483594 0.875 0.021875 0.027778
0 0.066797 0.897222 0.050781 0.080556
0 0.103125 0.857639 0.015625 0.031944
0 0.483203 0.829167 0.027344 0.030556
0 0.779297 0.747917 0.017969 0.056944
0 0.216797 0.785417 0.228906 0.231944
0 0.235156 0.651389 0.020313 0.036111
0 0.326172 0.635417 0.110156 0.076389
0 0.598828 0.580556 0.025781 0.036111
0 0.567187 0.582639 0.042188 0.0625
0 0.233984 0.377778 0.041406 0.05
0 0.227734 0.305556 0.219531 0.102778
0 0.093359 0.26875 0.022656 0.029167
0 0.526563 0.260417 0.034375 0.020833
0 0.422656 0.273611 0.109375 0.047222
