0 0.936719 0.672222 0.054688 0.038889
0 0.816797 0.663194 0.033594 0.040278
0 0.705859 0.613889 0.064844 0.063889
0 0.330469 0.533333 0.021875 0.033333
0 0.621484 0.572222 0.108594 0.113889
0 0.61875 0.502083 0.025 0.029167
0 0.678516 0.509722 0.078906 0.077778
0 0.411328 0.466667 0.025781 0.05
0 0.986719 0.445833 0.026562 0.102778
0 0.535937 0.442361 0.115625 0.101389
0 0.819141 0.39375 0.064844 0.065278
0 0.935156 0.3625 0.059375 0.033333
0 0.830859 0.486111 0.269531 0.283333
0 0.639844 0.359028 0.01875 0.031944
0 0.651563 0.374306 0.065625 0.073611
0 0.732031 0.264583 0.032813 0.023611
0 0.955078 0.290278 0.089844 0.080556
0 0.821484 0.26875 0.044531 0.0375
0 0.598047 0.322222 0.128906 0.144444
0 0.454688 0.303472 0.032813 0.106944
0 0.296484 0.280556 0.021094 0.061111
0 0.15625 0.286806 0.153125 0.073611
