0 0.032422 0.777778 0.064844 0.1
0 0.648438 0.678472 0.034375 0.043056
0 0.528516 0.613194 0.030469 0.0375
0 0.566797 0.534028 0.053906 0.043056
0 0.151562 0.534028 0.03125 0.045833
0 0.909375 0.429167 0.029687 0.033333
0 0.876563 0.432639 0.029687 0.048611
0 0.433594 0.49375 0.178125 0.184722
0 0.325391 0.395139 0.035156 0.029167
0 0.802734 0.384722 0.055469 0.130556
0 0.786719 0.266667 0.017188 0.027778
0 0.978125 0.333333 0.04375 0.166667
0 0.373828 0.301389 0.030469 0.102778
0 0.144141 0.267361 0.058594 0.034722
