0 0.919531 0.625694 0.073438 0.048611
0 0.166797 0.565278 0.117969 0.080556
0 0.691797 0.496528 0.027344 0.031944
0 0.034766 0.504167 0.069531 0.077778
0 0.360547 0.517361 0.047656 0.120833
0 0.442969 0.452083 0.096875 0.045833
0 0.036328 0.43125 0.041406 0.040278
0 0.351953 0.424306 0.053906 0.034722
0 0.192578 0.413889 0.080469 0.055556
0 0.63125 0.422222 0.070312 0.169444
0 0.833594 0.346528 0.014063 0.034722
0 0.791016 0.325694 0.017969 0.043056
0 0.267188 0.270139 0.015625 0.034722
0 0.924609 0.386806 0.150781 0.273611
0 0.723047 0.325694 0.186719 0.151389
0 0.580859 0.29375 0.021094 0.0875
0 0.471875 0.356944 0.184375 0.213889
0 0.334766 0.299306 0.103906 0.098611
