0 0.203906 0.902083 0.029687 0.045833
0 0.051953 0.884028 0.038281 0.054167
0 0.024219 0.745139 0.048438 0.076389
0 0.102734 0.722222 0.021094 0.047222
0 0.249219 0.693056 0.240625 0.213889
0 0.398047 0.545833 0.030469 0.027778
0 0.983984 0.480556 0.032031 0.016667
0 0.631641 0.479861 0.036719 0.023611
0 0.267188 0.527778 0.067187 0.247222
0 0.026172 0.385417 0.052344 0.048611
0 0.235156 0.414583 0.017188 0.129167
0 0.551953 0.427778 0.391406 0.163889
0 0.863281 0.385417 0.135937 0.095833
0 0.08125 0.358333 0.04375 0.216667
