0 0.119531 0.986111 0.026562 0.027778
0 0.697266 0.953472 0.114844 0.093056
0 0.548828 0.559722 0.024219 0.033333
0 0.094141 0.475 0.019531 0.025
0 0.415625 0.505556 0.195312 0.113889
0 0.143359 0.454861 0.019531 0.034722
0 0.530859 0.454861 0.046094 0.045833
0 0.283594 0.474306 0.145313 0.098611
0 0.678125 0.430556 0.05 0.094444
0 0.179297 0.413889 0.047656 0.063889
0 0.129688 0.384028 0.04375 0.081944
0 0.027344 0.369444 0.054688 0.075
0 0.637109 0.343056 0.021094 0.075
0 0.542188 0.311806 0.023438 0.031944
0 0.152734 0.302778 0.094531 0.091667
0 0.746094 0.272222 0.05 0.044444
0 0.589063 0.315972 0.115625 0.131944
0 0.343359 0.340278 0.200781 0.180556
