0 0.872656 0.901389 0.254688 0.197222
0 0.544922 0.815278 0.039844 0.027778
0 0.932422 0.775 0.135156 0.111111
0 0.269531 0.640278 0.020313 0.055556
0 0.250781 0.555556 0.03125 0.05
0 0.918359 0.55625 0.078906 0.0875
0 0.696484 0.484722 0.017969 0.05
0 0.555469 0.567361 0.48125 0.218056
0 0.127344 0.458333 0.0125 0.05
0 0.658984 0.447917 0.017969 0.031944
0 0.601172 0.372222 0.022656 0.044444
0 0.380078 0.377778 0.017969 0.061111
0 0.668359 0.293056 0.055469 0.083333
0 0.389453 0.281944 0.019531 0.061111
0 0.176563 0.395139 0.145313 0.290278
0 0.024609 0.279861 0.049219 0.059722
