0 0.917578 0.945139 0.021094 0.034722
0 0.983594 0.938889 0.032813 0.047222
0 0.335938 0.934028 0.046875 0.045833
0 0.930859 0.752083 0.041406 0.023611
0 0.879297 0.838889 0.241406 0.213889
0 0.860156 0.722222 0.040625 0.030556
0 0.541016 0.626389 0.017969 0.033333
0 0.984766 0.608333 0.030469 0.058333
0 0.39375 0.559028 0.084375 0.081944
0 0.476953 0.513889 0.017969 0.033333
0 0.869141 0.539583 0.036719 0.101389
0 0.016406 0.540972 0.032813 0.120833
0 0.276953 0.344444 0.019531 0.061111
0 0.671484 0.452778 0.205469 0.302778
0 0.243359 0.3 0.028906 0.05
0 0.712891 0.297917 0.017969 0.056944
0 0.739453 0.288194 0.014844 0.068056
0 0.942969 0.451389 0.114062 0.402778
0 0.763672 0.272222 0.011719 0.044444
0 0.302734 0.279167 0.011719 0.058333
0 0.269531 0.274306 0.0375 0.048611
