0 0.435547 0.979167 0.074219 0.041667
0 0.944141 0.968056 0.035156 0.022222
0 0.020703 0.967361 0.041406 0.065278
0 0.560156 0.964583 0.123438 0.070833
0 0.973437 0.93125 0.053125 0.043056
0 0.248047 0.936111 0.042969 0.072222
0 0.115625 0.931944 0.107813 0.069444
0 0.476172 0.881944 0.027344 0.016667
0 0.898828 0.786111 0.202344 0.194444
0 0.208203 0.70625 0.069531 0.0375
0 0.023828 0.607639 0.047656 0.026389
0 0.080078 0.600694 0.061719 0.034722
0 0.4 0.59375 0.06875 0.079167
0 0.472266 0.501389 0.042969 0.058333
0 0.579688 0.447222 0.020313 0.052778
0 0.508203 0.438194 0.028906 0.0625
0 0.989062 0.415278 0.021875 0.041667
0 0.439453 0.431944 0.067969 0.083333
0 0.961328 0.403472 0.019531 0.0375
0 0.408203 0.292361 0.033594 0.031944
0 0.028906 0.280556 0.026562 0.055556
0 0.899609 0.320833 0.063281 0.141667
0 0.207031 0.265278 0.03125 0.030556
0 0.149609 0.267361 0.025781 0.034722
