0 0.084375 0.921528 0.16875 0.156944
0 0.918359 0.8375 0.038281 0.041667
0 0.808984 0.777778 0.030469 0.038889
0 0.29375 0.844444 0.148438 0.311111
0 0.284766 0.721528 0.061719 0.084722
0 0.933984 0.683333 0.132031 0.227778
0 0.151953 0.482639 0.027344 0.020833
0 0.604688 0.459722 0.028125 0.061111
0 0.050391 0.411111 0.092969 0.066667
0 0.621094 0.411806 0.039062 0.081944
0 0.729688 0.468056 0.23125 0.252778
0 0.277344 0.390972 0.048438 0.104167
0 0.712891 0.372917 0.049219 0.0875
0 0.705859 0.271528 0.014844 0.031944
0 0.047266 0.293056 0.094531 0.080556
0 0.960938 0.356944 0.078125 0.213889
0 0.833984 0.361111 0.078906 0.222222
0 0.298828 0.29375 0.050781 0.0875
0 0.205859 0.284722 0.091406 0.069444
