0 0.008594 0.836111 0.017188 0.036111
0 0.201953 0.792361 0.016406 0.031944
0 0.060547 0.798611 0.113281 0.1
0 0.192969 0.756944 0.026562 0.025
0 0.138672 0.788194 0.039844 0.093056
0 0.184375 0.716667 0.035937 0.019444
0 0.954688 0.694444 0.090625 0.05
0 0.273438 0.709722 0.040625 0.086111
0 0.041797 0.699306 0.083594 0.081944
0 0.359766 0.721528 0.188281 0.206944
0 0.775391 0.465972 0.119531 0.154167
0 0.008203 0.331944 0.016406 0.077778
0 0.871094 0.309722 0.034375 0.069444
0 0.841406 0.291667 0.014063 0.05
0 0.414453 0.303472 0.025781 0.093056
0 0.961719 0.300694 0.076563 0.101389
0 0.63125 0.277083 0.03125 0.054167
