0 0.283203 0.922222 0.178906 0.155556
0 0.201953 0.852778 0.028906 0.05
0 0.390625 0.802083 0.05 0.126389
0 0.904687 0.823611 0.190625 0.202778
0 0.671484 0.731944 0.175781 0.088889
0 0.80625 0.706944 0.129688 0.102778
0 0.427734 0.663194 0.049219 0.056944
0 0.660547 0.586806 0.014844 0.029167
0 0.907813 0.588194 0.020313 0.034722
0 0.610938 0.519444 0.03125 0.033333
0 0.427734 0.509028 0.033594 0.065278
0 0.734375 0.526389 0.126562 0.116667
0 0.324609 0.498611 0.041406 0.094444
0 0.226953 0.388194 0.028906 0.031944
0 0.178906 0.416667 0.039062 0.088889
0 0.196484 0.309722 0.069531 0.066667
0 0.096484 0.2875 0.019531 0.030556
0 0.376953 0.263889 0.028906 0.027778
