0 0.516797 0.91875 0.021094 0.023611
0 0.904687 0.896528 0.042188 0.0625
0 0.110937 0.873611 0.028125 0.036111
0 0.1375 0.925 0.275 0.15
0 0.985547 0.876389 0.028906 0.075
0 0.952344 0.918056 0.095312 0.163889
0 0.852734 0.839583 0.033594 0.034722
0 0.271484 0.7875 0.061719 0.047222
0 0.719141 0.745833 0.072656 0.044444
0 0.051953 0.742361 0.021094 0.045833
0 0.958984 0.733333 0.041406 0.030556
0 0.753906 0.859028 0.257812 0.281944
0 0.228516 0.729167 0.025781 0.030556
0 0.142578 0.684028 0.032031 0.045833
0 0.195312 0.66875 0.020313 0.0375
0 0.064062 0.65625 0.048438 0.059722
0 0.111719 0.627083 0.03125 0.040278
0 0.128125 0.575694 0.039062 0.054167
0 0.588281 0.530556 0.021875 0.036111
0 0.674609 0.524306 0.075781 0.065278
0 0.268359 0.457639 0.019531 0.029167
0 0.173047 0.411111 0.019531 0.036111
0 0.848828 0.323611 0.033594 0.030556
0 0.085547 0.436806 0.171094 0.315278
0 0.855859 0.272222 0.030469 0.044444
0 0.184766 0.288889 0.047656 0.077778
