0 0.684766 0.986111 0.052344 0.027778
0 0.933984 0.970833 0.028906 0.036111
0 0.960547 0.840278 0.078906 0.05
0 0.950391 0.781944 0.099219 0.063889
0 0.767969 0.714583 0.045312 0.020833
0 0.377734 0.678472 0.035156 0.026389
0 0.514062 0.643056 0.09375 0.036111
0 0.189844 0.660417 0.103125 0.0875
0 0.132812 0.630556 0.032813 0.041667
0 0.039453 0.613194 0.078906 0.054167
0 0.622656 0.570139 0.03125 0.031944
0 0.320312 0.53125 0.117188 0.081944
0 0.992969 0.309028 0.014063 0.0375
0 0.957422 0.329167 0.061719 0.158333
0 0.089453 0.2625 0.042969 0.025
0 0.023438 0.272917 0.046875 0.045833
