0 0.229297 0.922917 0.082031 0.081944
0 0.942969 0.763889 0.04375 0.030556
0 0.766797 0.675694 0.032031 0.023611
0 0.827344 0.653472 0.096875 0.079167
0 0.984766 0.53125 0.030469 0.023611
0 0.889062 0.558333 0.039062 0.1
0 0.348828 0.543056 0.302344 0.136111
0 0.944531 0.540972 0.0625 0.143056
0 0.573047 0.484028 0.016406 0.065278
0 0.850781 0.476389 0.03125 0.052778
0 0.514844 0.476389 0.054688 0.086111
0 0.676562 0.461111 0.078125 0.077778
0 0.831641 0.422917 0.013281 0.054167
0 0.851953 0.421528 0.016406 0.054167
0 0.196094 0.390972 0.026562 0.026389
0 0.093359 0.384722 0.047656 0.036111
0 0.086328 0.327778 0.042969 0.047222
0 0.624219 0.280556 0.084375 0.047222
0 0.419922 0.277778 0.021094 0.041667
0 0.951953 0.329167 0.096094 0.158333
0 0.883594 0.291667 0.05 0.083333
0 0.792188 0.332639 0.034375 0.165278
0 0.710938 0.31875 0.045312 0.1375
