0 0.347266 0.900694 0.027344 0.031944
0 0.421875 0.890972 0.0375 0.018056
0 0.809375 0.834028 0.0375 0.015278
0 0.094141 0.841667 0.050781 0.05
0 0.385156 0.798611 0.065625 0.030556
0 0.023438 0.786111 0.046875 0.033333
0 0.280078 0.748611 0.050781 0.027778
0 0.307031 0.705556 0.032813 0.019444
0 0.405078 0.692361 0.035156 0.023611
0 0.015625 0.7125 0.03125 0.066667
0 0.133594 0.684028 0.185938 0.084722
0 0.959766 0.635417 0.080469 0.181944
0 0.284375 0.540278 0.023438 0.044444
0 0.227734 0.54375 0.061719 0.054167
0 0.250781 0.436111 0.051562 0.086111
0 0.290625 0.405556 0.042188 0.15
0 0.091016 0.259028 0.032031 0.018056
