0 0.108594 0.848611 0.070312 0.038889
0 0.302734 0.892361 0.110156 0.215278
0 0.317969 0.685417 0.020313 0.034722
0 0.775391 0.6875 0.013281 0.041667
0 0.739453 0.678472 0.027344 0.034722
0 0.157422 0.6625 0.178906 0.063889
0 0.399609 0.593056 0.027344 0.033333
0 0.781641 0.561806 0.033594 0.043056
0 0.894922 0.5375 0.042969 0.055556
0 0.534766 0.55625 0.069531 0.120833
0 0.031641 0.534028 0.063281 0.298611
0 0.392578 0.452083 0.041406 0.1625
0 0.895312 0.591667 0.209375 0.45
0 0.883594 0.388889 0.014063 0.088889
0 0.598828 0.446528 0.139844 0.348611
0 0.756641 0.35 0.160156 0.2
0 0.483984 0.354167 0.219531 0.208333
0 0.030859 0.285417 0.061719 0.070833
