0 0.860156 0.931944 0.065625 0.094444
0 0.466016 0.910417 0.019531 0.056944
0 0.700391 0.90625 0.014844 0.054167
0 0.392969 0.907639 0.023438 0.068056
0 0.773828 0.899306 0.028906 0.090278
0 0.788281 0.832639 0.051562 0.034722
0 0.391016 0.828472 0.089844 0.104167
0 0.919531 0.863194 0.160938 0.206944
0 0.732812 0.770139 0.039062 0.040278
0 0.010937 0.774306 0.021875 0.054167
0 0.162891 0.831944 0.325781 0.2
0 0.065625 0.729167 0.09375 0.041667
0 0.690234 0.730556 0.032031 0.05
0 0.383203 0.684722 0.028906 0.027778
0 0.021094 0.663889 0.042188 0.036111
0 0.571094 0.636806 0.034375 0.034722
0 0.241016 0.634722 0.019531 0.041667
0 0.340625 0.629167 0.051562 0.036111
0 0.297266 0.572222 0.035156 0.072222
0 0.444531 0.608333 0.1625 0.15
0 0.261719 0.529167 0.020313 0.05
0 0.455859 0.524306 0.019531 0.056944
0 0.795703 0.508333 0.025781 0.033333
0 0.148047 0.480556 0.063281 0.194444
0 0.286328 0.40625 0.053906 0.093056
0 0.239453 0.363889 0.021094 0.047222
0 0.116797 0.327083 0.016406 0.0375
0 0.011328 0.320139 0.022656 0.045833
0 0.856641 0.329861 0.224219 0.159722
0 0.328516 0.298611 0.096094 0.097222
0 0.141406 0.277083 0.046875 0.054167
0 0.010547 0.266667 0.021094 0.033333
