0 0.228906 0.659722 0.020313 0.038889
0 0.105469 0.632639 0.01875 0.065278
0 0.276953 0.586806 0.022656 0.043056
0 0.191406 0.618056 0.05625 0.138889
0 0.569141 0.554167 0.021094 0.047222
0 0.519922 0.538194 0.039844 0.059722
0 0.61875 0.5125 0.026562 0.044444
0 0.551953 0.50625 0.011719 0.051389
0 0.226562 0.525 0.098437 0.15
0 0.018359 0.463889 0.036719 0.033333
0 0.072656 0.458333 0.054688 0.044444
0 0.220703 0.445139 0.021094 0.0375
0 0.851172 0.495139 0.041406 0.265278
0 0.597656 0.414583 0.10625 0.198611
0 0.672656 0.316667 0.023438 0.030556
0 0.052344 0.301389 0.104688 0.1
0 0.883203 0.285417 0.127344 0.070833
0 0.504297 0.309722 0.146094 0.119444
0 0.425 0.272222 0.028125 0.044444
0 0.262891 0.334028 0.177344 0.168056
0 0.079687 0.261111 0.04375 0.022222
