0 0.038672 0.785417 0.036719 0.034722
0 0.200781 0.750694 0.064062 0.0625
0 0.010937 0.71875 0.021875 0.023611
0 0.013672 0.675694 0.027344 0.034722
0 0.068359 0.619444 0.050781 0.083333
0 0.166406 0.577083 0.0375 0.0375
0 0.192188 0.636111 0.178125 0.211111
0 0.316016 0.561111 0.024219 0.094444
0 0.380469 0.520833 0.096875 0.105556
0 0.444922 0.513889 0.038281 0.094444
0 0.708984 0.267361 0.022656 0.031944
0 0.65 0.273611 0.034375 0.047222
0 0.384375 0.351389 0.198437 0.202778
0 0.216406 0.396528 0.128125 0.293056
