0 0.191016 0.896528 0.053906 0.059722
0 0.012891 0.870139 0.025781 0.034722
0 0.29375 0.865278 0.032813 0.061111
0 0.673828 0.820139 0.025781 0.043056
0 0.116797 0.550694 0.025781 0.065278
0 0.072656 0.536111 0.0375 0.061111
0 0.038281 0.520833 0.017188 0.033333
0 0.291406 0.460417 0.017188 0.048611
0 0.394922 0.447917 0.021094 0.065278
0 0.548047 0.310417 0.030469 0.026389
0 0.646094 0.373611 0.076563 0.194444
0 0.116406 0.270833 0.017188 0.036111
0 0.843359 0.354167 0.313281 0.208333
0 0.507812 0.370833 0.128125 0.241667
0 0.419141 0.297222 0.036719 0.094444
0 0.378906 0.270139 0.034375 0.040278
0 0.047266 0.372222 0.094531 0.244444
