0 0.989062 0.879861 0.021875 0.043056
0 0.896484 0.827778 0.049219 0.063889
0 0.780859 0.842361 0.388281 0.315278
0 0.982812 0.703472 0.034375 0.043056
0 0.751563 0.623611 0.071875 0.055556
0 0.387109 0.56875 0.033594 0.040278
0 0.841016 0.554861 0.028906 0.076389
0 0.5625 0.496528 0.028125 0.045833
0 0.464844 0.5125 0.073438 0.086111
0 0.968359 0.465972 0.063281 0.076389
0 0.957812 0.401389 0.03125 0.033333
0 0.9125 0.340278 0.032813 0.030556
0 0.822656 0.411806 0.264062 0.323611
0 0.666016 0.270833 0.030469 0.041667
0 0.542188 0.475 0.31875 0.45
0 0.470703 0.349306 0.191406 0.198611
0 0.230469 0.3125 0.040625 0.125
0 0.139844 0.288889 0.034375 0.077778
