0 0.213672 0.94375 0.035156 0.045833
0 0.103906 0.956944 0.134375 0.086111
0 0.188281 0.897222 0.064062 0.061111
0 0.693359 0.781944 0.039844 0.022222
0 0.65 0.768056 0.032813 0.030556
0 0.489844 0.739583 0.117188 0.070833
0 0.646875 0.690972 0.073438 0.054167
0 0.475781 0.675 0.05625 0.038889
0 0.421875 0.669444 0.021875 0.061111
0 0.208984 0.738194 0.388281 0.268056
0 0.296094 0.502083 0.025 0.034722
0 0.303906 0.435417 0.032813 0.051389
0 0.022266 0.36875 0.022656 0.051389
0 0.305859 0.360417 0.016406 0.045833
0 0.126172 0.329861 0.047656 0.065278
0 0.183984 0.319444 0.022656 0.058333
0 0.292969 0.290972 0.034375 0.073611
0 0.328125 0.274306 0.023438 0.048611
0 0.142578 0.268056 0.028906 0.036111
