0 0.069141 0.879167 0.057031 0.041667
0 0.773438 0.847917 0.03125 0.029167
0 0.864062 0.793056 0.034375 0.030556
0 0.703125 0.76875 0.059375 0.095833
0 0.017188 0.592361 0.034375 0.031944
0 0.796875 0.618056 0.09375 0.091667
0 0.153906 0.636806 0.0625 0.159722
0 0.776563 0.499306 0.065625 0.143056
0 0.453516 0.436806 0.036719 0.081944
0 0.101953 0.40625 0.032031 0.026389
0 0.587891 0.590278 0.339844 0.397222
0 0.405859 0.407639 0.044531 0.090278
0 0.669922 0.390972 0.032031 0.068056
0 0.546094 0.431944 0.03125 0.177778
0 0.507812 0.373611 0.028125 0.233333
0 0.908594 0.399306 0.182812 0.298611
0 0.535547 0.275694 0.014844 0.051389
0 0.395313 0.274306 0.020313 0.048611
