0 0.7125 0.977778 0.026562 0.030556
0 0.555859 0.968056 0.074219 0.063889
0 0.474609 0.95625 0.066406 0.0875
0 0.73125 0.911111 0.014063 0.047222
0 0.594141 0.914583 0.188281 0.156944
0 0.194531 0.830556 0.01875 0.044444
0 0.287891 0.9 0.192969 0.2
0 0.500391 0.804861 0.080469 0.065278
0 0.761719 0.755556 0.054688 0.052778
0 0.596094 0.647917 0.24375 0.195833
0 0.577734 0.551389 0.042969 0.044444
0 0.485547 0.545139 0.041406 0.0375
0 0.703125 0.50625 0.054688 0.068056
0 0.906641 0.570833 0.186719 0.202778
0 0.766406 0.504861 0.04375 0.070833
0 0.605469 0.493056 0.048438 0.063889
0 0.378125 0.443056 0.246875 0.227778
0 0.558984 0.299306 0.019531 0.095833
0 0.910937 0.270139 0.079687 0.040278
0 0.746875 0.286111 0.142187 0.072222
0 0.625391 0.297222 0.058594 0.094444
0 0.463672 0.294444 0.146094 0.088889
0 0.344141 0.308333 0.074219 0.116667
0 0.137891 0.295139 0.044531 0.090278
