0 0.951172 0.863889 0.097656 0.061111
0 0.067187 0.818056 0.134375 0.119444
0 0.164062 0.744444 0.042188 0.047222
0 0.025781 0.736806 0.051562 0.051389
0 0.390234 0.684028 0.033594 0.031944
0 0.123438 0.672917 0.051562 0.029167
0 0.430469 0.640278 0.026562 0.022222
0 0.258203 0.663194 0.117969 0.073611
0 0.333203 0.510417 0.019531 0.045833
0 0.128125 0.443056 0.034375 0.025
0 0.741797 0.473611 0.032031 0.094444
0 0.710156 0.419444 0.020313 0.055556
0 0.686328 0.386111 0.017969 0.025
0 0.759375 0.372222 0.053125 0.058333
0 0.842187 0.350694 0.053125 0.051389
0 0.040234 0.381944 0.080469 0.113889
0 0.200781 0.340972 0.060937 0.084722
0 0.894531 0.386806 0.060937 0.273611
0 0.707422 0.281944 0.102344 0.063889
