0 0.073828 0.903472 0.057031 0.084722
0 0.128516 0.876389 0.061719 0.036111
0 0.475391 0.866667 0.014844 0.041667
0 0.054297 0.570833 0.108594 0.05
0 0.946484 0.572222 0.107031 0.072222
0 0.133984 0.530556 0.017969 0.036111
0 0.844922 0.522222 0.032031 0.022222
0 0.36875 0.501389 0.042188 0.036111
0 0.231641 0.55 0.191406 0.158333
0 0.082422 0.486806 0.042969 0.0375
0 0.645312 0.497222 0.245312 0.111111
0 0.842187 0.486806 0.176563 0.098611
0 0.175781 0.461111 0.035937 0.047222
0 0.021875 0.413194 0.04375 0.034722
0 0.160938 0.39375 0.03125 0.023611
0 0.127734 0.395833 0.033594 0.036111
0 0.103125 0.35 0.060937 0.036111
0 0.814453 0.272222 0.035156 0.041667
0 0.146094 0.269444 0.060937 0.038889
0 0.042188 0.291667 0.084375 0.083333
