0 0.941406 0.806944 0.039062 0.033333
0 0.260937 0.725 0.032813 0.022222
0 0.858594 0.725694 0.025 0.054167
0 0.0375 0.666667 0.035937 0.027778
0 0.106641 0.669444 0.092969 0.061111
0 0.789453 0.671528 0.110156 0.120833
0 0.519141 0.638194 0.232031 0.118056
0 0.939453 0.590278 0.019531 0.041667
0 0.976562 0.652083 0.046875 0.226389
0 0.966797 0.534028 0.025781 0.0375
0 0.371875 0.56875 0.31875 0.156944
0 0.364453 0.504861 0.025781 0.045833
0 0.017578 0.486111 0.035156 0.025
0 0.071094 0.486806 0.0375 0.031944
0 0.821484 0.532639 0.061719 0.156944
0 0.530859 0.40625 0.028906 0.098611
0 0.910937 0.472222 0.078125 0.238889
0 0.476562 0.404861 0.0625 0.120833
0 0.988281 0.319444 0.023438 0.077778
0 0.946875 0.286111 0.04375 0.061111
0 0.723828 0.421528 0.317969 0.343056
0 0.524219 0.284028 0.071875 0.068056
0 0.373828 0.344444 0.128906 0.188889
