0 0.064844 0.90625 0.059375 0.045833
0 0.941016 0.889583 0.025781 0.026389
0 0.154297 0.88125 0.038281 0.0375
0 0.224609 0.819444 0.025781 0.027778
0 0.110547 0.840972 0.097656 0.076389
0 0.824609 0.777778 0.186719 0.102778
0 0.225 0.7375 0.029687 0.030556
0 0.617969 0.66875 0.059375 0.031944
0 0.164844 0.724306 0.329688 0.198611
0 0.05625 0.609028 0.028125 0.018056
0 0.967187 0.639583 0.065625 0.148611
0 0.806641 0.638889 0.255469 0.216667
0 0.484375 0.570139 0.053125 0.101389
0 0.603906 0.577083 0.079687 0.134722
0 0.864062 0.527083 0.023438 0.165278
0 0.897266 0.515278 0.033594 0.186111
0 0.864844 0.404861 0.017188 0.045833
0 0.344531 0.343056 0.026562 0.027778
0 0.023438 0.352083 0.046875 0.106944
0 0.753906 0.266667 0.028125 0.033333
0 0.780078 0.347222 0.141406 0.194444
0 0.621484 0.301389 0.088281 0.102778
0 0.505078 0.379861 0.163281 0.259722
0 0.361328 0.274306 0.028906 0.048611
0 0.277344 0.270139 0.0625 0.040278
0 0.150781 0.320833 0.164062 0.141667
