0 0.298438 0.938889 0.046875 0.055556
0 0.357422 0.851389 0.022656 0.025
0 0.180078 0.865972 0.239844 0.223611
0 0.486328 0.725694 0.078906 0.156944
0 0.366797 0.666667 0.042969 0.063889
0 0.011328 0.622917 0.022656 0.051389
0 0.46875 0.629861 0.040625 0.068056
0 0.039453 0.615972 0.014844 0.048611
0 0.165234 0.596528 0.017969 0.0375
0 0.052734 0.545833 0.013281 0.055556
0 0.091406 0.542361 0.048438 0.051389
0 0.162109 0.478472 0.016406 0.040278
0 0.131641 0.476389 0.027344 0.047222
0 0.066797 0.475694 0.021094 0.051389
0 0.035156 0.463194 0.023438 0.034722
0 0.126562 0.413194 0.06875 0.054167
0 0.117969 0.348611 0.035937 0.05
0 0.037109 0.361806 0.049219 0.129167
0 0.215625 0.284028 0.05625 0.065278
0 0.936719 0.388194 0.126562 0.276389
0 0.360156 0.265278 0.032813 0.030556
