0 0.342187 0.984028 0.021875 0.031944
0 0.926953 0.643056 0.039844 0.047222
0 0.167187 0.638889 0.334375 0.175
0 0.156641 0.593056 0.313281 0.127778
0 0.0125 0.54375 0.025 0.034722
0 0.048047 0.535417 0.030469 0.031944
0 0.101953 0.529861 0.032031 0.034722
0 0.910937 0.474306 0.04375 0.020833
0 0.484375 0.479167 0.048438 0.030556
0 0.949609 0.454167 0.016406 0.055556
0 0.958984 0.4125 0.017969 0.030556
0 0.821094 0.614583 0.357812 0.454167
0 0.105469 0.403472 0.070312 0.115278
0 0.674609 0.360417 0.021094 0.045833
0 0.902344 0.269444 0.035937 0.038889
0 0.857812 0.270833 0.034375 0.041667
0 0.777344 0.300694 0.096875 0.101389
0 0.577734 0.311806 0.296094 0.123611
