0 0.039583 0.882422 0.056944 0.057031
0 0.065278 0.849609 0.022222 0.035156
0 0.157639 0.770312 0.023611 0.020313
0 0.179167 0.783594 0.083333 0.065625
0 0.049306 0.786719 0.098611 0.078125
0 0.111111 0.75625 0.063889 0.01875
0 0.019444 0.560156 0.038889 0.045312
0 0.1625 0.537891 0.05 0.017969
0 0.15 0.503125 0.072222 0.032813
0 0.142361 0.453125 0.056944 0.017188
0 0.0625 0.466016 0.125 0.077344
0 0.238889 0.444141 0.052778 0.035156
0 0.310417 0.440234 0.068056 0.032031
0 0.361111 0.419141 0.044444 0.027344
0 0.75 0.420312 0.038889 0.032813
0 0.928472 0.369141 0.0375 0.014844
0 0.066667 0.378906 0.133333 0.059375
0 0.827778 0.339062 0.163889 0.075
0 0.972222 0.276562 0.055556 0.053125
0 0.176389 0.260156 0.058333 0.020313
