0 0.973828 0.972222 0.022656 0.055556
0 0.134766 0.871528 0.036719 0.0375
0 0.022656 0.861806 0.045312 0.056944
0 0.092188 0.822222 0.048438 0.041667
0 0.764844 0.81875 0.057813 0.0375
0 0.135547 0.808333 0.022656 0.027778
0 0.795312 0.795139 0.020313 0.023611
0 0.903125 0.845833 0.19375 0.175
0 0.585938 0.747222 0.021875 0.022222
0 0.923438 0.727083 0.023438 0.031944
0 0.817578 0.722917 0.071094 0.073611
0 0.727734 0.670833 0.083594 0.133333
0 0.154297 0.459028 0.097656 0.054167
0 0.091797 0.429167 0.027344 0.041667
0 0.341016 0.363889 0.021094 0.036111
0 0.322266 0.277083 0.032031 0.054167
0 0.279297 0.319444 0.022656 0.138889
0 0.158594 0.351389 0.19375 0.202778
