0 0.110156 0.966667 0.082812 0.066667
0 0.011719 0.9375 0.023438 0.047222
0 0.210547 0.933333 0.083594 0.044444
0 0.3 0.917361 0.051562 0.0625
0 0.260937 0.875 0.03125 0.019444
0 0.153516 0.888889 0.024219 0.047222
0 0.342578 0.879167 0.030469 0.033333
0 0.419922 0.754167 0.030469 0.025
0 0.972656 0.759028 0.054688 0.104167
0 0.200781 0.707639 0.23125 0.106944
0 0.338281 0.665278 0.026562 0.041667
0 0.512891 0.655556 0.036719 0.030556
0 0.469922 0.647917 0.035156 0.015278
0 0.149609 0.65625 0.025781 0.051389
0 0.938672 0.640278 0.066406 0.091667
0 0.465234 0.601389 0.030469 0.022222
0 0.378906 0.583333 0.028125 0.058333
0 0.879297 0.431944 0.030469 0.041667
0 0.866797 0.364583 0.014844 0.0375
0 0.010156 0.393056 0.020313 0.097222
0 0.174219 0.372917 0.017188 0.0625
0 0.225 0.30625 0.029687 0.040278
0 0.156641 0.296528 0.014844 0.034722
0 0.898047 0.278472 0.033594 0.056944
0 0.107422 0.45625 0.164844 0.4125
