0 0.744922 0.889583 0.025781 0.034722
0 0.171484 0.916667 0.342969 0.166667
0 0.859375 0.828472 0.045312 0.0625
0 0.118359 0.810417 0.030469 0.065278
0 0.091016 0.769444 0.021094 0.033333
0 0.118359 0.753472 0.024219 0.0375
0 0.155859 0.743056 0.032031 0.036111
0 0.048047 0.701389 0.067969 0.033333
0 0.755859 0.754861 0.055469 0.176389
0 0.116797 0.674306 0.038281 0.043056
0 0.061328 0.6375 0.122656 0.05
0 0.421094 0.563194 0.157812 0.090278
0 0.607031 0.547917 0.095312 0.1625
0 0.939844 0.548611 0.120313 0.191667
0 0.499609 0.504861 0.114844 0.131944
0 0.409375 0.458333 0.045312 0.108333
0 0.346094 0.40625 0.075 0.1625
0 0.153516 0.302778 0.017969 0.038889
0 0.592969 0.367361 0.176563 0.234722
0 0.387891 0.322917 0.107031 0.145833
0 0.231641 0.31875 0.116406 0.1375
0 0.108984 0.284722 0.057031 0.069444
