0 0.041797 0.899306 0.052344 0.051389
0 0.913672 0.797917 0.172656 0.104167
0 0.896094 0.736111 0.032813 0.038889
0 0.742578 0.849306 0.325781 0.301389
0 0.842578 0.706944 0.033594 0.058333
0 0.216016 0.688194 0.175781 0.181944
0 0.338672 0.49375 0.055469 0.076389
0 0.069141 0.465278 0.033594 0.030556
0 0.393359 0.484722 0.021094 0.086111
0 0.474219 0.434722 0.0125 0.047222
0 0.135156 0.5875 0.259375 0.355556
0 0.356641 0.38125 0.021094 0.031944
0 0.65625 0.261806 0.046875 0.023611
0 0.382422 0.261806 0.022656 0.023611
0 0.290234 0.325694 0.182031 0.151389
0 0.122656 0.327778 0.129688 0.155556
