0 0.363672 0.796528 0.030469 0.023611
0 0.746094 0.744444 0.19375 0.127778
0 0.885156 0.685417 0.025 0.045833
0 0.963672 0.659722 0.038281 0.033333
0 0.622656 0.620139 0.103125 0.081944
0 0.814844 0.615278 0.048438 0.091667
0 0.771484 0.592361 0.030469 0.045833
0 0.698828 0.575694 0.025781 0.040278
0 0.451953 0.604167 0.107031 0.111111
0 0.741016 0.56875 0.013281 0.043056
0 0.946875 0.551389 0.059375 0.102778
0 0.129297 0.53125 0.021094 0.073611
0 0.866797 0.468056 0.050781 0.091667
0 0.656641 0.43125 0.038281 0.031944
0 0.443359 0.425 0.022656 0.061111
0 0.746094 0.397222 0.032813 0.038889
0 0.61875 0.369444 0.028125 0.036111
0 0.599609 0.324306 0.025781 0.043056
0 0.103516 0.295833 0.025781 0.041667
0 0.355469 0.299306 0.0125 0.056944
0 0.602344 0.278472 0.023438 0.0375
0 0.880859 0.33125 0.238281 0.1625
0 0.536328 0.265278 0.028906 0.030556
0 0.487891 0.315278 0.144531 0.130556
