0 0.2125 0.984028 0.0375 0.031944
0 0.713672 0.894444 0.022656 0.038889
0 0.061719 0.701389 0.123438 0.044444
0 0.887891 0.597917 0.017969 0.059722
0 0.214844 0.492361 0.023438 0.031944
0 0.090234 0.522917 0.071094 0.098611
0 0.392578 0.432639 0.019531 0.043056
0 0.324609 0.438194 0.177344 0.243056
0 0.089453 0.342361 0.039844 0.084722
0 0.565625 0.277083 0.023438 0.048611
0 0.615625 0.296528 0.040625 0.093056
0 0.500391 0.41875 0.171094 0.3375
0 0.403906 0.261111 0.026562 0.022222
0 0.355859 0.277778 0.052344 0.055556
