0 0.954297 0.802083 0.091406 0.056944
0 0.112109 0.761111 0.180469 0.130556
0 0.644922 0.694444 0.035156 0.027778
0 0.26875 0.691667 0.042188 0.033333
0 0.680078 0.653472 0.022656 0.0625
0 0.101562 0.60625 0.057813 0.059722
0 0.507812 0.538889 0.023438 0.030556
0 0.158594 0.525694 0.0375 0.076389
0 0.933594 0.54375 0.132812 0.115278
0 0.748047 0.479861 0.016406 0.040278
0 0.511719 0.476389 0.015625 0.05
0 0.594922 0.513889 0.116406 0.141667
0 0.985547 0.465278 0.028906 0.072222
0 0.280469 0.513889 0.1375 0.208333
0 0.351172 0.452778 0.033594 0.097222
0 0.799219 0.440972 0.084375 0.309722
0 0.670703 0.291667 0.022656 0.041667
0 0.319141 0.311111 0.019531 0.083333
0 0.786719 0.263889 0.040625 0.027778
0 0.695312 0.31875 0.023438 0.1375
0 0.399219 0.395139 0.1 0.290278
0 0.040625 0.459722 0.08125 0.419444
