0 0.960938 0.985417 0.035937 0.029167
0 0.877734 0.984722 0.032031 0.030556
0 0.09375 0.976389 0.078125 0.047222
0 0.6375 0.952083 0.0125 0.056944
0 0.784375 0.959028 0.146875 0.081944
0 0.834766 0.888194 0.025781 0.0375
0 0.950391 0.819444 0.024219 0.058333
0 0.869531 0.813889 0.078125 0.052778
0 0.985547 0.804861 0.028906 0.043056
0 0.769141 0.756944 0.050781 0.05
0 0.007812 0.742361 0.015625 0.043056
0 0.071484 0.731944 0.055469 0.025
0 0.767969 0.702778 0.03125 0.027778
0 0.361719 0.68125 0.042188 0.0375
0 0.357422 0.633333 0.033594 0.066667
0 0.608984 0.763194 0.302344 0.473611
0 0.430469 0.490278 0.03125 0.047222
0 0.009766 0.454167 0.019531 0.033333
0 0.725391 0.422917 0.022656 0.029167
0 0.115234 0.440278 0.230469 0.302778
0 0.672656 0.265278 0.065625 0.030556
0 0.514062 0.34375 0.235937 0.1875
