0 0.863281 0.884722 0.110937 0.080556
0 0.641797 0.803472 0.038281 0.048611
0 0.779297 0.778472 0.041406 0.048611
0 0.735156 0.767361 0.014063 0.034722
0 0.954297 0.772222 0.091406 0.055556
0 0.878125 0.728472 0.05625 0.0375
0 0.698438 0.741667 0.075 0.133333
0 0.757031 0.611806 0.01875 0.048611
0 0.041797 0.547222 0.046094 0.030556
0 0.619922 0.65625 0.244531 0.251389
0 0.1625 0.583333 0.145313 0.111111
0 0.572656 0.477083 0.073438 0.195833
0 0.680859 0.473611 0.046094 0.233333
0 0.385156 0.445139 0.259375 0.251389
0 0.444531 0.264583 0.034375 0.029167
0 0.348438 0.291667 0.13125 0.083333
0 0.140625 0.388889 0.28125 0.277778
