0 0.904297 0.751389 0.096094 0.072222
0 0.825 0.725 0.046875 0.033333
0 0.837109 0.681944 0.053906 0.069444
0 0.845703 0.597917 0.014844 0.048611
0 0.116016 0.704861 0.232031 0.284722
0 0.869141 0.594444 0.019531 0.075
0 0.954688 0.623611 0.090625 0.166667
0 0.85625 0.533333 0.021875 0.05
0 0.234766 0.575 0.197656 0.191667
0 0.635547 0.523611 0.019531 0.1
0 0.746484 0.515972 0.030469 0.090278
0 0.962891 0.434722 0.017969 0.041667
0 0.912891 0.440972 0.057031 0.065278
0 0.821875 0.388889 0.017188 0.044444
0 0.948828 0.375 0.019531 0.038889
0 0.848437 0.449306 0.08125 0.270833
0 0.958984 0.313194 0.035156 0.126389
0 0.653125 0.390278 0.371875 0.280556
