0 0.072266 0.969444 0.144531 0.061111
0 0.421484 0.948611 0.088281 0.038889
0 0.946094 0.888194 0.084375 0.059722
0 0.117578 0.871528 0.078906 0.034722
0 0.233203 0.890278 0.185156 0.083333
0 0.818359 0.852083 0.041406 0.023611
0 0.449609 0.816667 0.035156 0.019444
0 0.627344 0.802778 0.051562 0.030556
0 0.298438 0.652083 0.034375 0.031944
0 0.044531 0.636806 0.042188 0.023611
0 0.010547 0.617361 0.021094 0.0375
0 0.230078 0.622222 0.128906 0.058333
0 0.189062 0.386111 0.0625 0.152778
0 0.154297 0.298611 0.074219 0.069444
0 0.988281 0.288194 0.023438 0.070833
