0 0.042969 0.968056 0.06875 0.063889
0 0.1 0.845833 0.075 0.108333
0 0.144531 0.779861 0.017188 0.056944
0 0.177344 0.745139 0.039062 0.029167
0 0.720313 0.729861 0.034375 0.040278
0 0.648438 0.582639 0.039062 0.0375
0 0.762109 0.514583 0.019531 0.023611
0 0.81875 0.477778 0.015625 0.033333
0 0.585938 0.578472 0.178125 0.245833
0 0.494531 0.472222 0.05625 0.044444
0 0.639844 0.438889 0.020313 0.036111
0 0.568359 0.394444 0.019531 0.038889
0 0.885547 0.386806 0.038281 0.059722
0 0.610547 0.397222 0.024219 0.088889
0 0.478125 0.386111 0.028125 0.080556
0 0.955078 0.303472 0.042969 0.056944
