0 0.701562 0.972222 0.079687 0.055556
0 0.057813 0.924306 0.115625 0.151389
0 0.977344 0.866667 0.03125 0.05
0 0.857031 0.913889 0.285938 0.172222
0 0.232422 0.850694 0.130469 0.056944
0 0.844531 0.795139 0.021875 0.026389
0 0.903516 0.798611 0.039844 0.036111
0 0.113672 0.805556 0.122656 0.127778
0 0.687891 0.839583 0.211719 0.206944
0 0.265234 0.743056 0.046094 0.038889
0 0.029297 0.743056 0.025781 0.041667
0 0.210938 0.759028 0.057813 0.104167
0 0.790234 0.753472 0.082031 0.1375
0 0.3 0.680556 0.157812 0.083333
0 0.598047 0.693056 0.152344 0.169444
0 0.267969 0.563889 0.021875 0.044444
0 0.025781 0.411806 0.051562 0.109722
