0 0.971484 0.966667 0.039844 0.066667
0 0.019531 0.942361 0.023438 0.026389
0 0.5125 0.791667 0.046875 0.027778
0 0.755859 0.792361 0.032031 0.031944
0 0.732422 0.81875 0.249219 0.156944
0 0.932813 0.831944 0.134375 0.202778
0 0.592969 0.71875 0.032813 0.051389
0 0.726562 0.686806 0.021875 0.048611
0 0.285938 0.673611 0.101562 0.058333
0 0.1375 0.697222 0.275 0.144444
0 0.574219 0.657639 0.048438 0.068056
0 0.641797 0.613194 0.022656 0.048611
0 0.064062 0.508333 0.03125 0.083333
0 0.228125 0.54375 0.073438 0.176389
0 0.125781 0.500694 0.079687 0.104167
0 0.597266 0.447917 0.041406 0.048611
0 0.161328 0.4 0.063281 0.061111
0 0.569922 0.370139 0.033594 0.023611
0 0.401562 0.348611 0.048438 0.058333
0 0.619531 0.290278 0.05 0.080556
0 0.495312 0.438194 0.254688 0.376389
0 0.153125 0.282639 0.0625 0.065278
