0 0.870313 0.944444 0.148438 0.111111
0 0.037891 0.921528 0.075781 0.081944
0 0.032422 0.801389 0.064844 0.086111
0 0.187109 0.742361 0.067969 0.079167
0 0.098047 0.741667 0.044531 0.105556
0 0.603125 0.527083 0.021875 0.029167
0 0.803125 0.479167 0.025 0.05
0 0.696484 0.461111 0.041406 0.091667
0 0.682813 0.352083 0.01875 0.029167
0 0.020703 0.339583 0.041406 0.104167
0 0.935156 0.379861 0.070312 0.195833
0 0.980469 0.329167 0.039062 0.1
0 0.635156 0.33125 0.05625 0.106944
0 0.322656 0.375 0.08125 0.194444
0 0.436719 0.288194 0.017188 0.029167
0 0.567578 0.309028 0.055469 0.098611
0 0.823047 0.265972 0.053906 0.031944
0 0.714063 0.290972 0.1125 0.081944
0 0.364453 0.276389 0.055469 0.052778
0 0.054297 0.332639 0.041406 0.165278
