0 0.139063 0.922917 0.025 0.020833
0 0.899609 0.590278 0.021094 0.038889
0 0.769531 0.61875 0.132812 0.104167
0 0.04375 0.5875 0.046875 0.05
0 0.612891 0.561111 0.085156 0.066667
0 0.358594 0.544444 0.028125 0.038889
0 0.894141 0.54375 0.063281 0.040278
0 0.513281 0.555556 0.046875 0.069444
0 0.714453 0.552778 0.117969 0.075
0 0.564453 0.527083 0.042969 0.034722
0 0.274609 0.566667 0.091406 0.116667
0 0.141797 0.498611 0.171094 0.180556
0 0.713672 0.391667 0.022656 0.033333
0 0.872656 0.383333 0.045312 0.077778
0 0.094141 0.323611 0.133594 0.147222
