0 0.931641 0.979167 0.049219 0.041667
0 0.978125 0.957639 0.04375 0.065278
0 0.841016 0.952778 0.092969 0.066667
0 0.771875 0.840278 0.028125 0.036111
0 0.746484 0.83125 0.024219 0.065278
0 0.0375 0.819444 0.075 0.066667
0 0.052734 0.748611 0.033594 0.05
0 0.258594 0.736806 0.035937 0.045833
0 0.840625 0.590972 0.059375 0.073611
0 0.655859 0.553472 0.066406 0.065278
0 0.449219 0.535417 0.023438 0.040278
0 0.764062 0.509722 0.028125 0.055556
0 0.268359 0.622222 0.375781 0.316667
0 0.787109 0.458333 0.150781 0.169444
0 0.760156 0.322917 0.045312 0.068056
0 0.986719 0.270139 0.026562 0.040278
0 0.814844 0.278472 0.048438 0.056944
0 0.286719 0.336806 0.46875 0.173611
0 0.027344 0.270139 0.054688 0.040278
