0 0.057031 0.9875 0.054688 0.025
0 0.615625 0.9625 0.0375 0.05
0 0.109766 0.944444 0.075781 0.063889
0 0.196875 0.894444 0.046875 0.033333
0 0.516406 0.806944 0.034375 0.058333
0 0.55 0.783333 0.029687 0.038889
0 0.493359 0.70625 0.022656 0.040278
0 0.624219 0.713194 0.085938 0.0625
0 0.748437 0.838194 0.385937 0.323611
0 0.363672 0.680556 0.027344 0.033333
0 0.104688 0.675694 0.059375 0.054167
0 0.307422 0.570139 0.047656 0.018056
0 0.509375 0.672917 0.1375 0.226389
0 0.030859 0.575694 0.027344 0.048611
0 0.116406 0.507639 0.028125 0.020833
0 0.01875 0.472222 0.0375 0.030556
0 0.805469 0.461111 0.025 0.038889
0 0.010937 0.429167 0.021875 0.030556
0 0.870313 0.4375 0.026562 0.055556
0 0.237891 0.457639 0.039844 0.126389
0 0.049609 0.361806 0.099219 0.093056
0 0.191797 0.336111 0.064844 0.055556
0 0.526953 0.354861 0.286719 0.209722
