0 0.700781 0.916667 0.051562 0.086111
0 0.09375 0.74375 0.021875 0.0375
0 0.035156 0.720833 0.042188 0.036111
0 0.142578 0.690278 0.075781 0.041667
0 0.215625 0.616667 0.023438 0.108333
0 0.022266 0.580556 0.044531 0.069444
0 0.519531 0.547917 0.1125 0.079167
0 0.425 0.5375 0.029687 0.105556
0 0.150781 0.526389 0.089063 0.094444
0 0.214844 0.50625 0.023438 0.079167
0 0.648828 0.445139 0.036719 0.045833
0 0.021484 0.435417 0.042969 0.040278
0 0.394141 0.41875 0.019531 0.0375
0 0.023438 0.34375 0.046875 0.051389
0 0.132031 0.372917 0.11875 0.1125
0 0.019922 0.277083 0.039844 0.031944
0 0.210938 0.295833 0.023438 0.077778
0 0.833594 0.315972 0.321875 0.131944
