0 0.656641 0.920833 0.019531 0.030556
0 0.65 0.775694 0.025 0.123611
0 0.088672 0.752083 0.071094 0.115278
0 0.215625 0.672222 0.0375 0.025
0 0.232422 0.642361 0.033594 0.026389
0 0.171875 0.647222 0.034375 0.086111
0 0.215234 0.609028 0.022656 0.0625
0 0.291406 0.595833 0.107813 0.072222
0 0.377344 0.58125 0.1125 0.079167
0 0.567969 0.738889 0.151562 0.522222
0 0.292187 0.498611 0.015625 0.052778
0 0.658594 0.3625 0.021875 0.038889
0 0.275 0.284722 0.034375 0.030556
0 0.626172 0.276389 0.022656 0.052778
0 0.115234 0.265278 0.042969 0.030556
0 0.061328 0.272917 0.050781 0.045833
