0 0.182812 0.96875 0.098437 0.0625
0 0.465625 0.941667 0.05 0.033333
0 0.584766 0.903472 0.075781 0.0375
0 0.224219 0.897222 0.042188 0.036111
0 0.416797 0.877083 0.061719 0.023611
0 0.272266 0.867361 0.038281 0.0625
0 0.970313 0.800694 0.028125 0.040278
0 0.8875 0.828472 0.201563 0.1125
0 0.381641 0.765278 0.024219 0.036111
0 0.170313 0.672917 0.051562 0.065278
0 0.994141 0.664583 0.011719 0.098611
0 0.311328 0.599306 0.016406 0.051389
0 0.049609 0.593056 0.038281 0.047222
0 0.983594 0.586111 0.021875 0.044444
0 0.062109 0.544444 0.039844 0.027778
0 0.089844 0.478472 0.0125 0.081944
0 0.839453 0.269444 0.027344 0.038889
