0 0.470313 0.98125 0.034375 0.023611
0 0.100391 0.984028 0.030469 0.031944
0 0.03125 0.977778 0.032813 0.044444
0 0.319922 0.963194 0.119531 0.073611
0 0.548828 0.941667 0.058594 0.05
0 0.760938 0.950694 0.08125 0.070833
0 0.667969 0.928472 0.042188 0.026389
0 0.621875 0.927083 0.032813 0.031944
0 0.910156 0.953472 0.179688 0.093056
0 0.017188 0.84375 0.034375 0.040278
0 0.435156 0.75 0.060937 0.027778
0 0.351562 0.757639 0.08125 0.056944
0 0.255859 0.728472 0.042969 0.065278
0 0.076953 0.707639 0.153906 0.106944
0 0.259375 0.647222 0.039062 0.038889
0 0.205859 0.634722 0.042969 0.033333
0 0.275 0.485417 0.035937 0.034722
0 0.316016 0.492361 0.028906 0.059722
0 0.116797 0.478472 0.025781 0.040278
0 0.05625 0.452778 0.020313 0.044444
0 0.155859 0.464583 0.049219 0.081944
0 0.091406 0.463889 0.046875 0.111111
0 0.216016 0.401389 0.042969 0.075
0 0.238672 0.433333 0.094531 0.163889
0 0.09375 0.331944 0.1875 0.163889
