0 0.224219 0.859722 0.014063 0.047222
0 0.635938 0.622917 0.059375 0.0375
0 0.310937 0.615972 0.020313 0.045833
0 0.953906 0.608333 0.092188 0.088889
0 0.618359 0.578472 0.105469 0.040278
0 0.428516 0.545139 0.024219 0.034722
0 0.370312 0.538194 0.032813 0.026389
0 0.141797 0.69375 0.283594 0.340278
0 0.591016 0.531944 0.033594 0.030556
0 0.772656 0.560417 0.203125 0.168056
0 0.258594 0.468056 0.023438 0.033333
0 0.010937 0.451389 0.021875 0.027778
0 0.127344 0.438194 0.025 0.026389
0 0.870313 0.415278 0.025 0.044444
0 0.063672 0.422917 0.077344 0.104167
0 0.236328 0.359722 0.055469 0.094444
0 0.092188 0.338194 0.184375 0.176389
