0 0.58125 0.975694 0.021875 0.034722
0 0.962891 0.8125 0.064844 0.025
0 0.974219 0.770833 0.020313 0.030556
0 0.467578 0.751389 0.042969 0.113889
0 0.052344 0.735417 0.104688 0.115278
0 0.960547 0.703472 0.053906 0.109722
0 0.242969 0.667361 0.120313 0.081944
0 0.885547 0.63125 0.021094 0.034722
0 0.375391 0.615278 0.021094 0.05
0 0.163281 0.627083 0.025 0.1125
0 0.071094 0.583333 0.039062 0.061111
0 0.016016 0.591667 0.032031 0.105556
0 0.551562 0.566667 0.054688 0.152778
0 0.378125 0.528472 0.042188 0.095833
0 0.088281 0.513194 0.026562 0.084722
0 0.442969 0.570139 0.1 0.2125
0 0.237109 0.436806 0.019531 0.0375
0 0.461328 0.434722 0.050781 0.05
0 0.185156 0.363889 0.023438 0.044444
0 0.571875 0.348611 0.020313 0.022222
0 0.357031 0.339583 0.023438 0.0375
0 0.050391 0.343056 0.100781 0.175
0 0.640625 0.329861 0.096875 0.159722
0 0.476953 0.347917 0.174219 0.195833
0 0.290625 0.277778 0.059375 0.055556
0 0.117188 0.30625 0.096875 0.1125
