0 0.099609 0.985417 0.064844 0.029167
0 0.120313 0.895833 0.028125 0.038889
0 0.132422 0.830556 0.047656 0.05
0 0.175781 0.813194 0.023438 0.026389
0 0.7875 0.683333 0.026562 0.038889
0 0.835547 0.627778 0.055469 0.063889
0 0.783203 0.594444 0.028906 0.027778
0 0.869141 0.574306 0.016406 0.031944
0 0.823828 0.560417 0.025781 0.040278
0 0.428125 0.554167 0.054688 0.047222
0 0.360938 0.533333 0.028125 0.027778
0 0.823047 0.505556 0.021094 0.033333
0 0.763281 0.497222 0.020313 0.041667
0 0.857031 0.476389 0.03125 0.075
0 0.186328 0.629861 0.372656 0.409722
0 0.725781 0.429167 0.035937 0.063889
0 0.690234 0.458333 0.089844 0.122222
0 0.863672 0.396528 0.016406 0.048611
0 0.618359 0.325 0.016406 0.030556
0 0.433203 0.327778 0.039844 0.044444
0 0.683984 0.320833 0.044531 0.069444
0 0.745703 0.269444 0.049219 0.038889
