0 0.037891 0.901389 0.075781 0.075
0 0.110937 0.841667 0.051562 0.058333
0 0.447656 0.891667 0.089063 0.163889
0 0.213281 0.851389 0.285938 0.180556
0 0.094531 0.678472 0.01875 0.034722
0 0.116016 0.666667 0.017969 0.069444
0 0.052344 0.576389 0.0125 0.058333
0 0.182031 0.571528 0.053125 0.081944
0 0.746484 0.571528 0.060156 0.115278
0 0.495703 0.517361 0.047656 0.048611
0 0.133984 0.491667 0.077344 0.111111
0 0.155469 0.429167 0.020313 0.027778
0 0.205469 0.361806 0.032813 0.056944
0 0.65625 0.369444 0.257812 0.238889
0 0.133203 0.343056 0.266406 0.186111
