0 0.130078 0.931944 0.150781 0.136111
0 0.080078 0.854861 0.039844 0.029167
0 0.984375 0.825 0.03125 0.030556
0 0.794531 0.779861 0.035937 0.029167
0 0.559766 0.772222 0.049219 0.036111
0 0.803516 0.848611 0.392969 0.247222
0 0.594531 0.745833 0.014063 0.047222
0 0.982812 0.745139 0.034375 0.048611
0 0.875 0.720139 0.03125 0.0375
0 0.503516 0.732639 0.078906 0.0625
0 0.272656 0.658333 0.028125 0.05
0 0.320703 0.6625 0.044531 0.072222
0 0.220703 0.613889 0.055469 0.038889
0 0.685937 0.586111 0.01875 0.022222
0 0.725781 0.521528 0.0625 0.093056
0 0.808203 0.521528 0.074219 0.1375
0 0.439844 0.389583 0.359375 0.279167
0 0.342578 0.278472 0.038281 0.056944
