0 0.041406 0.922917 0.057813 0.045833
0 0.134375 0.849306 0.082812 0.070833
0 0.98125 0.808333 0.0375 0.038889
0 0.2125 0.794444 0.057813 0.047222
0 0.16875 0.761806 0.234375 0.131944
0 0.062109 0.702083 0.063281 0.0375
0 0.766406 0.6875 0.028125 0.033333
0 0.206641 0.682639 0.019531 0.023611
0 0.300781 0.694444 0.021875 0.075
0 0.235937 0.6375 0.025 0.019444
0 0.328906 0.669444 0.040625 0.086111
0 0.710156 0.665278 0.025 0.094444
0 0.316016 0.58125 0.036719 0.048611
0 0.80625 0.538889 0.059375 0.105556
0 0.049609 0.490278 0.028906 0.036111
0 0.854688 0.451389 0.035937 0.041667
0 0.539844 0.441667 0.026562 0.041667
0 0.535156 0.482639 0.232813 0.170833
0 0.869922 0.397917 0.014844 0.054167
0 0.888672 0.56875 0.222656 0.440278
0 0.905078 0.350694 0.044531 0.076389
0 0.321484 0.315972 0.024219 0.034722
0 0.836719 0.327778 0.082812 0.155556
0 0.625391 0.371528 0.144531 0.243056
0 0.282813 0.296528 0.045312 0.093056
