0 0.044922 0.875 0.089844 0.105556
0 0.113672 0.747917 0.116406 0.084722
0 0.969141 0.697222 0.019531 0.036111
0 0.911328 0.682639 0.082031 0.123611
0 0.632422 0.591667 0.039844 0.038889
0 0.830469 0.588194 0.06875 0.073611
0 0.06875 0.557639 0.03125 0.045833
0 0.79375 0.522222 0.0375 0.055556
0 0.303125 0.554167 0.104688 0.127778
0 0.232031 0.472222 0.057813 0.041667
0 0.746484 0.463194 0.039844 0.054167
0 0.691406 0.472222 0.05625 0.105556
0 0.096875 0.429861 0.04375 0.054167
0 0.803125 0.44375 0.157812 0.093056
0 0.749219 0.319444 0.08125 0.091667
0 0.816406 0.285417 0.045312 0.0625
0 0.857812 0.290278 0.08125 0.080556
