0 0.065234 0.951389 0.035156 0.027778
0 0.025391 0.828472 0.033594 0.018056
0 0.236719 0.754861 0.04375 0.051389
0 0.158594 0.739583 0.05625 0.084722
0 0.945312 0.702778 0.023438 0.025
0 0.946094 0.652083 0.032813 0.048611
0 0.829297 0.626389 0.063281 0.058333
0 0.746875 0.622222 0.03125 0.061111
0 0.278516 0.565972 0.022656 0.0375
0 0.335156 0.624306 0.135937 0.165278
0 0.196484 0.568056 0.117969 0.122222
0 0.592969 0.573611 0.115625 0.180556
0 0.719922 0.486806 0.032031 0.040278
0 0.039062 0.496528 0.046875 0.070833
0 0.854688 0.484028 0.01875 0.073611
0 0.717969 0.414583 0.042188 0.131944
0 0.696094 0.332639 0.020313 0.026389
0 0.746875 0.355556 0.039062 0.083333
0 0.746875 0.286806 0.025 0.0375
0 0.9 0.274306 0.04375 0.048611
0 0.528516 0.359028 0.341406 0.218056
0 0.251172 0.295139 0.089844 0.090278
