0 0.246094 0.844444 0.107813 0.108333
0 0.214453 0.809028 0.044531 0.040278
0 0.078516 0.796528 0.064844 0.031944
0 0.630469 0.695833 0.017188 0.063889
0 0.660547 0.679167 0.039844 0.072222
0 0.628906 0.640278 0.01875 0.041667
0 0.164453 0.684722 0.036719 0.222222
0 0.270313 0.593056 0.015625 0.066667
0 0.65625 0.56875 0.023438 0.048611
0 0.735547 0.486111 0.025781 0.030556
0 0.623047 0.489583 0.032031 0.0625
0 0.200781 0.474306 0.029687 0.040278
0 0.301953 0.465972 0.038281 0.051389
0 0.266016 0.421528 0.030469 0.029167
0 0.135156 0.414583 0.035937 0.040278
0 0.705859 0.413889 0.033594 0.069444
0 0.592187 0.38125 0.017188 0.045833
0 0.869531 0.333333 0.017188 0.038889
0 0.733984 0.53125 0.202344 0.4375
0 0.733984 0.277083 0.016406 0.043056
0 0.961719 0.279861 0.076563 0.059722
0 0.843359 0.273611 0.052344 0.047222
0 0.451172 0.443056 0.255469 0.386111
0 0.153516 0.321528 0.307031 0.143056
