0 0.078906 0.973611 0.057813 0.052778
0 0.157422 0.857639 0.139844 0.209722
0 0.246875 0.710417 0.017188 0.045833
0 0.663281 0.627083 0.042188 0.023611
0 0.307422 0.588194 0.064844 0.123611
0 0.977734 0.565972 0.044531 0.120833
0 0.898047 0.521528 0.035156 0.048611
0 0.539453 0.561806 0.157031 0.145833
0 0.353516 0.491667 0.022656 0.038889
0 0.446094 0.482639 0.028125 0.029167
0 0.895312 0.465972 0.05625 0.043056
0 0.463672 0.434722 0.010156 0.041667
0 0.108594 0.4875 0.117188 0.161111
0 0.4875 0.391667 0.026562 0.105556
0 0.878906 0.357639 0.017188 0.043056
0 0.676953 0.330556 0.017969 0.044444
0 0.700391 0.298611 0.046094 0.077778
0 0.890625 0.306944 0.196875 0.113889
0 0.751563 0.290278 0.042188 0.080556
