0 0.15 0.960417 0.0625 0.056944
0 0.110156 0.899306 0.028125 0.0375
0 0.145313 0.863194 0.020313 0.040278
0 0.035547 0.899306 0.055469 0.118056
0 0.107813 0.856944 0.034375 0.038889
0 0.096875 0.808333 0.04375 0.022222
0 0.201563 0.797222 0.048438 0.1
0 0.941016 0.767361 0.117969 0.0625
0 0.312109 0.726389 0.017969 0.033333
0 0.292578 0.809028 0.221094 0.256944
0 0.728516 0.520139 0.117969 0.159722
0 0.089453 0.427778 0.021094 0.055556
0 0.822266 0.369444 0.035156 0.091667
0 0.792969 0.346528 0.015625 0.056944
0 0.360156 0.347222 0.025 0.091667
0 0.992969 0.305556 0.014063 0.055556
0 0.909766 0.329861 0.121094 0.159722
