0 0.788672 0.908333 0.111719 0.113889
0 0.642188 0.797222 0.028125 0.036111
0 0.882422 0.881944 0.235156 0.236111
0 0.425 0.656944 0.096875 0.061111
0 0.567578 0.654167 0.113281 0.102778
0 0.866797 0.615278 0.014844 0.047222
0 0.412891 0.584722 0.078906 0.052778
0 0.639453 0.490972 0.017969 0.051389
0 0.304688 0.525694 0.110937 0.204167
0 0.722656 0.338889 0.021875 0.033333
0 0.171094 0.3375 0.05 0.069444
0 0.773828 0.395833 0.057031 0.191667
0 0.102734 0.26875 0.019531 0.034722
0 0.905078 0.375694 0.189844 0.251389
0 0.801172 0.275 0.038281 0.05
0 0.734766 0.284722 0.049219 0.069444
0 0.296875 0.302083 0.096875 0.104167
