0 0.082812 0.938889 0.075 0.094444
0 0.138281 0.888194 0.071875 0.095833
0 0.167578 0.779861 0.027344 0.0375
0 0.904687 0.640972 0.15625 0.104167
0 0.665234 0.5375 0.028906 0.030556
0 0.247656 0.519444 0.070312 0.080556
0 0.308984 0.513194 0.053906 0.079167
0 0.737891 0.611111 0.524219 0.358333
0 0.183594 0.475694 0.04375 0.115278
0 0.701953 0.413194 0.027344 0.029167
0 0.093359 0.452083 0.107031 0.165278
0 0.032031 0.4125 0.064062 0.094444
0 0.191016 0.384028 0.022656 0.040278
0 0.297656 0.3875 0.010937 0.058333
0 0.394922 0.423611 0.163281 0.272222
0 0.40625 0.308333 0.01875 0.044444
0 0.971875 0.354861 0.05625 0.209722
0 0.919141 0.299306 0.027344 0.098611
0 0.776953 0.324306 0.164844 0.148611
0 0.558203 0.383333 0.260156 0.266667
0 0.242969 0.320139 0.129688 0.140278
0 0.108594 0.295139 0.10625 0.090278
