0 0.810547 0.963194 0.044531 0.040278
0 0.053516 0.951389 0.107031 0.097222
0 0.98125 0.8875 0.0375 0.058333
0 0.982422 0.8125 0.035156 0.027778
0 0.726172 0.708333 0.066406 0.061111
0 0.825781 0.794444 0.104688 0.275
0 0.702734 0.639583 0.032031 0.031944
0 0.834375 0.639583 0.025 0.034722
0 0.199219 0.784722 0.398438 0.325
0 0.019141 0.622917 0.038281 0.054167
0 0.079687 0.652778 0.110937 0.116667
0 0.185547 0.609722 0.155469 0.097222
0 0.838672 0.546528 0.027344 0.0375
0 0.518359 0.545139 0.061719 0.093056
0 0.45625 0.488194 0.023438 0.031944
0 0.876953 0.481944 0.016406 0.036111
0 0.105859 0.463889 0.050781 0.1
0 0.977344 0.370833 0.03125 0.033333
0 0.101953 0.376389 0.032031 0.044444
0 0.019141 0.370139 0.038281 0.043056
0 0.396484 0.379861 0.033594 0.073611
0 0.062109 0.350694 0.025781 0.068056
0 0.351562 0.331944 0.01875 0.069444
0 0.3125 0.363889 0.06875 0.163889
0 0.886328 0.307639 0.025781 0.068056
0 0.812891 0.464583 0.289844 0.429167
0 0.543359 0.359722 0.150781 0.219444
0 0.160156 0.304861 0.028125 0.109722
