0 0.194922 0.9875 0.039844 0.025
0 0.162109 0.909722 0.208594 0.180556
0 0.604297 0.830556 0.030469 0.025
0 0.025781 0.907639 0.051562 0.184722
0 0.230078 0.780556 0.046094 0.025
0 0.185547 0.71875 0.030469 0.048611
0 0.222656 0.705556 0.028125 0.030556
0 0.265625 0.6875 0.059375 0.086111
0 0.303125 0.640972 0.084375 0.073611
0 0.410156 0.572222 0.026562 0.019444
0 0.263672 0.584722 0.021094 0.052778
0 0.367969 0.561111 0.035937 0.055556
0 0.538672 0.422222 0.497656 0.177778
0 0.9 0.3875 0.2 0.122222
