0 0.988672 0.988889 0.022656 0.022222
0 0.985938 0.916667 0.028125 0.036111
0 0.887109 0.847917 0.016406 0.031944
0 0.886328 0.660417 0.019531 0.029167
0 0.719922 0.646528 0.022656 0.034722
0 0.685156 0.639583 0.01875 0.040278
0 0.878906 0.610417 0.039062 0.043056
0 0.728516 0.59375 0.033594 0.043056
0 0.69375 0.509028 0.025 0.026389
0 0.7625 0.517361 0.042188 0.093056
0 0.862891 0.514583 0.017969 0.115278
0 0.848047 0.445139 0.022656 0.026389
0 0.733203 0.425 0.032031 0.025
0 0.15625 0.357639 0.3125 0.215278
