0 0.012891 0.931944 0.025781 0.033333
0 0.055469 0.929861 0.028125 0.034722
0 0.132422 0.909028 0.058594 0.118056
0 0.970313 0.8625 0.059375 0.041667
0 0.216797 0.898611 0.132031 0.202778
0 0.319141 0.847917 0.116406 0.193056
0 0.321484 0.720139 0.046094 0.051389
0 0.732031 0.577778 0.128125 0.161111
0 0.817187 0.41875 0.014063 0.0625
0 0.796484 0.407639 0.019531 0.0875
0 0.019922 0.436111 0.039844 0.144444
0 0.908203 0.381944 0.114844 0.180556
0 0.778906 0.270139 0.01875 0.0375
0 0.96875 0.322222 0.0625 0.144444
0 0.8875 0.267361 0.073438 0.034722
