0 0.71875 0.895833 0.053125 0.047222
0 0.073047 0.917361 0.066406 0.165278
0 0.099609 0.818056 0.038281 0.047222
0 0.630078 0.709722 0.100781 0.072222
0 0.544922 0.626389 0.067969 0.055556
0 0.165234 0.667361 0.077344 0.206944
0 0.496094 0.586111 0.032813 0.047222
0 0.532422 0.554861 0.025781 0.040278
0 0.613281 0.522222 0.0375 0.038889
0 0.040234 0.434722 0.072656 0.047222
0 0.647656 0.434722 0.026562 0.061111
0 0.376563 0.415972 0.025 0.056944
0 0.395313 0.370833 0.015625 0.05
0 0.825781 0.475 0.154688 0.266667
0 0.503125 0.421528 0.151562 0.173611
0 0.594531 0.3375 0.035937 0.016667
0 0.410547 0.375 0.016406 0.108333
0 0.827734 0.31875 0.017969 0.045833
0 0.958203 0.470139 0.083594 0.440278
0 0.404687 0.270139 0.023438 0.040278
