0 0.795703 0.865278 0.019531 0.027778
0 0.766797 0.796528 0.044531 0.040278
0 0.722656 0.761806 0.023438 0.043056
0 0.496484 0.680556 0.091406 0.097222
0 0.972266 0.526389 0.055469 0.125
0 0.320312 0.5125 0.415625 0.175
0 0.591797 0.456944 0.024219 0.091667
0 0.54375 0.438194 0.064062 0.093056
0 0.795703 0.431944 0.017969 0.108333
0 0.734766 0.3875 0.050781 0.038889
0 0.181641 0.360417 0.042969 0.031944
0 0.916406 0.361111 0.0125 0.058333
0 0.527734 0.345833 0.019531 0.036111
0 0.898828 0.382639 0.044531 0.143056
0 0.700781 0.325694 0.020313 0.043056
0 0.103125 0.329167 0.067187 0.097222
0 0.747656 0.294444 0.045312 0.086111
0 0.934766 0.258333 0.032031 0.016667
0 0.839453 0.304861 0.038281 0.109722
0 0.295312 0.344444 0.032813 0.188889
