0 0.58125 0.977778 0.020313 0.044444
0 0.316406 0.974306 0.0375 0.051389
0 0.847266 0.94375 0.032031 0.034722
0 0.386719 0.947917 0.085938 0.104167
0 0.804688 0.881944 0.021875 0.036111
0 0.610547 0.818056 0.024219 0.025
0 0.577344 0.80625 0.025 0.029167
0 0.923438 0.663889 0.01875 0.030556
0 0.028906 0.626389 0.057813 0.036111
0 0.115234 0.628472 0.230469 0.140278
0 0.726953 0.504861 0.047656 0.073611
0 0.983594 0.48125 0.032813 0.043056
0 0.810937 0.435417 0.085938 0.095833
0 0.812891 0.385417 0.027344 0.043056
0 0.870703 0.465278 0.111719 0.233333
0 0.612109 0.377083 0.083594 0.104167
0 0.93125 0.293056 0.021875 0.030556
0 0.25 0.271528 0.01875 0.043056
