0 0.193359 0.9625 0.047656 0.052778
0 0.010156 0.968056 0.020313 0.063889
0 0.115234 0.941667 0.041406 0.038889
0 0.464453 0.875 0.047656 0.05
0 0.022656 0.878472 0.045312 0.098611
0 0.142578 0.727083 0.285156 0.2125
0 0.339453 0.558333 0.027344 0.052778
0 0.390234 0.55 0.071094 0.055556
0 0.378516 0.459722 0.074219 0.086111
0 0.336719 0.394444 0.035937 0.047222
0 0.040234 0.36875 0.069531 0.070833
0 0.197656 0.3375 0.021875 0.027778
0 0.104297 0.335417 0.025781 0.043056
0 0.140234 0.329167 0.038281 0.05
0 0.517969 0.35 0.3125 0.2
