0 0.016406 0.984028 0.032813 0.031944
0 0.982422 0.8 0.035156 0.055556
0 0.673438 0.747222 0.046875 0.027778
0 0.608984 0.657639 0.102344 0.048611
0 0.340234 0.634722 0.017969 0.030556
0 0.228516 0.620833 0.039844 0.033333
0 0.444922 0.620833 0.164844 0.066667
0 0.74375 0.548611 0.034375 0.027778
0 0.809766 0.541667 0.032031 0.027778
0 0.676172 0.575694 0.067969 0.118056
0 0.144531 0.540278 0.015625 0.066667
0 0.989062 0.477083 0.021875 0.059722
0 0.346484 0.341667 0.014844 0.044444
0 0.378125 0.267361 0.020313 0.034722
0 0.344922 0.274306 0.021094 0.048611
