0 0.989453 0.913194 0.021094 0.051389
0 0.753125 0.902778 0.015625 0.041667
0 0.977344 0.834028 0.025 0.031944
0 0.939063 0.838194 0.040625 0.045833
0 0.796875 0.805556 0.029687 0.058333
0 0.462891 0.798611 0.039844 0.063889
0 0.556641 0.777778 0.097656 0.236111
0 0.690625 0.807639 0.18125 0.301389
0 0.173828 0.504861 0.036719 0.031944
0 0.183203 0.432639 0.083594 0.0875
0 0.275391 0.375694 0.014844 0.043056
0 0.117578 0.376389 0.033594 0.063889
0 0.167187 0.368056 0.046875 0.055556
0 0.245312 0.381944 0.025 0.097222
0 0.187109 0.311806 0.021094 0.054167
0 0.655469 0.305556 0.084375 0.111111
0 0.347266 0.340972 0.378906 0.181944
0 0.075781 0.480556 0.151562 0.461111
