0 0.364063 0.98125 0.046875 0.0375
0 0.569141 0.929167 0.103906 0.041667
0 0.685547 0.921528 0.050781 0.0375
0 0.807031 0.902778 0.096875 0.077778
0 0.070703 0.831944 0.022656 0.027778
0 0.816797 0.821528 0.024219 0.026389
0 0.092969 0.747917 0.107813 0.068056
0 0.398828 0.744444 0.116406 0.075
0 0.475 0.7 0.03125 0.019444
0 0.215234 0.704167 0.033594 0.027778
0 0.028125 0.68125 0.05625 0.0625
0 0.125781 0.645139 0.032813 0.020833
0 0.454688 0.639583 0.034375 0.040278
0 0.398047 0.628472 0.044531 0.059722
0 0.071875 0.595833 0.025 0.036111
0 0.558203 0.585417 0.028906 0.029167
0 0.460547 0.569444 0.066406 0.061111
0 0.508203 0.536806 0.022656 0.051389
0 0.422266 0.511111 0.030469 0.047222
0 0.142969 0.571528 0.0875 0.193056
0 0.019141 0.430556 0.038281 0.083333
0 0.077734 0.322917 0.097656 0.145833
