0 0.585156 0.967361 0.035937 0.026389
0 0.240625 0.946528 0.028125 0.029167
0 0.033594 0.886111 0.054688 0.044444
0 0.934375 0.863194 0.078125 0.0375
0 0.550391 0.840972 0.071094 0.045833
0 0.679297 0.875 0.172656 0.161111
0 0.941016 0.803472 0.025781 0.034722
0 0.024609 0.780556 0.028906 0.025
0 0.867188 0.777083 0.03125 0.023611
0 0.176172 0.763889 0.122656 0.138889
0 0.583594 0.691667 0.0875 0.080556
0 0.338672 0.650694 0.064844 0.126389
0 0.5125 0.592361 0.01875 0.054167
0 0.182422 0.575694 0.053906 0.0375
0 0.870313 0.542361 0.03125 0.031944
0 0.300781 0.519444 0.067187 0.111111
0 0.832031 0.595833 0.335938 0.308333
0 0.166406 0.440278 0.023438 0.030556
0 0.330078 0.436111 0.028906 0.027778
0 0.991406 0.363194 0.017188 0.045833
0 0.340625 0.355556 0.01875 0.041667
0 0.270703 0.442361 0.108594 0.268056
0 0.166797 0.322917 0.061719 0.090278
0 0.205859 0.320833 0.099219 0.141667
