0 0.060937 0.972917 0.121875 0.054167
0 0.182812 0.911806 0.025 0.031944
0 0.647656 0.903472 0.035937 0.051389
0 0.117578 0.913889 0.075781 0.094444
0 0.040234 0.914583 0.067969 0.095833
0 0.099219 0.879861 0.025 0.045833
0 0.158203 0.853472 0.021094 0.040278
0 0.601172 0.847917 0.042969 0.031944
0 0.085547 0.845833 0.022656 0.038889
0 0.127734 0.758333 0.022656 0.047222
0 0.201172 0.693056 0.022656 0.027778
0 0.269141 0.709722 0.196094 0.152778
0 0.385547 0.554861 0.044531 0.054167
0 0.759375 0.476389 0.03125 0.025
0 0.304688 0.49375 0.01875 0.0875
0 0.299219 0.391667 0.029687 0.036111
0 0.222656 0.398611 0.121875 0.05
0 0.921875 0.364583 0.014063 0.098611
0 0.333594 0.358333 0.040625 0.136111
0 0.985156 0.340278 0.029687 0.130556
