0 0.975781 0.970139 0.048438 0.059722
0 0.908984 0.968056 0.069531 0.063889
0 0.53125 0.941667 0.040625 0.030556
0 0.79375 0.938889 0.159375 0.122222
0 0.221094 0.861806 0.03125 0.015278
0 0.501953 0.863194 0.036719 0.045833
0 0.078125 0.919444 0.15625 0.161111
0 0.928125 0.875 0.121875 0.116667
0 0.037109 0.824306 0.074219 0.065278
0 0.861328 0.791667 0.053906 0.05
0 0.808984 0.795139 0.038281 0.120833
0 0.180469 0.7 0.025 0.033333
0 0.213672 0.746528 0.222656 0.1375
0 0.152734 0.675 0.016406 0.038889
0 0.104297 0.663194 0.022656 0.070833
0 0.617969 0.790972 0.245312 0.331944
0 0.080078 0.5875 0.024219 0.022222
0 0.203516 0.590278 0.032031 0.033333
0 0.158203 0.590972 0.028906 0.040278
0 0.533984 0.541667 0.041406 0.05
0 0.016797 0.502083 0.033594 0.059722
0 0.772656 0.279861 0.026562 0.040278
0 0.729688 0.268056 0.0375 0.036111
