0 0.502344 0.977778 0.101562 0.044444
0 0.071875 0.85625 0.04375 0.034722
0 0.111719 0.808333 0.023438 0.041667
0 0.138672 0.725 0.021094 0.036111
0 0.956641 0.459028 0.086719 0.048611
0 0.887109 0.486806 0.225781 0.145833
0 0.979688 0.414583 0.040625 0.059722
0 0.214062 0.5 0.1125 0.277778
0 0.814453 0.383333 0.116406 0.083333
0 0.199219 0.319444 0.015625 0.061111
0 0.975 0.306944 0.05 0.113889
0 0.657813 0.274306 0.020313 0.048611
0 0.530078 0.272222 0.033594 0.044444
0 0.420312 0.273611 0.040625 0.047222
0 0.203125 0.263194 0.017188 0.026389
0 0.072266 0.371528 0.144531 0.243056
