0 0.314844 0.897917 0.1 0.204167
0 0.130469 0.659028 0.110937 0.045833
0 0.210547 0.621528 0.024219 0.023611
0 0.270313 0.607639 0.084375 0.090278
0 0.812109 0.56875 0.028906 0.040278
0 0.063281 0.527083 0.017188 0.095833
0 0.339844 0.521528 0.05625 0.098611
0 0.446094 0.497222 0.084375 0.080556
0 0.310156 0.418056 0.014063 0.066667
0 0.656641 0.338194 0.021094 0.048611
0 0.615234 0.3125 0.022656 0.05
0 0.262891 0.294444 0.017969 0.027778
0 0.946094 0.380556 0.107813 0.261111
0 0.872266 0.375694 0.146094 0.251389
0 0.634766 0.280556 0.032031 0.061111
