0 0.591406 0.974306 0.032813 0.051389
0 0.991797 0.972222 0.016406 0.055556
0 0.670312 0.971528 0.048438 0.056944
0 0.319531 0.940972 0.042188 0.031944
0 0.189844 0.686111 0.048438 0.027778
0 0.948828 0.697222 0.025781 0.063889
0 0.867188 0.680556 0.028125 0.033333
0 0.983984 0.68125 0.032031 0.040278
0 0.142969 0.824306 0.285938 0.351389
0 0.339453 0.575 0.046094 0.075
0 0.407422 0.555556 0.080469 0.066667
0 0.148828 0.467361 0.035156 0.081944
0 0.394922 0.457639 0.082031 0.090278
0 0.498437 0.422222 0.035937 0.041667
0 0.343359 0.394444 0.046094 0.047222
0 0.178125 0.409722 0.089063 0.147222
0 0.558594 0.345833 0.371875 0.191667
