0 0.696094 0.951389 0.026562 0.061111
0 0.788672 0.946528 0.042969 0.0625
0 0.251172 0.9125 0.094531 0.175
0 0.883984 0.84375 0.094531 0.045833
0 0.354297 0.850694 0.052344 0.095833
0 0.101562 0.901389 0.203125 0.197222
0 0.071875 0.759722 0.025 0.025
0 0.191406 0.750694 0.046875 0.045833
0 0.957422 0.740278 0.044531 0.030556
0 0.798438 0.728472 0.053125 0.026389
0 0.866406 0.718056 0.025 0.030556
0 0.071094 0.7125 0.042188 0.047222
0 0.848437 0.654861 0.070312 0.059722
0 0.713281 0.634722 0.021875 0.047222
0 0.391016 0.702083 0.360156 0.226389
0 0.549609 0.621528 0.130469 0.104167
0 0.160547 0.634028 0.086719 0.181944
0 0.455469 0.56875 0.073438 0.0875
0 0.664062 0.545139 0.015625 0.054167
0 0.838281 0.541667 0.042188 0.119444
0 0.157422 0.500694 0.011719 0.040278
0 0.572656 0.453472 0.021875 0.031944
0 0.265234 0.507639 0.075781 0.140278
0 0.569531 0.406944 0.067187 0.044444
0 0.639062 0.409028 0.0375 0.059722
0 0.939844 0.518056 0.120313 0.291667
0 0.418359 0.407639 0.038281 0.076389
0 0.367969 0.4125 0.032813 0.086111
0 0.129688 0.361111 0.026562 0.066667
0 0.19375 0.334722 0.025 0.041667
0 0.223047 0.30625 0.028906 0.029167
0 0.892969 0.304167 0.021875 0.047222
0 0.964063 0.321528 0.071875 0.098611
0 0.138672 0.26875 0.035156 0.026389
0 0.729297 0.4625 0.166406 0.422222
0 0.311328 0.389583 0.080469 0.276389
0 0.974609 0.263194 0.032031 0.026389
0 0.816406 0.265972 0.048438 0.031944
0 0.496094 0.316667 0.175 0.133333
0 0.358203 0.302778 0.022656 0.105556
0 0.049219 0.301389 0.098437 0.102778
