0 0.022656 0.953472 0.045312 0.026389
0 0.244922 0.927778 0.038281 0.066667
0 0.969922 0.918056 0.060156 0.077778
0 0.289062 0.871528 0.03125 0.0375
0 0.397656 0.865278 0.029687 0.041667
0 0.921094 0.857639 0.03125 0.040278
0 0.148047 0.834722 0.017969 0.036111
0 0.009375 0.819444 0.01875 0.055556
0 0.19375 0.792361 0.05 0.043056
0 0.009375 0.754861 0.01875 0.026389
0 0.339844 0.865972 0.20625 0.268056
0 0.315234 0.664583 0.025781 0.018056
0 0.196094 0.711806 0.167187 0.151389
0 0.274219 0.64375 0.026562 0.031944
0 0.416016 0.654167 0.086719 0.061111
0 0.328906 0.627778 0.06875 0.044444
0 0.019531 0.603472 0.039062 0.048611
0 0.508594 0.579167 0.01875 0.030556
0 0.188672 0.603472 0.127344 0.101389
0 0.308984 0.577778 0.091406 0.072222
0 0.295312 0.516667 0.026562 0.022222
0 0.022656 0.530556 0.045312 0.055556
0 0.307031 0.477778 0.064062 0.030556
0 0.187891 0.498611 0.152344 0.102778
0 0.162891 0.463889 0.024219 0.041667
0 0.133594 0.463889 0.0125 0.047222
0 0.109375 0.461806 0.021875 0.051389
0 0.2 0.414583 0.079687 0.048611
0 0.280469 0.413194 0.051562 0.068056
0 0.100391 0.3875 0.025781 0.027778
0 0.342578 0.379167 0.022656 0.027778
0 0.231641 0.372917 0.064844 0.048611
0 0.302344 0.360417 0.039062 0.034722
0 0.125391 0.343056 0.024219 0.033333
0 0.645312 0.274306 0.046875 0.048611
0 0.458594 0.259028 0.045312 0.018056
0 0.323047 0.288194 0.197656 0.076389
