0 0.941406 0.945139 0.054688 0.043056
0 0.1875 0.930556 0.0875 0.116667
0 0.963672 0.873611 0.033594 0.033333
0 0.705078 0.854861 0.036719 0.0375
0 0.819141 0.852083 0.060156 0.051389
0 0.886328 0.810417 0.028906 0.040278
0 0.136719 0.854167 0.273438 0.291667
0 0.025391 0.701389 0.030469 0.047222
0 0.255469 0.683333 0.025 0.038889
0 0.117188 0.584028 0.034375 0.048611
0 0.049219 0.586806 0.070312 0.1125
0 0.151562 0.545833 0.028125 0.055556
0 0.571094 0.513194 0.057813 0.054167
0 0.100391 0.397917 0.200781 0.270833
0 0.173437 0.303472 0.048438 0.106944
