0 0.088281 0.945833 0.096875 0.108333
0 0.094531 0.854167 0.034375 0.033333
0 0.201953 0.813889 0.033594 0.055556
0 0.178906 0.779167 0.121875 0.105556
0 0.270703 0.671528 0.119531 0.084722
0 0.223047 0.584722 0.024219 0.030556
0 0.356641 0.552778 0.047656 0.066667
0 0.691406 0.50625 0.051562 0.029167
0 0.232422 0.4125 0.038281 0.022222
0 0.023828 0.390972 0.025781 0.068056
0 0.802734 0.373611 0.047656 0.108333
0 0.389844 0.375694 0.146875 0.115278
0 0.2875 0.374306 0.04375 0.115278
0 0.926562 0.366667 0.146875 0.105556
0 0.623437 0.406944 0.3125 0.188889
