0 0.791406 0.986111 0.020313 0.027778
0 0.760156 0.969444 0.060937 0.061111
0 0.467187 0.702083 0.021875 0.043056
0 0.321484 0.625 0.028906 0.036111
0 0.386328 0.628472 0.078906 0.081944
0 0.291016 0.578472 0.022656 0.034722
0 0.016406 0.561806 0.032813 0.101389
0 0.147266 0.584028 0.049219 0.159722
0 0.341797 0.519444 0.021094 0.163889
0 0.066406 0.551389 0.1125 0.238889
0 0.174219 0.399306 0.01875 0.059722
0 0.231641 0.504861 0.080469 0.301389
0 0.167578 0.31875 0.036719 0.0875
0 0.079297 0.350694 0.116406 0.156944
