0 0.095703 0.93125 0.030469 0.034722
0 0.021094 0.943056 0.042188 0.058333
0 0.100391 0.865972 0.024219 0.034722
0 0.086328 0.740972 0.046094 0.065278
0 0.133594 0.707639 0.0875 0.1375
0 0.221875 0.808333 0.248438 0.383333
0 0.506641 0.550694 0.036719 0.023611
0 0.445703 0.532639 0.041406 0.034722
0 0.809766 0.629167 0.380469 0.238889
0 0.609375 0.520833 0.08125 0.072222
0 0.898438 0.474306 0.139063 0.059722
0 0.8125 0.470833 0.025 0.052778
0 0.366016 0.381944 0.022656 0.058333
0 0.564453 0.363194 0.108594 0.095833
0 0.273828 0.316667 0.063281 0.072222
0 0.912109 0.322222 0.175781 0.144444
0 0.79375 0.268056 0.034375 0.036111
0 0.697266 0.347917 0.141406 0.195833
0 0.580469 0.272917 0.0875 0.045833
0 0.427734 0.302778 0.180469 0.105556
