0 0.880078 0.975 0.027344 0.05
0 0.780078 0.970833 0.074219 0.058333
0 0.969141 0.947917 0.061719 0.0875
0 0.598828 0.894444 0.032031 0.027778
0 0.983203 0.884722 0.033594 0.022222
0 0.024219 0.875 0.048438 0.069444
0 0.951562 0.869444 0.040625 0.080556
0 0.491016 0.729861 0.019531 0.051389
0 0.940625 0.729167 0.0375 0.063889
0 0.980859 0.731944 0.038281 0.077778
0 0.359375 0.711806 0.060937 0.059722
0 0.207422 0.653472 0.024219 0.0375
0 0.238672 0.635417 0.032031 0.029167
0 0.358984 0.64375 0.046094 0.090278
0 0.848437 0.615278 0.04375 0.066667
0 0.202734 0.552083 0.028906 0.0375
0 0.239453 0.548611 0.022656 0.033333
0 0.268359 0.544444 0.016406 0.030556
0 0.329688 0.541667 0.048438 0.030556
0 0.139453 0.482639 0.013281 0.048611
0 0.434766 0.481944 0.033594 0.05
0 0.101172 0.44375 0.025781 0.031944
0 0.926562 0.327083 0.046875 0.129167
0 0.515625 0.354861 0.232813 0.209722
0 0.119141 0.317361 0.041406 0.134722
