0 0.208203 0.884028 0.028906 0.076389
0 0.017969 0.85 0.035937 0.091667
0 0.15 0.751389 0.029687 0.030556
0 0.054297 0.728472 0.058594 0.043056
0 0.212109 0.681944 0.063281 0.116667
0 0.305469 0.638194 0.026562 0.040278
0 0.65625 0.634722 0.145313 0.058333
0 0.055078 0.625694 0.110156 0.095833
0 0.126172 0.601389 0.033594 0.052778
0 0.432812 0.552778 0.026562 0.027778
0 0.555469 0.522917 0.032813 0.020833
0 0.209375 0.577778 0.115625 0.15
0 0.653906 0.53125 0.114062 0.084722
0 0.594531 0.466667 0.028125 0.027778
0 0.913672 0.441667 0.089844 0.041667
0 0.875391 0.345833 0.067969 0.038889
0 0.866406 0.2625 0.057813 0.025
0 0.069141 0.328472 0.138281 0.156944
