0 0.405469 0.988889 0.040625 0.022222
0 0.689844 0.985417 0.040625 0.029167
0 0.972266 0.982639 0.055469 0.034722
0 0.444141 0.975 0.028906 0.05
0 0.810156 0.966667 0.125 0.066667
0 0.671875 0.926389 0.092188 0.05
0 0.539453 0.931944 0.060156 0.061111
0 0.085938 0.872917 0.035937 0.0375
0 0.744531 0.861806 0.054688 0.034722
0 0.59375 0.85625 0.040625 0.068056
0 0.525391 0.835417 0.024219 0.051389
0 0.312109 0.649306 0.092969 0.0875
0 0.05625 0.45 0.078125 0.080556
0 0.353906 0.422222 0.017188 0.041667
0 0.008594 0.392361 0.017188 0.070833
0 0.142578 0.356944 0.024219 0.047222
0 0.012109 0.329167 0.024219 0.030556
0 0.190234 0.423611 0.175781 0.247222
0 0.455859 0.300694 0.030469 0.048611
0 0.038281 0.296528 0.017188 0.073611
0 0.325 0.344444 0.121875 0.175
0 0.244141 0.281944 0.061719 0.063889
