0 0.721094 0.863889 0.014063 0.038889
0 0.883984 0.834722 0.058594 0.063889
0 0.653516 0.754167 0.022656 0.047222
0 0.589844 0.738194 0.020313 0.054167
0 0.847266 0.715278 0.038281 0.030556
0 0.524219 0.678472 0.045312 0.023611
0 0.766406 0.68125 0.026562 0.0375
0 0.433203 0.669444 0.041406 0.030556
0 0.716797 0.661806 0.025781 0.040278
0 0.316797 0.610417 0.024219 0.026389
0 0.471484 0.595139 0.028906 0.026389
0 0.871875 0.43125 0.0875 0.068056
0 0.341016 0.508333 0.342969 0.227778
0 0.140234 0.39375 0.046094 0.0375
0 0.748437 0.388194 0.076563 0.120833
0 0.163281 0.332639 0.010937 0.048611
0 0.736719 0.292361 0.015625 0.0375
0 0.197656 0.297917 0.032813 0.095833
