0 0.792578 0.953472 0.061719 0.093056
0 0.90625 0.897917 0.040625 0.026389
0 0.855859 0.845833 0.028906 0.025
0 0.917188 0.874306 0.165625 0.251389
0 0.75625 0.710417 0.057813 0.040278
0 0.694531 0.658333 0.03125 0.047222
0 0.360156 0.651389 0.135937 0.102778
0 0.678516 0.749306 0.316406 0.301389
0 0.332031 0.56875 0.040625 0.048611
0 0.138672 0.483333 0.019531 0.036111
0 0.176172 0.440972 0.049219 0.073611
0 0.094531 0.443056 0.05625 0.105556
0 0.305469 0.403472 0.020313 0.043056
0 0.20625 0.361806 0.025 0.054167
