0 0.240625 0.985417 0.04375 0.029167
0 0.084766 0.923611 0.042969 0.058333
0 0.134375 0.884722 0.0375 0.080556
0 0.914062 0.804167 0.078125 0.061111
0 0.812891 0.747917 0.050781 0.043056
0 0.414453 0.739583 0.053906 0.093056
0 0.733594 0.70625 0.03125 0.031944
0 0.056641 0.788889 0.113281 0.197222
0 0.952344 0.711111 0.035937 0.044444
0 0.209766 0.748611 0.049219 0.127778
0 0.930859 0.704861 0.138281 0.159722
0 0.297266 0.719444 0.160156 0.205556
0 0.664062 0.652083 0.057813 0.076389
0 0.023828 0.626389 0.021094 0.025
0 0.602734 0.603472 0.063281 0.068056
0 0.45625 0.622917 0.095312 0.159722
0 0.658594 0.547917 0.023438 0.045833
0 0.536719 0.509722 0.040625 0.058333
0 0.370703 0.561806 0.103906 0.181944
0 0.671094 0.469444 0.020313 0.075
0 0.113672 0.447222 0.038281 0.047222
0 0.010156 0.428472 0.020313 0.0375
0 0.733594 0.440278 0.045312 0.102778
0 0.831641 0.522222 0.286719 0.413889
0 0.957422 0.341667 0.085156 0.175
0 0.936719 0.275 0.017188 0.041667
0 0.262109 0.398611 0.088281 0.297222
0 0.083203 0.265972 0.022656 0.031944
0 0.094922 0.340972 0.189844 0.181944
