0 0.582422 0.967361 0.041406 0.018056
0 0.503125 0.677778 0.01875 0.033333
0 0.008594 0.645139 0.017188 0.043056
0 0.526563 0.603472 0.029687 0.051389
0 0.316016 0.586806 0.021094 0.026389
0 0.261328 0.594444 0.014844 0.041667
0 0.338672 0.591667 0.013281 0.044444
0 0.099609 0.582639 0.032031 0.0375
0 0.896094 0.571528 0.023438 0.023611
0 0.035547 0.581944 0.063281 0.069444
0 0.162109 0.659722 0.272656 0.313889
0 0.030859 0.499306 0.036719 0.0375
0 0.061328 0.484722 0.122656 0.15
0 0.344531 0.466667 0.034375 0.125
0 0.300391 0.279861 0.041406 0.0375
0 0.99375 0.29375 0.0125 0.068056
0 0.503516 0.446528 0.271094 0.393056
0 0.183594 0.276389 0.11875 0.052778
0 0.088281 0.330556 0.176563 0.161111
