0 0.018359 0.985417 0.036719 0.029167
0 0.03125 0.90625 0.029687 0.031944
0 0.100391 0.919444 0.085156 0.066667
0 0.660156 0.871528 0.035937 0.056944
0 0.503516 0.899306 0.346094 0.126389
0 0.115234 0.819444 0.038281 0.063889
0 0.846094 0.889583 0.307812 0.220833
0 0.239453 0.809028 0.153906 0.134722
0 0.888281 0.824306 0.223438 0.220833
0 0.647656 0.739583 0.060937 0.056944
0 0.9625 0.694444 0.0375 0.033333
0 0.335547 0.661111 0.022656 0.030556
0 0.423047 0.653472 0.024219 0.090278
0 0.381641 0.622222 0.046094 0.063889
0 0.26875 0.605556 0.095312 0.044444
0 0.453906 0.495139 0.017188 0.034722
0 0.492578 0.484028 0.024219 0.054167
0 0.121094 0.446528 0.0125 0.059722
0 0.358203 0.499306 0.097656 0.184722
0 0.464844 0.291667 0.023438 0.030556
0 0.098047 0.286806 0.025781 0.0375
0 0.25625 0.367361 0.123438 0.218056
0 0.274219 0.277778 0.026562 0.05
0 0.048438 0.261806 0.021875 0.023611
