0 0.041016 0.706944 0.049219 0.080556
0 0.273828 0.665972 0.058594 0.034722
0 0.016016 0.658333 0.032031 0.025
0 0.979688 0.631944 0.040625 0.047222
0 0.7625 0.589583 0.04375 0.065278
0 0.097656 0.575 0.045312 0.055556
0 0.260156 0.572222 0.15 0.080556
0 0.797266 0.577778 0.013281 0.094444
0 0.017188 0.565278 0.034375 0.072222
0 0.140234 0.540972 0.014844 0.031944
0 0.391016 0.411111 0.022656 0.058333
0 0.659375 0.454167 0.140625 0.188889
0 0.851172 0.476389 0.082031 0.302778
0 0.303906 0.297917 0.034375 0.090278
0 0.964844 0.388194 0.040625 0.276389
0 0.700391 0.273611 0.049219 0.047222
0 0.378125 0.324306 0.096875 0.148611
