0 0.901953 0.972222 0.032031 0.055556
0 0.819922 0.954167 0.072656 0.091667
0 0.107813 0.9125 0.03125 0.036111
0 0.180078 0.909028 0.071094 0.104167
0 0.847656 0.879861 0.020313 0.048611
0 0.570312 0.867361 0.03125 0.034722
0 0.053906 0.847222 0.107813 0.091667
0 0.560156 0.815972 0.042188 0.040278
0 0.596094 0.798611 0.046875 0.066667
0 0.036719 0.784028 0.032813 0.043056
0 0.126953 0.734028 0.114844 0.156944
0 0.225 0.668056 0.053125 0.058333
0 0.247266 0.5875 0.035156 0.052778
0 0.206641 0.577083 0.021094 0.043056
0 0.332422 0.601389 0.138281 0.147222
0 0.528906 0.58125 0.110937 0.115278
0 0.347656 0.5 0.028125 0.025
0 0.5 0.485417 0.026562 0.040278
0 0.202734 0.39375 0.021094 0.051389
0 0.176563 0.381944 0.021875 0.058333
0 0.419531 0.366667 0.38125 0.233333
