0 0.189453 0.969444 0.014844 0.044444
0 0.019141 0.903472 0.038281 0.056944
0 0.282813 0.909028 0.040625 0.115278
0 0.228125 0.832639 0.025 0.048611
0 0.939453 0.822222 0.035156 0.044444
0 0.982812 0.806944 0.034375 0.052778
0 0.947656 0.75625 0.0375 0.059722
0 0.454297 0.729167 0.019531 0.030556
0 0.039453 0.740278 0.078906 0.1
0 0.89375 0.692361 0.020313 0.026389
0 0.7375 0.615278 0.03125 0.044444
0 0.951562 0.634028 0.03125 0.101389
0 0.633203 0.541667 0.038281 0.038889
0 0.607812 0.496528 0.04375 0.079167
0 0.570703 0.454861 0.027344 0.023611
0 0.523828 0.329861 0.028906 0.029167
0 0.723437 0.275 0.025 0.05
0 0.683203 0.297222 0.011719 0.094444
