0 0.483203 0.86875 0.041406 0.068056
0 0.521094 0.761111 0.054688 0.125
0 0.212109 0.615278 0.060156 0.061111
0 0.264062 0.592361 0.0375 0.045833
0 0.307031 0.569444 0.01875 0.038889
0 0.342969 0.542361 0.020313 0.054167
0 0.397266 0.523611 0.080469 0.05
0 0.558594 0.578472 0.078125 0.234722
0 0.337109 0.463889 0.013281 0.033333
0 0.828906 0.418056 0.020313 0.036111
0 0.615625 0.393056 0.025 0.038889
0 0.903125 0.263194 0.023438 0.026389
0 0.780078 0.264583 0.053906 0.029167
0 0.206641 0.263889 0.044531 0.027778
