0 0.935937 0.902778 0.029687 0.016667
0 0.051562 0.778472 0.029687 0.079167
0 0.887891 0.741667 0.022656 0.027778
0 0.011328 0.75 0.022656 0.077778
0 0.178906 0.720833 0.021875 0.044444
0 0.286719 0.698611 0.023438 0.041667
0 0.547266 0.531944 0.041406 0.036111
0 0.56875 0.481944 0.0375 0.069444
0 0.432031 0.459722 0.017188 0.058333
0 0.925781 0.430556 0.039062 0.047222
0 0.736719 0.505556 0.103125 0.2
0 0.176172 0.51875 0.352344 0.295833
0 0.524609 0.38125 0.035156 0.065278
0 0.071094 0.397222 0.039062 0.102778
0 0.434766 0.3375 0.022656 0.027778
0 0.025781 0.357639 0.040625 0.073611
0 0.469922 0.325694 0.035156 0.0375
0 0.871875 0.343056 0.0875 0.186111
0 0.730469 0.264583 0.015625 0.029167
0 0.645703 0.40625 0.182031 0.3125
0 0.54375 0.295833 0.115625 0.091667
0 0.221875 0.311111 0.2375 0.122222
