0 0.264062 0.975 0.065625 0.036111
0 0.746875 0.970139 0.0625 0.043056
0 0.449609 0.954167 0.063281 0.038889
0 0.885156 0.93125 0.04375 0.029167
0 0.585156 0.926389 0.039062 0.022222
0 0.646484 0.898611 0.050781 0.055556
0 0.600391 0.877083 0.032031 0.020833
0 0.023828 0.86875 0.047656 0.070833
0 0.751953 0.861806 0.075781 0.070833
0 0.068359 0.8375 0.044531 0.052778
0 0.561719 0.805556 0.040625 0.038889
0 0.405859 0.795139 0.046094 0.029167
0 0.80625 0.794444 0.13125 0.058333
0 0.701562 0.759722 0.034375 0.022222
0 0.910937 0.758333 0.05625 0.030556
0 0.748047 0.73125 0.032031 0.018056
0 0.383984 0.729167 0.044531 0.019444
0 0.057031 0.745139 0.114062 0.126389
0 0.535547 0.695139 0.027344 0.0375
0 0.780469 0.670139 0.032813 0.026389
0 0.717187 0.655556 0.04375 0.027778
0 0.208203 0.634722 0.041406 0.036111
0 0.325781 0.588889 0.040625 0.030556
0 0.357031 0.549306 0.051562 0.0625
0 0.959375 0.515278 0.048438 0.036111
0 0.708203 0.560417 0.110156 0.143056
0 0.724609 0.393056 0.022656 0.052778
0 0.253906 0.377083 0.028125 0.029167
0 0.752734 0.378472 0.016406 0.043056
0 0.771875 0.351389 0.023438 0.063889
0 0.811719 0.369444 0.035937 0.108333
0 0.242969 0.33125 0.026562 0.056944
0 0.192969 0.320139 0.020313 0.040278
0 0.804688 0.319444 0.01875 0.047222
0 0.126953 0.317361 0.025781 0.073611
0 0.103125 0.290278 0.0375 0.052778
0 0.908594 0.26875 0.06875 0.0375
0 0.162109 0.280556 0.036719 0.061111
