0 0.336328 0.960417 0.028906 0.034722
0 0.299609 0.934028 0.027344 0.020833
0 0.817969 0.91875 0.029687 0.020833
0 0.213672 0.871528 0.030469 0.031944
0 0.887891 0.876389 0.125781 0.047222
0 0.784375 0.854861 0.070312 0.048611
0 0.978125 0.781944 0.04375 0.022222
0 0.3 0.755556 0.040625 0.052778
0 0.131641 0.726389 0.035156 0.022222
0 0.240625 0.697917 0.1125 0.073611
0 0.434375 0.590278 0.11875 0.069444
0 0.228125 0.471528 0.065625 0.043056
0 0.401172 0.491667 0.035156 0.088889
0 0.288281 0.465972 0.042188 0.048611
0 0.352344 0.355556 0.045312 0.055556
0 0.280859 0.299306 0.028906 0.045833
0 0.107813 0.292361 0.021875 0.040278
