0 0.574219 0.969444 0.03125 0.038889
0 0.73125 0.966667 0.089063 0.066667
0 0.603906 0.956944 0.040625 0.052778
0 0.772266 0.929167 0.046094 0.044444
0 0.946094 0.927083 0.107813 0.076389
0 0.867188 0.913194 0.045312 0.054167
0 0.438672 0.902778 0.027344 0.041667
0 0.819922 0.842361 0.030469 0.045833
0 0.413281 0.833333 0.01875 0.041667
0 0.528906 0.810417 0.034375 0.045833
0 0.437891 0.7375 0.044531 0.027778
0 0.683203 0.709028 0.038281 0.0375
0 0.558984 0.629861 0.174219 0.123611
0 0.460156 0.595139 0.045312 0.0625
0 0.450391 0.541667 0.033594 0.033333
0 0.955078 0.535417 0.049219 0.115278
0 0.673438 0.496528 0.026562 0.056944
0 0.824609 0.555556 0.227344 0.180556
0 0.354297 0.442361 0.221094 0.198611
0 0.123438 0.305556 0.054688 0.080556
0 0.574219 0.303472 0.0375 0.104167
0 0.875781 0.276389 0.025 0.052778
0 0.805078 0.277778 0.007031 0.055556
0 0.764062 0.279861 0.009375 0.059722
0 0.677734 0.290972 0.124219 0.081944
0 0.518359 0.304167 0.022656 0.108333
0 0.428906 0.296528 0.132812 0.093056
0 0.321875 0.313194 0.064062 0.126389
