0 0.108984 0.984028 0.050781 0.031944
0 0.773438 0.922222 0.025 0.041667
0 0.179297 0.909722 0.035156 0.041667
0 0.015625 0.889583 0.03125 0.070833
0 0.979297 0.809722 0.041406 0.038889
0 0.291016 0.781944 0.024219 0.041667
0 0.335547 0.800694 0.063281 0.084722
0 0.672656 0.680556 0.053125 0.036111
0 0.973828 0.711111 0.052344 0.1
0 0.157031 0.671528 0.159375 0.179167
0 0.323828 0.590972 0.024219 0.034722
0 0.545312 0.595139 0.054688 0.068056
0 0.379297 0.636111 0.086719 0.152778
0 0.157031 0.570833 0.026562 0.025
0 0.583203 0.586111 0.014844 0.066667
0 0.557422 0.547222 0.021094 0.030556
0 0.221484 0.546528 0.025781 0.0375
0 0.135156 0.538194 0.015625 0.0375
0 0.815625 0.652778 0.215625 0.269444
0 0.033594 0.595833 0.067187 0.186111
0 0.834766 0.505556 0.032031 0.030556
0 0.195703 0.522917 0.099219 0.090278
0 0.774219 0.509028 0.0625 0.070833
0 0.627734 0.497222 0.019531 0.088889
0 0.275391 0.468056 0.025781 0.041667
0 0.979688 0.500694 0.040625 0.123611
0 0.258203 0.450694 0.016406 0.031944
0 0.844141 0.459028 0.047656 0.054167
0 0.651953 0.440278 0.030469 0.041667
0 0.704688 0.415972 0.021875 0.034722
0 0.04375 0.452083 0.0875 0.126389
0 0.984375 0.4125 0.03125 0.05
0 0.827734 0.34375 0.030469 0.068056
0 0.973047 0.329861 0.016406 0.098611
0 0.750781 0.345833 0.042188 0.15
0 0.889453 0.297222 0.027344 0.069444
0 0.829688 0.269444 0.028125 0.036111
0 0.928516 0.311111 0.055469 0.122222
0 0.487109 0.38125 0.460156 0.2625
