0 0.891016 0.946528 0.022656 0.059722
0 0.903516 0.745833 0.027344 0.036111
0 0.032031 0.735417 0.032813 0.0375
0 0.983984 0.724306 0.032031 0.081944
0 0.139844 0.75 0.279687 0.230556
0 0.872266 0.669444 0.135156 0.077778
0 0.085156 0.627778 0.045312 0.025
0 0.771094 0.625 0.045312 0.033333
0 0.91875 0.607639 0.023438 0.023611
0 0.206641 0.593056 0.178906 0.075
0 0.73125 0.661806 0.30625 0.220833
0 0.557031 0.586806 0.014063 0.076389
0 0.209766 0.538194 0.032031 0.034722
0 0.105469 0.511806 0.017188 0.054167
0 0.216797 0.474306 0.022656 0.059722
0 0.320703 0.46875 0.049219 0.115278
0 0.387109 0.427778 0.046094 0.055556
0 0.682813 0.403472 0.017188 0.054167
0 0.509375 0.460417 0.092188 0.181944
0 0.109375 0.4125 0.020313 0.116667
0 0.738672 0.385417 0.033594 0.093056
0 0.197266 0.38125 0.124219 0.151389
0 0.379688 0.324306 0.034375 0.045833
0 0.24375 0.322222 0.025 0.061111
0 0.113281 0.318056 0.017188 0.055556
0 0.277344 0.291667 0.026562 0.036111
0 0.061719 0.402778 0.064062 0.288889
0 0.844922 0.322917 0.108594 0.145833
0 0.589453 0.39375 0.355469 0.2875
