0 0.095703 0.981944 0.047656 0.036111
0 0.526172 0.957639 0.233594 0.084722
0 0.023438 0.931944 0.046875 0.044444
0 0.892969 0.924306 0.042188 0.040278
0 0.370312 0.890278 0.070312 0.055556
0 0.766406 0.800694 0.095312 0.109722
0 0.163281 0.778472 0.203125 0.343056
0 0.953906 0.550694 0.026562 0.034722
0 0.698828 0.533333 0.114844 0.088889
0 0.166406 0.582639 0.235937 0.220833
0 0.533984 0.451389 0.027344 0.025
0 0.849609 0.45 0.025781 0.027778
0 0.049609 0.4125 0.025781 0.047222
0 0.855469 0.440972 0.226562 0.123611
0 0.444922 0.419444 0.047656 0.088889
0 0.364063 0.391667 0.03125 0.038889
0 0.833594 0.38125 0.054688 0.040278
0 0.532422 0.374306 0.027344 0.029167
0 0.780859 0.363194 0.021094 0.023611
0 0.556641 0.334722 0.019531 0.061111
0 0.970313 0.336111 0.059375 0.158333
0 0.580078 0.322917 0.244531 0.145833
0 0.375 0.309722 0.092188 0.119444
0 0.116016 0.272917 0.039844 0.045833
