0 0.157031 0.925694 0.065625 0.076389
0 0.026562 0.815972 0.053125 0.065278
0 0.314453 0.725 0.016406 0.038889
0 0.151172 0.842361 0.302344 0.315278
0 0.256641 0.620833 0.013281 0.052778
0 0.344922 0.569444 0.027344 0.052778
0 0.097656 0.455556 0.023438 0.025
0 0.241406 0.477778 0.048438 0.111111
0 0.335547 0.45 0.030469 0.061111
0 0.019531 0.430556 0.039062 0.063889
0 0.163281 0.390278 0.039062 0.025
0 0.085547 0.344444 0.053906 0.019444
0 0.229297 0.377083 0.086719 0.0875
0 0.221875 0.290972 0.075 0.051389
0 0.290625 0.311111 0.046875 0.094444
