0 0.211719 0.810417 0.03125 0.026389
0 0.987109 0.765972 0.025781 0.056944
0 0.817969 0.69375 0.06875 0.068056
0 0.884766 0.75 0.149219 0.211111
0 0.763281 0.6625 0.03125 0.036111
0 0.764844 0.627083 0.0375 0.026389
0 0.977344 0.631944 0.020313 0.055556
0 0.277344 0.586806 0.017188 0.029167
0 0.744531 0.584028 0.03125 0.043056
0 0.804297 0.570833 0.049219 0.030556
0 0.889062 0.598611 0.1125 0.097222
0 0.65625 0.563194 0.046875 0.076389
0 0.815234 0.452778 0.028906 0.122222
0 0.575 0.45625 0.167187 0.131944
0 0.539844 0.371528 0.021875 0.054167
0 0.508203 0.3375 0.030469 0.063889
0 0.567187 0.363194 0.017188 0.123611
0 0.937109 0.400694 0.125781 0.293056
0 0.735156 0.313889 0.154688 0.127778
0 0.258984 0.275694 0.088281 0.051389
