0 0.058203 0.931944 0.116406 0.136111
0 0.180078 0.877778 0.024219 0.066667
0 0.014063 0.854167 0.028125 0.033333
0 0.308984 0.790972 0.041406 0.023611
0 0.649609 0.738889 0.024219 0.033333
0 0.554297 0.624306 0.041406 0.018056
0 0.098828 0.656944 0.197656 0.127778
0 0.275391 0.632639 0.138281 0.101389
0 0.289453 0.564583 0.017969 0.031944
0 0.228125 0.448611 0.040625 0.061111
0 0.853125 0.4375 0.064062 0.163889
0 0.284766 0.378472 0.028906 0.0625
0 0.311328 0.35625 0.014844 0.040278
0 0.477734 0.324306 0.044531 0.101389
0 0.048438 0.35625 0.096875 0.190278
0 0.692578 0.288194 0.089844 0.073611
0 0.250391 0.296528 0.063281 0.090278
0 0.437891 0.276389 0.028906 0.052778
0 0.25625 0.271528 0.025 0.043056
0 0.103125 0.260417 0.0375 0.020833
