0 0.15 0.952778 0.09375 0.094444
0 0.193359 0.895833 0.030469 0.063889
0 0.855078 0.809028 0.077344 0.0625
0 0.991016 0.775694 0.017969 0.029167
0 0.261719 0.770139 0.114062 0.1625
0 0.738281 0.841667 0.3 0.316667
0 0.336328 0.670833 0.033594 0.038889
0 0.09375 0.731944 0.1875 0.238889
0 0.223047 0.620139 0.061719 0.068056
0 0.117969 0.597917 0.021875 0.026389
0 0.138672 0.558333 0.036719 0.027778
0 0.097266 0.541667 0.038281 0.066667
0 0.039453 0.595139 0.069531 0.1875
0 0.060156 0.513194 0.020313 0.101389
0 0.520312 0.330556 0.032813 0.069444
0 0.019531 0.317361 0.039062 0.065278
0 0.491406 0.274306 0.025 0.045833
0 0.249219 0.333333 0.379688 0.166667
