0 0.831641 0.908333 0.042969 0.052778
0 0.925391 0.9 0.149219 0.2
0 0.818359 0.822222 0.028906 0.058333
0 0.758203 0.7875 0.058594 0.044444
0 0.151172 0.721528 0.061719 0.026389
0 0.061328 0.683333 0.122656 0.080556
0 0.652344 0.660417 0.110937 0.190278
0 0.707031 0.548611 0.067187 0.080556
0 0.416797 0.453472 0.027344 0.081944
0 0.703125 0.335417 0.0125 0.054167
0 0.0125 0.284028 0.025 0.026389
0 0.783984 0.288194 0.035156 0.048611
0 0.311719 0.275694 0.01875 0.040278
0 0.796875 0.384028 0.40625 0.268056
0 0.528906 0.368056 0.398438 0.236111
0 0.233203 0.323611 0.142969 0.147222
0 0.096094 0.323611 0.1 0.147222
