0 0.180859 0.941667 0.036719 0.066667
0 0.476562 0.869444 0.03125 0.027778
0 0.916406 0.742361 0.01875 0.034722
0 0.398047 0.716667 0.052344 0.027778
0 0.295312 0.829167 0.164062 0.341667
0 0.159375 0.820833 0.31875 0.358333
0 0.915625 0.650694 0.020313 0.040278
0 0.984766 0.634722 0.030469 0.027778
0 0.873047 0.635417 0.021094 0.031944
0 0.110156 0.634028 0.060937 0.051389
0 0.201563 0.61875 0.078125 0.0375
0 0.945703 0.603472 0.035156 0.0375
0 0.31875 0.595833 0.021875 0.041667
0 0.735938 0.560417 0.028125 0.023611
0 0.420312 0.56875 0.075 0.056944
0 0.682813 0.470833 0.032813 0.055556
0 0.877734 0.445833 0.019531 0.047222
0 0.6625 0.372917 0.029687 0.0625
0 0.799609 0.461111 0.157031 0.241667
0 0.699609 0.370833 0.030469 0.080556
0 0.853906 0.336111 0.017188 0.033333
0 0.680859 0.298611 0.055469 0.072222
0 0.984375 0.266667 0.03125 0.033333
0 0.921484 0.344444 0.053906 0.188889
0 0.852734 0.28125 0.038281 0.0625
0 0.803125 0.263889 0.039062 0.027778
0 0.224609 0.304861 0.110156 0.109722
0 0.022266 0.425 0.044531 0.35
