0 0.684766 0.779167 0.033594 0.036111
0 0.967187 0.822222 0.065625 0.152778
0 0.915234 0.75625 0.030469 0.031944
0 0.762109 0.765972 0.167969 0.129167
0 0.605469 0.730556 0.10625 0.091667
0 0.514453 0.679167 0.083594 0.05
0 0.649219 0.663194 0.0375 0.068056
0 0.28125 0.55625 0.05625 0.029167
0 0.454688 0.595139 0.092188 0.131944
0 0.871094 0.507639 0.025 0.023611
0 0.906641 0.502083 0.027344 0.029167
0 0.38125 0.495833 0.025 0.030556
0 0.858594 0.46875 0.021875 0.023611
0 0.745703 0.278472 0.036719 0.056944
0 0.475781 0.351389 0.251563 0.202778
0 0.200781 0.266667 0.0375 0.033333
0 0.103906 0.466667 0.207813 0.433333
