0 0.950781 0.816667 0.01875 0.025
0 0.199609 0.891667 0.166406 0.216667
0 0.166016 0.708333 0.024219 0.047222
0 0.198047 0.790972 0.369531 0.329167
0 0.577734 0.60625 0.044531 0.054167
0 0.745313 0.654861 0.114062 0.159722
0 0.651172 0.552778 0.036719 0.044444
0 0.711719 0.495139 0.035937 0.026389
0 0.529687 0.479861 0.126562 0.218056
0 0.00625 0.384028 0.0125 0.051389
0 0.607031 0.374306 0.028125 0.034722
0 0.721484 0.356944 0.080469 0.213889
0 0.662109 0.377778 0.105469 0.255556
0 0.584375 0.258333 0.029687 0.016667
0 0.101562 0.314583 0.175 0.129167
