0 0.107422 0.942361 0.021094 0.026389
0 0.175 0.769444 0.035937 0.022222
0 0.949219 0.8125 0.101562 0.166667
0 0.117188 0.813194 0.234375 0.301389
0 0.675 0.650694 0.065625 0.023611
0 0.814844 0.652778 0.020313 0.038889
0 0.846094 0.636111 0.042188 0.033333
0 0.24375 0.581944 0.021875 0.047222
0 0.217578 0.569444 0.014844 0.047222
0 0.747266 0.547917 0.042969 0.029167
0 0.2875 0.550694 0.025 0.0375
0 0.711328 0.5375 0.013281 0.033333
0 0.846094 0.535417 0.034375 0.048611
0 0.984375 0.534722 0.03125 0.069444
0 0.673828 0.527083 0.036719 0.059722
0 0.641016 0.491667 0.096094 0.125
0 0.108203 0.450694 0.028906 0.065278
0 0.823438 0.457639 0.028125 0.1125
0 0.901953 0.455556 0.021094 0.111111
0 0.994531 0.425 0.010937 0.069444
0 0.636719 0.35 0.04375 0.069444
0 0.365234 0.307639 0.035156 0.026389
0 0.764062 0.286111 0.178125 0.072222
0 0.450391 0.28125 0.132031 0.0625
0 0.188672 0.325 0.377344 0.15
