0 0.135156 0.974306 0.021875 0.051389
0 0.064062 0.929861 0.05 0.034722
0 0.010937 0.9 0.021875 0.063889
0 0.053906 0.881944 0.046875 0.058333
0 0.140625 0.840972 0.05 0.034722
0 0.020703 0.816667 0.041406 0.044444
0 0.335156 0.670833 0.0375 0.063889
0 0.771094 0.61875 0.042188 0.059722
0 0.379688 0.602083 0.042188 0.045833
0 0.660937 0.588889 0.076563 0.055556
0 0.211328 0.65625 0.269531 0.304167
0 0.555859 0.55 0.091406 0.125
0 0.059375 0.490278 0.040625 0.044444
0 0.651953 0.419444 0.042969 0.052778
0 0.506641 0.417361 0.050781 0.093056
0 0.877734 0.370139 0.017969 0.0625
0 0.683203 0.3375 0.016406 0.033333
0 0.823047 0.352778 0.021094 0.066667
0 0.360547 0.315278 0.025781 0.022222
0 0.755859 0.326389 0.035156 0.091667
0 0.844531 0.306944 0.017188 0.061111
0 0.900781 0.288194 0.014063 0.048611
0 0.576953 0.324306 0.219531 0.148611
