0 0.048438 0.865972 0.096875 0.104167
0 0.028516 0.659028 0.057031 0.154167
0 0.883594 0.605556 0.040625 0.083333
0 0.240234 0.5875 0.017969 0.094444
0 0.047266 0.5 0.033594 0.247222
0 0.225 0.410417 0.0125 0.076389
0 0.521875 0.334028 0.025 0.045833
0 0.420312 0.426389 0.220312 0.236111
0 0.684766 0.270139 0.064844 0.040278
0 0.630078 0.284028 0.028906 0.068056
0 0.600391 0.288889 0.013281 0.077778
0 0.558984 0.274306 0.049219 0.048611
0 0.457813 0.272222 0.0875 0.044444
0 0.179297 0.547917 0.222656 0.595833
