0 0.434766 0.975694 0.091406 0.048611
0 0.533984 0.969444 0.089844 0.061111
0 0.711328 0.914583 0.036719 0.031944
0 0.123828 0.909722 0.035156 0.038889
0 0.037109 0.913194 0.074219 0.093056
0 0.170313 0.703472 0.340625 0.2875
0 0.594141 0.521528 0.044531 0.054167
0 0.989844 0.505556 0.020313 0.038889
0 0.362891 0.399306 0.025781 0.045833
0 0.935937 0.353472 0.021875 0.056944
0 0.343359 0.334722 0.049219 0.075
0 0.112891 0.311806 0.032031 0.034722
0 0.071875 0.297222 0.01875 0.055556
0 0.142969 0.284028 0.026562 0.034722
0 0.580078 0.269444 0.057031 0.038889
0 0.030469 0.269444 0.020313 0.038889
