0 0.893359 0.988889 0.060156 0.022222
0 0.951562 0.91875 0.096875 0.118056
0 0.722266 0.797917 0.017969 0.040278
0 0.517578 0.799306 0.027344 0.043056
0 0.732031 0.884028 0.25 0.231944
0 0.238281 0.779167 0.026562 0.025
0 0.744531 0.755556 0.04375 0.05
0 0.833594 0.770139 0.121875 0.090278
0 0.5625 0.759028 0.160938 0.093056
0 0.457031 0.73125 0.023438 0.045833
0 0.655469 0.721528 0.014063 0.056944
0 0.787891 0.696528 0.030469 0.054167
0 0.051953 0.683333 0.032031 0.044444
0 0.113281 0.677778 0.04375 0.05
0 0.54375 0.663889 0.048438 0.027778
0 0.05 0.636111 0.025 0.019444
0 0.202734 0.569444 0.088281 0.038889
0 0.462109 0.632639 0.116406 0.179167
0 0.381641 0.501389 0.028906 0.025
0 0.255078 0.461806 0.019531 0.040278
0 0.977734 0.520833 0.044531 0.194444
0 0.935937 0.434722 0.014063 0.038889
0 0.217188 0.384722 0.0375 0.038889
0 0.011719 0.342361 0.023438 0.026389
0 0.992969 0.351389 0.014063 0.113889
0 0.087109 0.363889 0.100781 0.161111
0 0.492188 0.354861 0.296875 0.209722
0 0.020313 0.269444 0.028125 0.038889
