0 0.270703 0.844444 0.032031 0.033333
0 0.324219 0.714583 0.032813 0.034722
0 0.894141 0.713194 0.011719 0.045833
0 0.783203 0.615278 0.024219 0.058333
0 0.892188 0.60625 0.0125 0.059722
0 0.685547 0.604167 0.105469 0.180556
0 0.846094 0.531944 0.092188 0.041667
0 0.750391 0.554167 0.027344 0.116667
0 0.626172 0.520139 0.041406 0.059722
0 0.388672 0.495833 0.021094 0.033333
0 0.597656 0.444444 0.010937 0.05
0 0.033984 0.320833 0.021094 0.033333
0 0.9 0.330556 0.2 0.161111
0 0.639844 0.332639 0.096875 0.165278
0 0.440234 0.385417 0.261719 0.270833
0 0.280859 0.30625 0.033594 0.1125
