0 0.034766 0.986806 0.032031 0.026389
0 0.936719 0.966667 0.020313 0.066667
0 0.21875 0.888889 0.021875 0.036111
0 0.250781 0.847917 0.039062 0.051389
0 0.689844 0.784028 0.059375 0.054167
0 0.280078 0.748611 0.030469 0.080556
0 0.389062 0.679861 0.082812 0.0875
0 0.103906 0.665278 0.026562 0.069444
0 0.321484 0.675 0.055469 0.119444
0 0.130859 0.770139 0.261719 0.309722
0 0.525 0.624306 0.020313 0.0375
0 0.355469 0.625 0.029687 0.05
0 0.198828 0.5875 0.042969 0.047222
0 0.824609 0.689583 0.158594 0.273611
0 0.593359 0.609028 0.077344 0.145833
0 0.922656 0.585417 0.085938 0.165278
0 0.293359 0.495139 0.017969 0.070833
0 0.073438 0.491667 0.084375 0.125
0 0.167578 0.477778 0.028906 0.102778
0 0.232031 0.428472 0.042188 0.051389
0 0.012109 0.392361 0.024219 0.034722
0 0.416797 0.295833 0.035156 0.061111
0 0.081641 0.340278 0.085156 0.155556
