0 0.501563 0.952083 0.046875 0.048611
0 0.804688 0.891667 0.0375 0.022222
0 0.615625 0.898611 0.079687 0.091667
0 0.753125 0.853472 0.048438 0.026389
0 0.519922 0.849306 0.086719 0.106944
0 0.977734 0.708333 0.044531 0.036111
0 0.488672 0.736111 0.092969 0.147222
0 0.687891 0.673611 0.053906 0.047222
0 0.605078 0.671528 0.046094 0.068056
0 0.460156 0.661806 0.010937 0.056944
0 0.987109 0.640278 0.025781 0.027778
0 0.673047 0.602083 0.063281 0.104167
0 0.480859 0.586806 0.030469 0.090278
0 0.737891 0.603472 0.055469 0.201389
0 0.973828 0.505556 0.052344 0.130556
0 0.81875 0.480556 0.0375 0.2
0 0.8375 0.294444 0.03125 0.052778
0 0.889062 0.28125 0.05 0.059722
0 0.948438 0.284722 0.039062 0.069444
