0 0.300391 0.982639 0.030469 0.034722
0 0.367578 0.843056 0.035156 0.097222
0 0.421094 0.804861 0.067187 0.068056
0 0.23125 0.705556 0.04375 0.033333
0 0.390234 0.728472 0.053906 0.093056
0 0.275391 0.69375 0.027344 0.031944
0 0.457031 0.704861 0.060937 0.065278
0 0.582812 0.640278 0.021875 0.027778
0 0.031641 0.694444 0.063281 0.316667
0 0.479297 0.55625 0.025781 0.081944
0 0.549219 0.56875 0.034375 0.123611
0 0.130078 0.545833 0.111719 0.097222
0 0.328125 0.49375 0.048438 0.0375
0 0.155469 0.45625 0.046875 0.056944
0 0.446875 0.394444 0.185938 0.244444
0 0.740625 0.289583 0.042188 0.079167
0 0.253906 0.363194 0.214062 0.226389
0 0.107813 0.302083 0.01875 0.104167
