0 0.300391 0.925694 0.049219 0.040278
0 0.542578 0.859722 0.042969 0.038889
0 0.488672 0.84375 0.067969 0.034722
0 0.281641 0.776389 0.221094 0.130556
0 0.225 0.674306 0.026562 0.070833
0 0.255859 0.661111 0.022656 0.061111
0 0.313281 0.631944 0.123438 0.127778
0 0.257422 0.540278 0.042969 0.030556
0 0.444531 0.530556 0.034375 0.036111
0 0.173828 0.461111 0.042969 0.055556
0 0.178516 0.413889 0.022656 0.047222
0 0.233594 0.3875 0.095312 0.133333
0 0.075 0.325 0.03125 0.055556
0 0.850781 0.307639 0.017188 0.026389
0 0.007031 0.308333 0.014063 0.047222
0 0.125 0.350694 0.090625 0.154167
0 0.799219 0.274306 0.042188 0.048611
0 0.480859 0.271528 0.033594 0.043056
