0 0.988672 0.915278 0.022656 0.058333
0 0.207031 0.920833 0.048438 0.069444
0 0.902344 0.871528 0.029687 0.020833
0 0.731641 0.828472 0.046094 0.026389
0 0.173047 0.700694 0.025781 0.020833
0 0.092578 0.686111 0.033594 0.030556
0 0.012891 0.700694 0.025781 0.059722
0 0.512891 0.671528 0.032031 0.051389
0 0.185938 0.635417 0.228125 0.098611
0 0.600391 0.584722 0.032031 0.066667
0 0.177344 0.769444 0.354687 0.461111
0 0.570703 0.536111 0.024219 0.066667
0 0.010156 0.559028 0.020313 0.179167
0 0.128516 0.472917 0.032031 0.054167
0 0.074609 0.454861 0.038281 0.051389
0 0.008203 0.432639 0.016406 0.026389
0 0.534375 0.425 0.157812 0.183333
0 0.022266 0.327778 0.036719 0.030556
0 0.685156 0.434722 0.210938 0.369444
0 0.603125 0.263889 0.04375 0.027778
0 0.426563 0.418056 0.15 0.336111
0 0.150781 0.350694 0.142187 0.201389
