0 0.235937 0.984028 0.026562 0.031944
0 0.03125 0.973611 0.032813 0.025
0 0.078516 0.957639 0.064844 0.084722
0 0.691406 0.934722 0.017188 0.097222
0 0.18125 0.847222 0.017188 0.055556
0 0.167969 0.786111 0.039062 0.05
0 0.048828 0.766667 0.028906 0.041667
0 0.108594 0.702778 0.029687 0.033333
0 0.953516 0.822222 0.092969 0.355556
0 0.930078 0.634722 0.024219 0.030556
0 0.851562 0.589583 0.071875 0.084722
0 0.655469 0.484722 0.126562 0.058333
0 0.962891 0.484722 0.017969 0.063889
0 0.75625 0.472917 0.05625 0.065278
0 0.011328 0.439583 0.022656 0.026389
0 0.842187 0.459722 0.09375 0.094444
0 0.989062 0.4125 0.021875 0.125
0 0.950391 0.355556 0.016406 0.1
0 0.994141 0.320139 0.011719 0.056944
0 0.631641 0.297222 0.064844 0.094444
