0 0.200781 0.933333 0.059375 0.052778
0 0.017188 0.904861 0.034375 0.129167
0 0.382422 0.813889 0.028906 0.022222
0 0.011328 0.816667 0.022656 0.027778
0 0.339062 0.807639 0.021875 0.029167
0 0.587891 0.75625 0.036719 0.031944
0 0.151172 0.715972 0.013281 0.0375
0 0.465625 0.776389 0.042188 0.169444
0 0.009375 0.716667 0.01875 0.080556
0 0.397266 0.704861 0.108594 0.076389
0 0.075391 0.600694 0.069531 0.045833
0 0.013281 0.589583 0.026562 0.051389
0 0.193359 0.576389 0.039844 0.061111
0 0.126172 0.525694 0.019531 0.0375
0 0.014453 0.514583 0.028906 0.056944
0 0.177344 0.516667 0.060937 0.097222
0 0.350781 0.459722 0.073438 0.083333
0 0.430078 0.385417 0.033594 0.029167
0 0.466016 0.353472 0.052344 0.043056
0 0.102344 0.433333 0.117188 0.227778
0 0.266406 0.322917 0.060937 0.043056
0 0.467969 0.317361 0.01875 0.040278
0 0.175 0.345833 0.051562 0.108333
0 0.28125 0.373611 0.109375 0.172222
0 0.839453 0.267361 0.052344 0.034722
