0 0.798438 0.953472 0.103125 0.051389
0 0.85 0.9 0.059375 0.025
0 0.966406 0.869444 0.046875 0.072222
0 0.193359 0.795139 0.046094 0.034722
0 0.294531 0.770833 0.020313 0.036111
0 0.567969 0.771528 0.029687 0.040278
0 0.959766 0.754861 0.080469 0.106944
0 0.824219 0.707639 0.026562 0.018056
0 0.253125 0.721528 0.082812 0.109722
0 0.108594 0.686806 0.0375 0.040278
0 0.257031 0.629167 0.03125 0.052778
0 0.176172 0.675 0.089844 0.15
0 0.917188 0.646528 0.067187 0.095833
0 0.312891 0.654861 0.072656 0.173611
0 0.519141 0.570139 0.027344 0.070833
0 0.566016 0.536806 0.075781 0.093056
0 0.057813 0.491667 0.060937 0.022222
0 0.136719 0.402778 0.045312 0.116667
0 0.624219 0.378472 0.042188 0.070833
0 0.934766 0.347917 0.049219 0.043056
0 0.441797 0.274306 0.038281 0.048611
