0 0.892578 0.945139 0.039844 0.031944
0 0.135547 0.790972 0.055469 0.056944
0 0.767578 0.852083 0.377344 0.295833
0 0.882031 0.752083 0.18125 0.1125
0 0.621094 0.672222 0.023438 0.05
0 0.030078 0.629861 0.011719 0.043056
0 0.835156 0.613889 0.064062 0.027778
0 0.544531 0.6625 0.057813 0.130556
0 0.367188 0.60625 0.014063 0.040278
0 0.684766 0.579861 0.108594 0.084722
0 0.567187 0.573611 0.079687 0.1
0 0.231641 0.610417 0.025781 0.209722
0 0.941406 0.503472 0.04375 0.026389
0 0.451562 0.507639 0.025 0.054167
0 0.861328 0.524306 0.113281 0.165278
0 0.716797 0.470139 0.061719 0.068056
0 0.642578 0.452778 0.063281 0.033333
0 0.991016 0.411111 0.017969 0.083333
0 0.826172 0.403472 0.016406 0.095833
0 0.341016 0.348611 0.030469 0.055556
0 0.031641 0.304167 0.011719 0.063889
0 0.928906 0.361111 0.142187 0.222222
0 0.807422 0.325694 0.032031 0.151389
0 0.566406 0.370833 0.403125 0.241667
0 0.144141 0.374306 0.199219 0.248611
