0 0.046875 0.953472 0.021875 0.048611
0 0.389453 0.891667 0.025781 0.022222
0 0.230469 0.920833 0.067187 0.091667
0 0.282813 0.888889 0.026562 0.033333
0 0.198437 0.895833 0.021875 0.052778
0 0.232813 0.858333 0.020313 0.030556
0 0.331641 0.811111 0.039844 0.027778
0 0.118359 0.882639 0.122656 0.2125
0 0.034766 0.811111 0.069531 0.088889
0 0.16875 0.764583 0.028125 0.040278
0 0.219922 0.776389 0.033594 0.069444
0 0.814063 0.763889 0.048438 0.063889
0 0.476953 0.723611 0.030469 0.033333
0 0.021875 0.726389 0.04375 0.05
0 0.074219 0.715972 0.035937 0.043056
0 0.71875 0.704861 0.023438 0.023611
0 0.14375 0.661806 0.046875 0.051389
0 0.214844 0.666667 0.020313 0.088889
0 0.690234 0.611111 0.036719 0.05
0 0.597266 0.627083 0.028906 0.0875
0 0.198437 0.591667 0.048438 0.022222
0 0.929297 0.694444 0.141406 0.266667
0 0.833594 0.592361 0.01875 0.095833
0 0.63125 0.55625 0.034375 0.109722
