0 0.038848 0.994774 0.009559 0.010453
0 0.24951 0.993249 0.007843 0.013502
0 0.018382 0.98824 0.008333 0.010453
0 0.616422 0.979312 0.010784 0.009146
0 0.329534 0.980836 0.010539 0.012195
0 0.299265 0.952744 0.005392 0.014373
0 0.193627 0.950131 0.004902 0.01176
0 0.329534 0.962761 0.097794 0.074477
0 0.542157 0.928789 0.005392 0.010017
0 0.166912 0.92574 0.006863 0.01176
0 0.002696 0.916376 0.005392 0.017422
0 0.603922 0.929443 0.034314 0.087108
0 0.634681 0.785279 0.006618 0.011324
0 0.181495 0.773084 0.004657 0.016551
0 0.638725 0.75392 0.008824 0.013937
0 0.62402 0.753267 0.008333 0.031794
0 0.670588 0.718206 0.009314 0.012195
0 0.929167 0.61912 0.002941 0.016986
0 0.018627 0.588197 0.012745 0.013502
0 0.148897 0.578179 0.005637 0.015244
0 0.933946 0.596037 0.01299 0.067509
0 0.044118 0.558362 0.006863 0.015679
0 0.863603 0.566855 0.009069 0.038763
0 0.012377 0.545078 0.01201 0.012631
0 0.147426 0.541594 0.005637 0.013502
0 0.86348 0.538981 0.005882 0.014373
0 0.812132 0.517639 0.019363 0.017857
0 0.409191 0.498693 0.008088 0.008711
0 0.819363 0.485192 0.030882 0.020035
0 0.425123 0.477352 0.009559 0.014808
0 0.377328 0.465157 0.01299 0.010453
0 0.824755 0.457535 0.038725 0.031794
0 0.813358 0.434451 0.015931 0.014373
0 0.016789 0.437718 0.033578 0.021777
0 0.507843 0.421167 0.006373 0.014808
0 0.055147 0.415723 0.013235 0.009146
0 0.873897 0.406577 0.006127 0.007404
0 0.758578 0.401568 0.007353 0.011324
0 0.688358 0.391986 0.016912 0.027003
0 0.696078 0.378049 0.007843 0.006098
0 0.862868 0.373258 0.010049 0.006969
0 0.153431 0.375436 0.014216 0.041812
0 0.708701 0.360192 0.006127 0.021777
0 0.125 0.368685 0.007843 0.04399
0 0.334191 0.35061 0.005637 0.009582
0 0.792157 0.349521 0.019608 0.014373
0 0.913235 0.34865 0.02451 0.031794
0 0.73076 0.347343 0.029167 0.029181
0 0.334926 0.335148 0.006618 0.012631
0 0.351103 0.346908 0.008088 0.038763
0 0.766422 0.337979 0.018137 0.04007
0 0.832966 0.322082 0.01299 0.019599
0 0.334681 0.317073 0.006618 0.018293
0 0.299387 0.321211 0.009559 0.026568
0 0.987255 0.309451 0.02549 0.027439
0 0.304289 0.287892 0.015931 0.021777
0 0.81299 0.28419 0.011275 0.018728
0 0.773407 0.28223 0.009069 0.018293
0 0.853799 0.277875 0.004657 0.015679
0 0.70723 0.27243 0.009559 0.010889
0 0.362868 0.265462 0.006618 0.013502
0 0.992402 0.260889 0.015196 0.021777
0 0.949755 0.266551 0.035294 0.033101
0 0.831373 0.273084 0.018137 0.046167
0 0.745221 0.287674 0.041422 0.075348
0 0.490564 0.256098 0.008088 0.012195
0 0.371569 0.289416 0.076961 0.078833
0 0.344608 0.257404 0.009314 0.014808
0 0.321814 0.288328 0.016176 0.076655
