0 0.514828 0.996516 0.01152 0.006969
0 0.521691 0.919861 0.007108 0.008711
0 0.509926 0.916159 0.008088 0.013502
0 0.535784 0.88872 0.005392 0.012631
0 0.467525 0.887195 0.009069 0.022648
0 0.499387 0.882404 0.01348 0.020906
0 0.566422 0.912892 0.037255 0.174216
0 0.490931 0.828179 0.009804 0.015244
0 0.454779 0.816638 0.010049 0.006098
0 0.010662 0.803789 0.010539 0.007404
0 0.48799 0.804007 0.013725 0.020035
0 0.545466 0.804007 0.01201 0.035714
0 0.491789 0.781141 0.007108 0.013502
0 0.094118 0.764808 0.007843 0.010453
0 0.544118 0.763066 0.009314 0.020906
0 0.075123 0.744556 0.006618 0.010889
0 0.173775 0.739765 0.017157 0.016986
0 0.485417 0.737805 0.019853 0.018293
0 0.50576 0.715592 0.013971 0.013937
0 0.136275 0.70601 0.007843 0.00784
0 0.599632 0.68358 0.008088 0.007404
0 0.574142 0.671603 0.009069 0.013066
0 0.595833 0.667901 0.006373 0.013502
0 0.613848 0.66115 0.008088 0.006969
0 0.164706 0.665941 0.02402 0.020035
0 0.600245 0.65527 0.007843 0.01176
0 0.159559 0.653963 0.011275 0.012631
0 0.616299 0.638066 0.006618 0.017422
0 0.152574 0.635889 0.016422 0.015679
0 0.997672 0.635671 0.004657 0.023084
0 0.136275 0.626089 0.009314 0.012631
0 0.845343 0.622387 0.009804 0.011324
0 0.68799 0.617596 0.010784 0.020035
0 0.675735 0.603441 0.012745 0.013502
0 0.961765 0.600828 0.006373 0.010017
0 0.786275 0.592552 0.004412 0.01176
0 0.113358 0.609103 0.058578 0.070993
0 0.765196 0.574695 0.019608 0.013502
0 0.684559 0.578615 0.068137 0.077091
0 0.346446 0.545514 0.005637 0.025697
0 0.563113 0.534625 0.009069 0.005662
0 0.684926 0.529399 0.006618 0.038763
0 0.743382 0.513937 0.028431 0.011324
0 0.965319 0.510889 0.01201 0.015679
0 0.607966 0.428571 0.004167 0.014808
0 0.671201 0.420514 0.006127 0.010017
0 0.625 0.409408 0.012255 0.00784
0 0.862623 0.406141 0.007598 0.021341
0 0.980025 0.40331 0.013971 0.026132
0 0.633946 0.395035 0.007108 0.009582
0 0.614951 0.383929 0.005392 0.01176
0 0.712255 0.38676 0.018627 0.020035
0 0.60674 0.381969 0.006618 0.02439
0 0.996201 0.361716 0.007598 0.014373
0 0.945221 0.36128 0.005637 0.013502
0 0.92549 0.349521 0.005392 0.010017
0 0.397917 0.350174 0.007108 0.015679
0 0.732353 0.362587 0.016176 0.044861
0 0.669608 0.346254 0.005882 0.013066
0 0.916054 0.343859 0.015931 0.017857
0 0.63799 0.358449 0.032843 0.052265
0 0.714828 0.351699 0.013971 0.041376
0 0.428309 0.334495 0.019363 0.008711
0 0.957721 0.335801 0.009069 0.013937
0 0.392525 0.335148 0.003676 0.016115
0 0.694608 0.354312 0.02402 0.064024
0 0.657966 0.324477 0.007108 0.011324
0 0.737255 0.328833 0.013725 0.020906
0 0.626348 0.318598 0.008578 0.010017
0 0.607475 0.33101 0.021814 0.042683
0 0.415809 0.315331 0.01348 0.011324
0 0.431373 0.308798 0.007353 0.009582
0 0.925245 0.30466 0.006863 0.009146
0 0.732108 0.299652 0.010784 0.010453
0 0.499387 0.294643 0.020343 0.016115
0 0.906495 0.314242 0.024755 0.070993
0 0.433088 0.273737 0.014706 0.009146
0 0.572059 0.271124 0.02451 0.02047
0 0.716912 0.266551 0.018627 0.014808
0 0.892279 0.285714 0.01348 0.05662
0 0.514338 0.254573 0.008578 0.006533
0 0.887255 0.258057 0.008333 0.016115
0 0.775613 0.256969 0.007598 0.013937
0 0.648039 0.283754 0.116667 0.067509
0 0.566667 0.256533 0.007843 0.013066
0 0.551838 0.258057 0.016422 0.016115
0 0.482966 0.253484 0.007108 0.006969
