0 0.822917 0.996516 0.009069 0.006969
0 0.726348 0.986716 0.005637 0.009146
0 0.7875 0.976045 0.038725 0.047909
0 0.732598 0.95122 0.008333 0.011324
0 0.891789 0.93358 0.010049 0.015244
0 0.485539 0.920732 0.015686 0.014808
0 0.88223 0.917247 0.01348 0.016551
0 0.862255 0.917247 0.023039 0.018293
0 0.529657 0.91311 0.004902 0.010017
0 0.547181 0.902221 0.009069 0.012631
0 0.676716 0.880009 0.006373 0.008275
0 0.434191 0.874782 0.006127 0.008275
0 0.932721 0.87108 0.009069 0.013937
0 0.39326 0.871733 0.007598 0.016986
0 0.420833 0.868249 0.008333 0.012631
0 0.819485 0.861498 0.022304 0.023519
0 0.923775 0.85257 0.019118 0.018728
0 0.748407 0.803354 0.023284 0.031794
0 0.78848 0.785714 0.008333 0.012195
0 0.992279 0.775915 0.015441 0.029181
0 0.856373 0.765679 0.011275 0.012195
0 0.177083 0.75588 0.011029 0.007404
0 0.225368 0.75588 0.004657 0.016115
0 0.925613 0.760671 0.0625 0.053571
0 0.133211 0.744774 0.01348 0.023519
0 0.098162 0.736063 0.006127 0.013937
0 0.08174 0.738458 0.005147 0.022213
0 0.162377 0.73149 0.006618 0.015244
0 0.123284 0.722779 0.007843 0.018728
0 0.833211 0.718641 0.01201 0.017422
0 0.06875 0.701873 0.011029 0.009146
0 0.987868 0.714721 0.024265 0.036585
0 0.864093 0.687282 0.006618 0.013066
0 0.048529 0.680314 0.006863 0.013066
0 0.063603 0.680531 0.017892 0.016986
0 0.861397 0.671821 0.005637 0.012631
0 0.967157 0.669425 0.007353 0.008711
0 0.862623 0.657012 0.005637 0.013502
0 0.88076 0.627395 0.0125 0.029181
0 0.096569 0.618249 0.042647 0.025697
0 0.852941 0.589721 0.009804 0.00784
0 0.934559 0.576437 0.013235 0.018728
0 0.848652 0.566638 0.014461 0.017422
0 0.834681 0.559016 0.004657 0.009146
0 0.035539 0.628484 0.071078 0.162021
0 0.175123 0.559887 0.050735 0.038763
0 0.822304 0.542247 0.013725 0.027003
0 0.846814 0.541594 0.007843 0.030923
0 0.220221 0.525697 0.029657 0.02439
0 0.002819 0.512631 0.005637 0.015679
0 0.194485 0.500218 0.014951 0.019599
0 0.840686 0.491289 0.005392 0.019164
0 0.146201 0.51372 0.065441 0.10061
0 0.190564 0.467334 0.018873 0.02439
0 0.102328 0.51372 0.079657 0.168554
0 0.528554 0.434016 0.005637 0.02047
0 0.240196 0.429225 0.013235 0.032666
0 0.691544 0.412892 0.023284 0.028746
0 0.581618 0.404617 0.005882 0.012195
0 0.27451 0.402657 0.006373 0.010889
0 0.997426 0.392422 0.005147 0.011324
0 0.78076 0.430314 0.101716 0.08885
0 0.482598 0.394382 0.013235 0.018728
0 0.987377 0.390679 0.004657 0.013066
0 0.265564 0.379791 0.01152 0.02439
0 0.961275 0.370645 0.008333 0.010453
0 0.968873 0.366071 0.007353 0.012631
0 0.521569 0.375436 0.011275 0.033972
0 0.161642 0.359538 0.009069 0.015244
0 0.105147 0.350392 0.006863 0.009146
0 0.14473 0.358232 0.01348 0.026568
0 0.116176 0.347997 0.003431 0.018293
0 0.216912 0.34081 0.002941 0.016986
0 0.461397 0.346908 0.016422 0.037021
0 0.091912 0.340592 0.026471 0.027003
0 0.143382 0.327091 0.008333 0.012195
0 0.197426 0.329051 0.007108 0.018728
0 0.013113 0.343423 0.026225 0.050087
0 0.735049 0.330575 0.005392 0.027875
0 0.177574 0.336019 0.020833 0.055314
0 0.995221 0.314242 0.009559 0.016986
0 0.161029 0.307709 0.006373 0.015244
0 0.492402 0.310976 0.010784 0.02439
0 0.445588 0.31054 0.011765 0.025261
0 0.586642 0.314678 0.008088 0.034408
0 0.051471 0.335801 0.042157 0.079268
0 0.011029 0.302918 0.008824 0.013502
0 0.529412 0.29878 0.005392 0.017422
0 0.513725 0.291159 0.005392 0.016115
0 0.529534 0.279617 0.01152 0.008711
0 0.995221 0.278092 0.009559 0.02831
0 0.042647 0.266986 0.005882 0.008711
0 0.745833 0.263937 0.004902 0.020035
0 0.092892 0.256098 0.005392 0.011324
0 0.828431 0.275697 0.138235 0.051394
0 0.718995 0.316638 0.03652 0.133275
0 0.608701 0.283319 0.027696 0.066638
0 0.531373 0.305096 0.040686 0.110192
0 0.529289 0.256315 0.009069 0.012631
0 0.330147 0.253267 0.007843 0.006533
