0 0.687623 0.952744 0.009559 0.007404
0 0.811887 0.934233 0.006127 0.012195
0 0.73701 0.80858 0.007843 0.016115
0 0.657843 0.797474 0.007353 0.010453
0 0.683333 0.725174 0.015686 0.006969
0 0.913848 0.71973 0.009069 0.02047
0 0.939828 0.711019 0.002696 0.016115
0 0.905637 0.695122 0.006863 0.009582
0 0.591667 0.678789 0.022549 0.01176
0 0.866912 0.657012 0.066176 0.063153
0 0.767892 0.612805 0.004902 0.009582
0 0.004044 0.554007 0.008088 0.034843
0 0.644975 0.518946 0.0125 0.007404
0 0.65049 0.503702 0.021569 0.041376
0 0.056863 0.480836 0.019608 0.010453
0 0.66201 0.45122 0.028922 0.034843
0 0.016422 0.437718 0.005392 0.008711
0 0.026471 0.431402 0.005882 0.010017
0 0.142157 0.440549 0.04951 0.031794
0 0.60098 0.427483 0.006863 0.009146
0 0.056985 0.424216 0.006618 0.008711
0 0.464706 0.423563 0.012255 0.009146
0 0.171446 0.413545 0.01152 0.013502
0 0.097426 0.396777 0.017402 0.015679
0 0.500613 0.440113 0.01201 0.103223
0 0.100368 0.402221 0.040931 0.10061
0 0.048407 0.362805 0.044363 0.023519
0 0.001593 0.361063 0.003186 0.023519
0 0.359681 0.352134 0.009069 0.012631
0 0.019485 0.355836 0.018382 0.026132
0 0.542892 0.339721 0.008333 0.014808
0 0.524755 0.345819 0.004412 0.027875
0 0.329289 0.335801 0.004167 0.014808
0 0.409436 0.33885 0.01201 0.027875
0 0.127328 0.32426 0.003186 0.016115
0 0.491054 0.323824 0.007598 0.022213
0 0.81348 0.318162 0.007353 0.031794
0 0.307108 0.308362 0.004412 0.016551
0 0.139828 0.29203 0.007108 0.008275
0 0.094608 0.29399 0.007843 0.014808
0 0.306863 0.29203 0.007353 0.017857
0 0.295956 0.287021 0.004657 0.011324
0 0.083824 0.291159 0.005882 0.022213
0 0.128431 0.289634 0.007353 0.026132
0 0.541667 0.284408 0.010784 0.017422
0 0.037623 0.270906 0.007108 0.016551
0 0.054902 0.270906 0.022059 0.027003
0 0.032721 0.257622 0.007598 0.009146
0 0.776838 0.254791 0.016422 0.009582
0 0.705392 0.275697 0.107353 0.051394
0 0.614093 0.269599 0.059559 0.039199
0 0.547794 0.26851 0.022059 0.037021
0 0.348529 0.27439 0.07402 0.04878
0 0.042034 0.254355 0.007108 0.008711
