0 0.123162 0.996298 0.008088 0.007404
0 0.970711 0.992596 0.021324 0.014808
0 0.015074 0.988676 0.017402 0.022648
0 0.059436 0.979094 0.005147 0.017422
0 0.726716 0.981272 0.033333 0.037456
0 0.734926 0.9473 0.005147 0.017422
0 0.992279 0.937718 0.015441 0.025261
0 0.749755 0.9375 0.019118 0.024826
0 0.747304 0.920078 0.010784 0.006533
0 0.954044 0.922692 0.009559 0.013502
0 0.862255 0.922038 0.021078 0.027003
0 0.739093 0.910932 0.013971 0.012631
0 0.83125 0.908972 0.019853 0.010453
0 0.97598 0.909408 0.016667 0.016551
0 0.720711 0.898084 0.023775 0.025261
0 0.878431 0.893946 0.039216 0.035279
0 0.678186 0.871733 0.009804 0.014373
0 0.719853 0.858885 0.018137 0.033972
0 0.695588 0.857578 0.027451 0.049652
0 0.675858 0.831664 0.006618 0.009146
0 0.705147 0.798563 0.014216 0.008275
0 0.997181 0.795949 0.005637 0.016115
0 0.670466 0.776786 0.01152 0.022213
0 0.971446 0.687718 0.008578 0.013937
0 0.988971 0.69142 0.022059 0.030052
0 0.838113 0.660497 0.008578 0.015244
0 0.978431 0.634364 0.005392 0.019599
0 0.915809 0.631969 0.009559 0.014808
0 0.819975 0.621298 0.008088 0.016115
0 0.018505 0.684887 0.03701 0.151132
0 0.976716 0.61912 0.019608 0.021341
0 0.841054 0.619991 0.019363 0.02831
0 0.923039 0.612805 0.009804 0.019164
0 0.995711 0.607143 0.008578 0.009582
0 0.018627 0.601045 0.010294 0.00784
0 0.951716 0.600828 0.039216 0.059669
0 0.926838 0.571864 0.013971 0.008711
0 0.978922 0.569251 0.008824 0.016551
0 0.776593 0.564678 0.0125 0.010017
0 0.757843 0.560105 0.014706 0.012195
0 0.98652 0.547474 0.022059 0.027875
0 0.968627 0.533754 0.007843 0.009146
0 0.006005 0.526786 0.01201 0.008275
0 0.053186 0.504791 0.011275 0.00784
0 0.983701 0.51176 0.015931 0.030488
0 0.714461 0.516551 0.016667 0.044425
0 0.743382 0.519817 0.007843 0.053571
0 0.906373 0.500653 0.006863 0.016115
0 0.937377 0.506969 0.050735 0.03223
0 0.701838 0.494556 0.005637 0.016986
0 0.014706 0.491725 0.029412 0.016551
0 0.890564 0.492596 0.025735 0.022648
0 0.524632 0.482143 0.008088 0.009582
0 0.742034 0.47953 0.008578 0.006969
0 0.721814 0.476045 0.018137 0.018293
0 0.845833 0.484974 0.018137 0.047474
0 0.733088 0.454268 0.009314 0.011324
0 0.990809 0.474303 0.018382 0.058362
0 0.08223 0.445557 0.010049 0.013066
0 0.81973 0.440767 0.005147 0.008711
0 0.709436 0.445557 0.024265 0.035714
0 0.517279 0.452962 0.030637 0.061847
0 0.069975 0.427265 0.007108 0.011324
0 0.084681 0.421167 0.011029 0.00784
0 0.058824 0.420514 0.008824 0.010889
0 0.732966 0.416594 0.006618 0.008275
0 0.262132 0.420732 0.01299 0.029617
0 0.161642 0.415723 0.056618 0.029181
0 0.164583 0.399172 0.049265 0.019599
0 0.264706 0.39351 0.012745 0.017857
0 0.247917 0.393728 0.01152 0.04007
0 0.20576 0.386324 0.039951 0.08885
0 0.483456 0.351263 0.022794 0.024826
0 0.259314 0.343423 0.006373 0.013502
0 0.877941 0.337326 0.009314 0.022213
0 0.301103 0.326655 0.006618 0.014808
0 0.441422 0.323606 0.004902 0.009582
0 0.502206 0.338415 0.009804 0.042683
0 0.197181 0.327744 0.021814 0.023084
0 0.880392 0.311629 0.016667 0.016115
0 0.710784 0.305749 0.015686 0.012195
0 0.624632 0.306185 0.010539 0.015679
0 0.127696 0.327962 0.027941 0.059233
0 0.548284 0.307056 0.006863 0.018293
0 0.440196 0.330139 0.059314 0.067073
0 0.398162 0.304443 0.009559 0.020906
0 0.259681 0.321864 0.070343 0.055749
0 0.881373 0.299434 0.011275 0.012631
0 0.322794 0.306838 0.013725 0.027439
0 0.970833 0.300958 0.010294 0.018293
0 0.123284 0.29399 0.005882 0.011324
0 0.466299 0.290505 0.008088 0.016551
0 0.112745 0.303354 0.011765 0.050087
0 0.486152 0.299216 0.030147 0.05662
0 0.993995 0.275915 0.01201 0.010889
0 0.397426 0.280488 0.005637 0.020035
0 0.121201 0.268728 0.010539 0.022648
0 0.895588 0.261977 0.008333 0.015244
0 0.86777 0.271995 0.042402 0.039634
0 0.838971 0.258493 0.004412 0.015244
0 0.826716 0.265244 0.014216 0.028746
0 0.985294 0.256315 0.029412 0.012631
0 0.946324 0.257186 0.039216 0.014373
0 0.84951 0.256098 0.005392 0.012195
0 0.725 0.271559 0.053431 0.043118
0 0.616299 0.295296 0.108578 0.090592
0 0.375123 0.307709 0.070343 0.115418
0 0.344485 0.2598 0.014461 0.019599
0 0.162623 0.289416 0.043873 0.078833
