0 0.860907 0.92574 0.009069 0.023955
0 0.737745 0.499129 0.009804 0.015679
0 0.823284 0.490418 0.005392 0.012195
0 0.294608 0.445775 0.004902 0.014373
0 0.734681 0.463197 0.009069 0.055314
0 0.795956 0.464068 0.043382 0.070993
0 0.677083 0.446646 0.007598 0.03615
0 0.072549 0.408319 0.019118 0.008275
0 0.714828 0.395253 0.007108 0.025697
0 0.052451 0.383275 0.014216 0.009582
0 0.089951 0.38872 0.035294 0.023084
0 0.648529 0.372169 0.006863 0.014373
0 0.583088 0.369556 0.016176 0.02047
0 0.072426 0.363458 0.0125 0.02047
0 0.819975 0.351045 0.005147 0.019164
0 0.577941 0.34669 0.019118 0.030488
0 0.553431 0.343423 0.028431 0.024826
0 0.002574 0.340157 0.005147 0.030488
0 0.153186 0.325131 0.011275 0.010017
0 0.59375 0.325131 0.007598 0.027439
0 0.047304 0.335366 0.070098 0.054878
0 0.171078 0.309887 0.010294 0.019599
0 0.108946 0.297692 0.042402 0.050958
0 0.707353 0.283319 0.026471 0.037892
0 0.128064 0.263284 0.007108 0.006533
0 0.631495 0.265897 0.003186 0.02047
0 0.672917 0.330575 0.032108 0.155052
0 0.039951 0.281359 0.063235 0.05662
0 0.004412 0.264155 0.008824 0.022213
0 0.169608 0.277003 0.023529 0.050523
0 0.661765 0.266551 0.008824 0.033101
0 0.591667 0.255226 0.006863 0.010453
0 0.533088 0.258057 0.004902 0.016115
0 0.504779 0.256533 0.006618 0.013066
0 0.149877 0.263937 0.015441 0.027875
0 0.096446 0.263066 0.018873 0.026132
