0 0.03457 0.647917 0.012891 0.009722
0 0.942969 0.56875 0.027344 0.054167
0 0.948828 0.530903 0.010937 0.01875
0 0.006836 0.469792 0.013672 0.021528
0 0.582227 0.431597 0.010547 0.020139
0 0.0125 0.440972 0.025 0.038889
0 0.902734 0.492708 0.073438 0.171528
0 0.970898 0.466319 0.058203 0.14375
0 0.100391 0.356944 0.017969 0.011111
0 0.496875 0.349306 0.009375 0.015278
0 0.122266 0.341319 0.010156 0.027083
0 0.266406 0.329861 0.021094 0.0125
0 0.312891 0.338194 0.041406 0.0375
0 0.226953 0.313542 0.013281 0.015972
0 0.20293 0.312153 0.016797 0.017361
0 0.612305 0.315972 0.011328 0.031944
0 0.347656 0.303125 0.028125 0.01875
0 0.301758 0.291667 0.016016 0.013889
0 0.211523 0.284375 0.011328 0.017361
0 0.132031 0.307292 0.095312 0.074306
0 0.715625 0.286806 0.032813 0.036111
0 0.302148 0.267361 0.017578 0.016667
0 0.689453 0.259028 0.032031 0.018056
0 0.629687 0.274653 0.014063 0.049306
0 0.614258 0.260417 0.009766 0.020833
