0 0.905273 0.913889 0.017578 0.026389
0 0.880664 0.845833 0.006641 0.016667
0 0.994922 0.845139 0.010156 0.020833
0 0.643555 0.759722 0.016016 0.011111
0 0.632617 0.677431 0.009766 0.017361
0 0.216992 0.558333 0.013672 0.0125
0 0.658008 0.644444 0.028516 0.222222
0 0.994531 0.520833 0.010937 0.084722
0 0.729688 0.478125 0.010937 0.053472
0 0.019727 0.457639 0.039453 0.018056
0 0.061523 0.454861 0.012891 0.016667
0 0.668164 0.537847 0.065234 0.228472
0 0.00332 0.369097 0.006641 0.022917
0 0.794727 0.346181 0.010547 0.017361
0 0.581445 0.353125 0.013672 0.03125
0 0.666992 0.338194 0.009766 0.013889
0 0.728516 0.335764 0.019531 0.045139
0 0.967187 0.305903 0.019531 0.017361
0 0.816406 0.3125 0.028906 0.056944
0 0.606445 0.295833 0.013672 0.027778
0 0.988672 0.268403 0.022656 0.036806
0 0.735938 0.284028 0.045312 0.068056
