0 0.862868 0.996733 0.008578 0.006533
0 0.188971 0.99412 0.012255 0.01176
0 0.954412 0.990418 0.005882 0.019164
0 0.920466 0.985192 0.018873 0.025261
0 0.907108 0.981272 0.006863 0.018293
0 0.18652 0.976045 0.011765 0.013066
0 0.934926 0.976699 0.005147 0.016986
0 0.894363 0.968641 0.021569 0.019164
0 0.877696 0.962544 0.014216 0.009582
0 0.906863 0.950131 0.016667 0.015244
0 0.866176 0.942073 0.031373 0.045296
0 0.908946 0.92574 0.008088 0.018728
0 0.885662 0.936629 0.024265 0.041376
0 0.897549 0.918554 0.012745 0.011324
0 0.889951 0.902003 0.005882 0.013066
0 0.861275 0.90723 0.015686 0.023519
0 0.871078 0.898737 0.007353 0.013502
0 0.829044 0.882404 0.009069 0.012195
0 0.810539 0.881533 0.008824 0.017422
0 0.331373 0.870427 0.008824 0.023955
0 0.802819 0.862152 0.010049 0.012631
0 0.832966 0.858667 0.009559 0.008275
0 0.99277 0.857796 0.014461 0.016986
0 0.571569 0.85649 0.010294 0.014373
0 0.543137 0.850828 0.010294 0.007404
0 0.527696 0.850828 0.004902 0.013502
0 0.501838 0.844512 0.009559 0.013066
0 0.594853 0.841246 0.005392 0.013502
0 0.564461 0.837544 0.007843 0.013937
0 0.76152 0.83885 0.012745 0.023519
0 0.635417 0.83297 0.010539 0.016986
0 0.558456 0.831446 0.004657 0.014808
0 0.743627 0.828615 0.009314 0.023955
0 0.663848 0.819469 0.01201 0.016986
0 0.990196 0.821864 0.019608 0.027003
0 0.963358 0.814895 0.018382 0.013066
0 0.752206 0.808798 0.005882 0.011324
0 0.586887 0.803354 0.009559 0.01176
0 0.618873 0.803571 0.007353 0.013066
0 0.346446 0.587761 0.004657 0.016115
0 0.015809 0.582099 0.008088 0.008275
0 0.323162 0.607796 0.027206 0.065767
0 0.336275 0.556402 0.019608 0.021341
0 0.306005 0.538981 0.021814 0.022213
0 0.015686 0.543772 0.031373 0.041376
0 0.937255 0.519599 0.018627 0.016551
0 0.908701 0.500653 0.010539 0.008275
0 0.28076 0.50784 0.03799 0.022648
0 0.988971 0.51176 0.019118 0.044425
0 0.256005 0.490418 0.005637 0.012195
0 0.953922 0.493249 0.012745 0.038763
0 0.931373 0.476699 0.017647 0.042247
0 0.909681 0.454486 0.017402 0.030052
0 0.754657 0.442073 0.006373 0.009582
0 0.738848 0.439242 0.017402 0.006533
0 0.888235 0.434669 0.008824 0.010453
0 0.471814 0.430096 0.006373 0.01176
0 0.798039 0.422909 0.040686 0.015679
0 0.301593 0.382186 0.010539 0.016115
0 0.351225 0.377613 0.009314 0.027875
0 0.747549 0.356707 0.009804 0.012195
0 0.768015 0.357143 0.018873 0.015679
0 0.734191 0.355401 0.009559 0.013937
0 0.725613 0.334495 0.006127 0.00784
0 0.712745 0.334059 0.010294 0.00784
0 0.265196 0.326655 0.006863 0.017422
0 0.954167 0.340592 0.007353 0.047909
0 0.147426 0.317073 0.008578 0.026132
0 0.739583 0.313589 0.018382 0.021777
0 0.223652 0.305749 0.011029 0.008711
0 0.339216 0.306402 0.006863 0.013502
0 0.728431 0.292901 0.007353 0.012631
0 0.754779 0.287239 0.007108 0.008275
0 0.340196 0.28615 0.005882 0.014808
0 0.620098 0.276786 0.007353 0.007404
0 0.743873 0.278092 0.018137 0.016115
0 0.65527 0.268293 0.008088 0.006969
0 0.196446 0.281141 0.01201 0.042247
0 0.96299 0.262195 0.009804 0.02439
0 0.885172 0.254355 0.01152 0.008711
0 0.658088 0.254573 0.013235 0.009146
0 0.623039 0.258275 0.016176 0.016551
0 0.284926 0.254138 0.011029 0.008275
0 0.228431 0.272213 0.02549 0.044425
0 0.166054 0.25588 0.009069 0.01176
0 0.130637 0.258929 0.014216 0.017857
0 0.094608 0.277657 0.023529 0.055314
0 0.038725 0.277003 0.077451 0.054007
