0 0.55723 0.996951 0.008578 0.006098
0 0.932353 0.995645 0.007353 0.008711
0 0.733946 0.991943 0.015441 0.016115
0 0.924755 0.979965 0.006373 0.018293
0 0.897059 0.973868 0.007353 0.010453
0 0.533088 0.981707 0.022059 0.036585
0 0.523897 0.950784 0.005147 0.010453
0 0.71973 0.955139 0.021324 0.027003
0 0.973775 0.946429 0.009314 0.011324
0 0.68848 0.963632 0.04951 0.072735
0 0.806005 0.93358 0.005147 0.015244
0 0.952328 0.918118 0.014461 0.013937
0 0.798407 0.913328 0.0125 0.021777
0 0.555882 0.902221 0.013235 0.015244
0 0.541422 0.942509 0.033333 0.101916
0 0.956863 0.887631 0.005882 0.012195
0 0.797181 0.881098 0.01299 0.021777
0 0.528064 0.878267 0.021324 0.016115
0 0.917157 0.870209 0.008824 0.014808
0 0.478799 0.846472 0.005147 0.009146
0 0.78027 0.860627 0.017892 0.050523
0 0.215809 0.838632 0.006127 0.008275
0 0.167647 0.83885 0.006863 0.013937
0 0.977819 0.83493 0.006618 0.011324
0 0.987623 0.833188 0.009559 0.011324
0 0.955147 0.889808 0.089706 0.128049
0 0.799142 0.83493 0.004657 0.019164
0 0.182843 0.827091 0.008333 0.013937
0 0.099755 0.815549 0.007843 0.009146
0 0.119975 0.811847 0.017402 0.013066
0 0.984436 0.809887 0.015931 0.016115
0 0.190931 0.803354 0.010784 0.009146
0 0.772917 0.802047 0.007598 0.015244
0 0.135784 0.799869 0.006373 0.013502
0 0.7875 0.805096 0.021078 0.029181
0 0.195098 0.79007 0.010784 0.017422
0 0.976103 0.782666 0.008088 0.00784
0 0.239461 0.773301 0.007353 0.013502
0 0.146691 0.770906 0.007108 0.008711
0 0.32451 0.777875 0.007843 0.025261
0 0.776348 0.781141 0.021324 0.037892
0 0.126716 0.764373 0.008333 0.00784
0 0.78701 0.765026 0.010294 0.017857
0 0.247304 0.760453 0.007843 0.008711
0 0.20625 0.760671 0.006127 0.013502
0 0.298162 0.752178 0.007598 0.006098
0 0.372426 0.741289 0.008088 0.008711
0 0.77402 0.744556 0.012255 0.016986
0 0.935049 0.770906 0.056373 0.070557
0 0.153554 0.737369 0.020343 0.016551
0 0.357475 0.737587 0.016422 0.019599
0 0.129412 0.726263 0.012255 0.012631
0 0.825368 0.732143 0.01348 0.030488
0 0.046078 0.722125 0.008333 0.011324
0 0.697181 0.72169 0.008578 0.011324
0 0.431005 0.723868 0.047304 0.022648
0 0.780637 0.726481 0.017157 0.030488
0 0.354657 0.712761 0.007353 0.014373
0 0.45674 0.711019 0.006127 0.014373
0 0.366422 0.704486 0.011275 0.019599
0 0.350613 0.699477 0.006127 0.011324
0 0.293015 0.700348 0.009559 0.013066
0 0.065686 0.699477 0.005882 0.017422
0 0.334804 0.698171 0.017647 0.020906
0 0.383824 0.694686 0.009314 0.023519
0 0.302574 0.686629 0.005147 0.018728
0 0.780147 0.692073 0.011765 0.030488
0 0.527451 0.683145 0.008333 0.015244
0 0.537377 0.684887 0.016912 0.027439
0 0.971446 0.675523 0.009069 0.013066
0 0.669118 0.667683 0.010294 0.012195
0 0.415686 0.666159 0.006373 0.01176
0 0.954902 0.669207 0.017647 0.018728
0 0.445466 0.680967 0.039461 0.043118
0 0.922794 0.651132 0.009804 0.025261
0 0.090074 0.642639 0.014461 0.017857
0 0.654412 0.642639 0.014706 0.02047
0 0.939338 0.637195 0.005147 0.021777
0 0.705392 0.628484 0.018137 0.017422
0 0.250245 0.625871 0.011765 0.013937
0 0.203309 0.623258 0.013971 0.018293
0 0.051961 0.651568 0.103922 0.078397
0 0.260662 0.618031 0.007108 0.013066
0 0.190564 0.616289 0.009559 0.013937
0 0.239706 0.612805 0.012255 0.013066
0 0.684069 0.600174 0.008333 0.009582
0 0.119608 0.604312 0.025 0.023955
0 0.263603 0.596254 0.019853 0.020035
0 0.280882 0.586455 0.009314 0.014373
0 0.821078 0.641333 0.059314 0.128484
0 0.770833 0.616289 0.031863 0.11324
0 0.796324 0.562936 0.009314 0.016115
0 0.756863 0.551829 0.007353 0.010453
0 0.914216 0.581664 0.017157 0.094512
0 0.753554 0.531359 0.006127 0.021777
0 0.992157 0.52439 0.015686 0.009582
0 0.256495 0.506751 0.01152 0.009146
0 0.966912 0.571429 0.066176 0.156794
0 0.964461 0.460801 0.005392 0.012195
0 0.652574 0.413545 0.006618 0.010889
0 0.206127 0.410714 0.008824 0.006098
0 0.939093 0.407666 0.009069 0.011324
0 0.218382 0.389155 0.007353 0.013502
0 0.916176 0.419425 0.022059 0.083624
0 0.254657 0.376089 0.008333 0.006533
0 0.953064 0.365854 0.009069 0.018293
0 0.961275 0.352134 0.006373 0.012631
0 0.933946 0.345601 0.046814 0.0527
0 0.980392 0.327526 0.039216 0.027875
0 0.174877 0.316855 0.014461 0.015244
0 0.48223 0.311193 0.008578 0.004791
0 0.372794 0.311847 0.006863 0.012195
0 0.979412 0.301176 0.014706 0.022213
0 0.496936 0.292683 0.009559 0.015679
0 0.191422 0.295514 0.02549 0.026568
0 0.609436 0.266986 0.005637 0.011324
0 0.932108 0.289634 0.040196 0.070557
0 0.971691 0.255226 0.006618 0.009582
0 0.504044 0.256315 0.0125 0.01176
0 0.474265 0.271559 0.048039 0.043118
0 0.434681 0.266986 0.018873 0.033972
0 0.23174 0.26176 0.01201 0.023519
0 0.013848 0.265462 0.019853 0.030923
