0 0.058594 0.9 0.053906 0.041667
0 0.060156 0.879514 0.019531 0.021528
0 0.120703 0.815625 0.021094 0.017361
0 0.168555 0.800694 0.025391 0.015278
0 0.242578 0.657292 0.035156 0.029861
0 0.295703 0.608681 0.051562 0.049306
0 0.302344 0.564583 0.017188 0.031944
0 0.095117 0.576736 0.015234 0.078472
0 0.219141 0.534722 0.017188 0.034722
0 0.9 0.543403 0.1625 0.075694
0 0.016016 0.537153 0.032031 0.078472
0 0.885352 0.501736 0.043359 0.028472
0 0.139844 0.496181 0.025 0.027083
0 0.241992 0.495833 0.016016 0.040278
0 0.27793 0.483681 0.009766 0.028472
0 0.707227 0.457639 0.038672 0.020833
0 0.775391 0.430903 0.014844 0.01875
0 0.841602 0.417708 0.011328 0.013194
0 0.095117 0.459028 0.055078 0.104167
0 0.433008 0.433333 0.066016 0.063889
0 0.685352 0.4125 0.014453 0.036111
0 0.706055 0.406944 0.023828 0.029167
0 0.139258 0.421528 0.021484 0.070833
0 0.758789 0.388542 0.020703 0.015972
0 0.55 0.387847 0.009375 0.017361
0 0.891797 0.393403 0.066406 0.040972
0 0.469922 0.376389 0.011719 0.029167
0 0.644336 0.363542 0.011328 0.011806
0 0.991992 0.3625 0.016016 0.0125
0 0.774219 0.364583 0.022656 0.019444
0 0.823438 0.364931 0.015625 0.021528
0 0.733984 0.363889 0.034375 0.019444
0 0.666016 0.362847 0.022656 0.017361
0 0.621875 0.370833 0.020313 0.033333
0 0.854297 0.358681 0.016406 0.028472
0 0.954688 0.365972 0.048438 0.052778
0 0.319336 0.363542 0.015234 0.05625
0 0.473828 0.336806 0.008594 0.018056
0 0.630859 0.328819 0.014844 0.032639
0 0.731055 0.319444 0.008203 0.022222
0 0.868555 0.318056 0.053516 0.041667
0 0.94082 0.304167 0.009766 0.029167
0 0.965625 0.3 0.007031 0.023611
0 0.989648 0.3 0.014453 0.027778
0 0.406836 0.298958 0.009766 0.034028
0 0.690625 0.286458 0.025 0.025694
0 0.395117 0.277083 0.019922 0.040278
0 0.368945 0.284375 0.023828 0.05625
0 0.325977 0.274306 0.025391 0.043056
0 0.202734 0.269097 0.025 0.035417
0 0.625195 0.262847 0.023047 0.025694
0 0.603125 0.260764 0.011719 0.021528
0 0.450781 0.288542 0.090625 0.077083
