0 0.012377 0.996516 0.009069 0.006969
0 0.059804 0.992596 0.009804 0.014808
0 0.43848 0.913981 0.011275 0.01176
0 0.478431 0.895906 0.006863 0.008711
0 0.50527 0.894164 0.007598 0.014808
0 0.489583 0.879355 0.008578 0.010453
0 0.452941 0.88088 0.009804 0.014373
0 0.460049 0.870209 0.005392 0.010453
0 0.425368 0.869556 0.0125 0.019599
0 0.473039 0.859756 0.006863 0.008711
0 0.431005 0.853659 0.006618 0.011324
0 0.490686 0.860192 0.017157 0.026132
0 0.457843 0.852134 0.006373 0.012631
0 0.448897 0.85649 0.013971 0.037892
0 0.444118 0.834059 0.026471 0.026132
0 0.423897 0.824042 0.010539 0.015679
0 0.418015 0.802483 0.009559 0.018728
0 0.399877 0.793772 0.007598 0.017857
0 0.51201 0.817726 0.014706 0.072735
0 0.415809 0.776132 0.008578 0.019164
0 0.524265 0.76372 0.010784 0.014373
0 0.361642 0.753484 0.008088 0.010453
0 0.53701 0.7402 0.007843 0.007404
0 0.540319 0.721037 0.0125 0.016115
0 0.002941 0.667901 0.005882 0.010889
0 0.403554 0.658319 0.011029 0.006533
0 0.560417 0.658101 0.007598 0.013066
0 0.219118 0.648955 0.005882 0.013937
0 0.357108 0.647213 0.007353 0.013066
0 0.24326 0.620427 0.006127 0.015244
0 0.038358 0.609756 0.007598 0.008711
0 0.253922 0.609538 0.006373 0.010017
0 0.265074 0.608014 0.010049 0.010453
0 0.958211 0.57426 0.01299 0.015244
0 0.029412 0.5527 0.009804 0.006098
0 0.509191 0.538763 0.027696 0.013066
0 0.024265 0.535932 0.020588 0.007404
0 0.040931 0.53223 0.009314 0.010453
0 0.137132 0.525915 0.009559 0.010017
0 0.376471 0.489547 0.010294 0.011324
0 0.291912 0.492596 0.02598 0.033101
0 0.057598 0.501742 0.043627 0.05662
0 0.345466 0.482578 0.005637 0.020035
0 0.333701 0.489765 0.017892 0.035279
0 0.457475 0.471254 0.010049 0.006969
0 0.542525 0.456664 0.019853 0.015244
0 0.07549 0.456882 0.007843 0.019164
0 0.465564 0.450131 0.007108 0.010017
0 0.388358 0.447953 0.015441 0.007404
0 0.255392 0.461672 0.004902 0.04007
0 0.474632 0.4473 0.005637 0.013066
0 0.372426 0.440984 0.009069 0.010889
0 0.681618 0.439678 0.037255 0.016986
0 0.355392 0.438153 0.011275 0.029617
0 0.759804 0.427265 0.023039 0.016551
0 0.714828 0.425958 0.023284 0.030488
0 0.493382 0.413981 0.009314 0.012631
0 0.748284 0.414852 0.010294 0.015244
0 0.093015 0.427265 0.01348 0.068815
0 0.922304 0.39743 0.005882 0.013502
0 0.053186 0.43162 0.019608 0.090592
0 0.265074 0.388502 0.008088 0.012195
0 0.978554 0.384364 0.007598 0.009146
0 0.763848 0.384364 0.006618 0.009146
0 0.13701 0.388066 0.012745 0.021777
0 0.048407 0.398737 0.008578 0.046603
0 0.289706 0.403528 0.031863 0.057927
0 0.357966 0.389155 0.028676 0.050087
0 0.35098 0.3652 0.007353 0.008275
0 0.015441 0.445122 0.030882 0.169861
0 0.634314 0.368902 0.030392 0.019164
0 0.370956 0.366289 0.003676 0.013937
0 0.576471 0.350174 0.011765 0.012195
0 0.602941 0.349303 0.006373 0.012195
0 0.743995 0.35649 0.017892 0.037021
0 0.496936 0.371733 0.01299 0.06838
0 0.516544 0.351916 0.031618 0.042683
0 0.590686 0.34277 0.010294 0.028746
0 0.366054 0.342552 0.009559 0.031794
0 0.275735 0.326437 0.007843 0.010017
0 0.151838 0.340592 0.017892 0.04007
0 0.32598 0.374129 0.048039 0.108014
0 0.928186 0.317944 0.006863 0.012195
0 0.398897 0.346908 0.033088 0.070122
0 0.590809 0.315767 0.010539 0.016551
0 0.086642 0.330139 0.020833 0.046167
0 0.289093 0.309233 0.009069 0.012195
0 0.19277 0.316855 0.016422 0.029181
0 0.525858 0.311193 0.01201 0.02047
0 0.432721 0.298563 0.007108 0.008275
0 0.775123 0.31054 0.006127 0.034843
0 0.335294 0.299652 0.007843 0.020906
0 0.36152 0.295078 0.006373 0.012631
0 0.347672 0.294425 0.007598 0.013937
0 0.859436 0.297038 0.01152 0.020035
0 0.844853 0.30074 0.008824 0.027439
0 0.760907 0.297909 0.004167 0.021777
0 0.29902 0.293772 0.008824 0.016115
0 0.631985 0.319033 0.035539 0.070993
0 0.734314 0.307056 0.045588 0.04878
0 0.022059 0.317944 0.044118 0.070557
0 0.605147 0.294207 0.007353 0.034408
0 0.888603 0.294425 0.010539 0.037456
0 0.453064 0.335584 0.067892 0.119774
0 0.28027 0.283537 0.022304 0.018293
0 0.761275 0.278746 0.005882 0.010453
0 0.404657 0.288545 0.019608 0.037892
0 0.327574 0.274608 0.007598 0.010889
0 0.444853 0.279399 0.021078 0.026568
0 0.559314 0.311629 0.046569 0.09277
0 0.899632 0.280706 0.006618 0.042247
0 0.809069 0.294207 0.056863 0.071864
0 0.675 0.305096 0.033824 0.094512
0 0.943995 0.283754 0.064461 0.0527
0 0.61875 0.266768 0.009559 0.023084
0 0.716789 0.268946 0.010539 0.032666
0 0.906127 0.266115 0.004902 0.027875
0 0.476838 0.256751 0.009559 0.010889
0 0.015686 0.264155 0.031373 0.025697
0 0.845588 0.267639 0.008824 0.033537
0 0.703431 0.288981 0.010784 0.077091
0 0.986887 0.272866 0.013971 0.045732
0 0.958333 0.25784 0.007843 0.015679
0 0.86152 0.260889 0.015686 0.021777
0 0.83174 0.253484 0.009559 0.006969
0 0.789706 0.256315 0.015196 0.012631
0 0.591422 0.25588 0.006373 0.01176
0 0.58223 0.262413 0.011029 0.024826
0 0.531127 0.264808 0.010294 0.029617
0 0.492034 0.258929 0.006127 0.017857
0 0.452451 0.257622 0.017647 0.015244
0 0.337745 0.270035 0.05 0.04007
0 0.193873 0.281794 0.109314 0.063589
