0 0.385907 0.82426 0.005147 0.014373
0 0.24902 0.817944 0.014706 0.023519
0 0.432475 0.805314 0.007598 0.015679
0 0.351716 0.802918 0.006863 0.01176
0 0.306985 0.802918 0.005147 0.012631
0 0.06875 0.804878 0.014461 0.016551
0 0.035784 0.808145 0.021078 0.023955
0 0.01826 0.809451 0.011029 0.030923
0 0.333946 0.813807 0.022794 0.042247
0 0.405147 0.800523 0.008333 0.020035
0 0.260049 0.801394 0.011275 0.021777
0 0.424387 0.798127 0.01348 0.017857
0 0.299142 0.789199 0.006127 0.00784
0 0.280515 0.790941 0.009559 0.012195
0 0.062377 0.790723 0.008088 0.01176
0 0.073284 0.787892 0.008824 0.008711
0 0.268137 0.790941 0.005882 0.027875
0 0.049632 0.783972 0.010539 0.014808
0 0.203554 0.777003 0.006618 0.008711
0 0.445343 0.779399 0.005882 0.015244
0 0.131373 0.778746 0.006373 0.015679
0 0.166544 0.779181 0.008088 0.020035
0 0.062255 0.773955 0.005882 0.013066
0 0.103676 0.768293 0.012745 0.013066
0 0.138113 0.767639 0.006618 0.014373
0 0.253799 0.764591 0.007108 0.014373
0 0.064461 0.763284 0.009314 0.012631
0 0.272181 0.765462 0.007108 0.018728
0 0.435172 0.768293 0.010539 0.025261
0 0.343873 0.760017 0.006373 0.010453
0 0.4 0.755226 0.012255 0.015679
0 0.406863 0.73628 0.006373 0.015244
0 0.393015 0.728876 0.01152 0.012631
0 0.429044 0.739111 0.03848 0.036585
0 0.904289 0.640679 0.009069 0.009582
0 0.873284 0.632186 0.021078 0.010017
0 0.85625 0.637195 0.010049 0.027875
0 0.817892 0.629138 0.008824 0.012631
0 0.833333 0.620645 0.027451 0.03223
0 0.798529 0.609974 0.034804 0.018728
0 0.786275 0.580575 0.006863 0.006098
0 0.808088 0.586019 0.022549 0.02831
0 0.813603 0.564242 0.033088 0.019599
0 0.350858 0.540505 0.010049 0.006969
0 0.406005 0.543118 0.005147 0.02439
0 0.791667 0.541812 0.035294 0.029617
0 0.256495 0.530488 0.007598 0.013937
0 0.795466 0.516115 0.019853 0.013937
0 0.487377 0.488023 0.008088 0.007404
0 0.788113 0.432274 0.008578 0.009146
0 0.722917 0.425523 0.006618 0.011324
0 0.711152 0.423127 0.010049 0.01176
0 0.822917 0.44534 0.059069 0.073606
0 0.721201 0.41311 0.008578 0.01176
0 0.810172 0.416812 0.01299 0.020035
0 0.696691 0.391333 0.015441 0.023084
0 0.745466 0.388937 0.044363 0.150697
0 0.485662 0.294207 0.006127 0.016986
0 0.528554 0.274608 0.007108 0.012631
0 0.01201 0.272213 0.02402 0.016551
0 0.14902 0.263284 0.007843 0.016115
0 0.547304 0.253484 0.007353 0.006969
0 0.103064 0.253049 0.0125 0.006098
0 0.021324 0.25588 0.020588 0.01176
