0 0.708398 0.992014 0.008984 0.015972
0 0.3125 0.967014 0.019531 0.020139
0 0.882812 0.968403 0.014063 0.034028
0 0.855664 0.96875 0.009766 0.034722
0 0.82168 0.951389 0.008984 0.026389
0 0.39043 0.943403 0.011328 0.022917
0 0.731445 0.949653 0.020703 0.050694
0 0.212695 0.928819 0.012109 0.021528
0 0.812305 0.924653 0.018359 0.029861
0 0.786914 0.927431 0.022266 0.035417
0 0.756836 0.919792 0.012891 0.03125
0 0.830469 0.889236 0.010937 0.024306
0 0.392578 0.892708 0.011719 0.035417
0 0.76875 0.872222 0.008594 0.031944
0 0.760352 0.846875 0.062109 0.053472
0 0.760938 0.818403 0.014063 0.034028
0 0.739844 0.803472 0.014844 0.026389
0 0.693164 0.789583 0.032422 0.033333
0 0.750195 0.784375 0.011328 0.027083
0 0.700195 0.772222 0.007422 0.018056
0 0.71543 0.760069 0.034766 0.070139
0 0.698828 0.711806 0.007812 0.029167
0 0.67832 0.705903 0.015234 0.028472
0 0.65 0.701389 0.021875 0.026389
0 0.959375 0.706597 0.08125 0.136806
0 0.927344 0.589931 0.019531 0.036806
0 0.869531 0.585417 0.021875 0.047222
0 0.923828 0.555556 0.014844 0.016667
0 0.654297 0.578125 0.0625 0.061806
0 0.968164 0.551736 0.063672 0.089583
0 0.386914 0.489931 0.014453 0.021528
0 0.40918 0.487847 0.015234 0.01875
0 0.942383 0.48125 0.011328 0.022222
0 0.917969 0.477778 0.027344 0.0375
0 0.422852 0.459375 0.011328 0.017361
0 0.134375 0.465278 0.027344 0.05
0 0.77832 0.417708 0.023828 0.010417
0 0.798242 0.411806 0.007422 0.026389
0 0.283789 0.407292 0.018359 0.038194
0 0.140039 0.380208 0.007422 0.027083
0 0.984766 0.302778 0.030469 0.015278
0 0.758984 0.273264 0.009375 0.01875
0 0.93125 0.289583 0.039844 0.065278
0 0.961523 0.278472 0.011328 0.055556
0 0.772656 0.263889 0.020313 0.027778
0 0.629297 0.272569 0.049219 0.045139
0 0.604883 0.284028 0.050391 0.068056
0 0.555469 0.262847 0.01875 0.025694
