0 0.388086 0.990972 0.016016 0.018056
0 0.402539 0.957986 0.014453 0.017361
0 0.588672 0.930556 0.009375 0.020833
0 0.577734 0.902083 0.024219 0.019444
0 0.070117 0.7875 0.013672 0.019444
0 0.025977 0.791667 0.041797 0.077778
0 0.038672 0.733681 0.067187 0.089583
0 0.898828 0.670486 0.202344 0.149306
0 0.837891 0.599306 0.014844 0.019444
0 0.785547 0.570833 0.029687 0.018056
0 0.526172 0.585764 0.016406 0.065972
0 0.927539 0.463889 0.106641 0.058333
0 0.847656 0.458333 0.040625 0.048611
0 0.771484 0.432292 0.010156 0.022917
0 0.788867 0.425347 0.011328 0.021528
0 0.863281 0.384722 0.028906 0.027778
0 0.913867 0.391667 0.025391 0.061111
0 0.98125 0.323958 0.025781 0.013194
0 0.884766 0.323611 0.063281 0.036111
0 0.889844 0.285069 0.010156 0.013194
0 0.984961 0.285069 0.019922 0.024306
0 0.443945 0.300347 0.031641 0.059028
0 0.941992 0.268056 0.012109 0.019444
0 0.901172 0.268403 0.017969 0.036806
0 0.467969 0.272222 0.0625 0.044444
0 0.41875 0.264583 0.011719 0.029167
0 0.394336 0.255903 0.016797 0.011806
