0 0.907598 0.995209 0.007353 0.009582
0 0.887255 0.993467 0.004412 0.013066
0 0.829779 0.912021 0.003676 0.017422
0 0.964461 0.702091 0.014216 0.013937
0 0.98799 0.697735 0.02402 0.033101
0 0.970588 0.650697 0.011765 0.018293
0 0.006373 0.641115 0.012745 0.011324
0 0.932475 0.633929 0.009069 0.009146
0 0.032108 0.635453 0.008824 0.014808
0 0.017647 0.62892 0.007843 0.016551
0 0.006005 0.621951 0.01201 0.027875
0 0.889828 0.610845 0.010539 0.007404
0 0.953064 0.610845 0.018873 0.014373
0 0.864093 0.606707 0.010539 0.013066
0 0.017279 0.604312 0.009069 0.010889
0 0.035417 0.605401 0.031618 0.027003
0 0.887623 0.594948 0.007598 0.008711
0 0.8625 0.58885 0.017157 0.010453
0 0.830392 0.582753 0.009314 0.017422
0 0.061275 0.58493 0.023039 0.040941
0 0.114951 0.552483 0.010294 0.017857
0 0.143873 0.531794 0.023529 0.025261
0 0.13076 0.52047 0.010539 0.00784
0 0.516912 0.477352 0.007843 0.019164
0 0.007843 0.441202 0.015686 0.012195
0 0.616544 0.440113 0.005147 0.024826
0 0.507843 0.445993 0.012745 0.041812
0 0.015074 0.430531 0.007108 0.01176
0 0.838113 0.425305 0.005637 0.023955
0 0.134314 0.486498 0.247059 0.146341
0 0.239828 0.405706 0.030147 0.019599
0 0.659559 0.397213 0.005882 0.010453
0 0.881863 0.393946 0.004412 0.013502
0 0.291176 0.392422 0.014706 0.010453
0 0.082108 0.392857 0.005392 0.015679
0 0.013725 0.3848 0.027451 0.012631
0 0.228922 0.381751 0.007353 0.015244
0 0.804902 0.384582 0.025 0.021777
0 0.874755 0.368902 0.005392 0.012195
0 0.851716 0.366943 0.005392 0.008275
0 0.244485 0.370427 0.008088 0.016986
0 0.104167 0.377613 0.059314 0.037456
0 0.921446 0.378267 0.035049 0.040505
0 0.809681 0.358014 0.01201 0.008711
0 0.307598 0.355183 0.007353 0.008275
0 0.193995 0.355183 0.015931 0.01176
0 0.584804 0.374782 0.014706 0.06054
0 0.227451 0.349521 0.007843 0.010017
0 0.268015 0.358667 0.032598 0.034408
0 0.238725 0.350828 0.011275 0.023084
0 0.335049 0.344294 0.007843 0.015244
0 0.303676 0.342334 0.014706 0.013937
0 0.601593 0.344294 0.0125 0.019599
0 0.128554 0.33885 0.0125 0.020035
0 0.26973 0.336672 0.021814 0.025261
0 0.294485 0.328833 0.009069 0.011324
0 0.321569 0.328833 0.007353 0.015679
0 0.81348 0.321646 0.027941 0.010017
0 0.244608 0.325784 0.011275 0.018293
0 0.200858 0.322953 0.01299 0.019599
0 0.282475 0.314242 0.006127 0.008275
0 0.813235 0.305096 0.020098 0.010017
0 0.878309 0.358667 0.121324 0.119774
0 0.022794 0.307056 0.015686 0.029617
0 0.500123 0.297909 0.006127 0.016551
0 0.886765 0.300087 0.027941 0.027003
0 0.834926 0.290287 0.017402 0.010889
0 0.317402 0.29203 0.005392 0.030052
0 0.447426 0.281359 0.007598 0.012195
0 0.698529 0.281794 0.027451 0.017422
0 0.004534 0.273301 0.009069 0.006533
0 0.679902 0.275261 0.007353 0.015679
0 0.055515 0.272213 0.004167 0.009582
0 0.177696 0.277657 0.014216 0.026568
0 0.461275 0.289634 0.021078 0.052265
0 0.497549 0.270035 0.009804 0.020035
0 0.23027 0.266986 0.011029 0.018293
0 0.585172 0.280052 0.013971 0.049652
0 0.304167 0.269164 0.004412 0.028746
0 0.173529 0.255226 0.007353 0.009582
0 0.853064 0.269817 0.094363 0.039634
0 0.686642 0.261324 0.013971 0.022648
0 0.205637 0.271995 0.016667 0.04399
0 0.159069 0.263284 0.017157 0.026568
0 0.05674 0.256315 0.005147 0.012631
