0 0.629044 0.982578 0.034069 0.034843
0 0.019118 0.962108 0.009804 0.021777
0 0.060294 0.949913 0.005392 0.011324
0 0.91875 0.948606 0.008088 0.013066
0 0.908578 0.945775 0.009314 0.007404
0 0.089828 0.889373 0.007598 0.006969
0 0.006618 0.891115 0.013235 0.02439
0 0.187377 0.883493 0.006127 0.010889
0 0.115441 0.880226 0.007353 0.006098
0 0.876716 0.882186 0.022059 0.019599
0 0.099142 0.876089 0.010049 0.012631
0 0.025613 0.880009 0.023775 0.02831
0 0.147917 0.870645 0.007598 0.012195
0 0.834436 0.869556 0.014951 0.012631
0 0.00723 0.872387 0.014461 0.020035
0 0.160662 0.868467 0.01348 0.015679
0 0.798162 0.863894 0.010049 0.010889
0 0.024632 0.857578 0.006127 0.020906
0 0.93652 0.855618 0.009314 0.017857
0 0.210662 0.859538 0.008088 0.025697
0 0.134436 0.858014 0.008578 0.027003
0 0.191789 0.851699 0.01201 0.016115
0 0.115809 0.853659 0.007598 0.020035
0 0.949755 0.844294 0.009804 0.006533
0 0.762255 0.854747 0.043137 0.030052
0 0.123897 0.84277 0.006127 0.013937
0 0.823652 0.839286 0.008088 0.00784
0 0.220221 0.84081 0.009069 0.012631
0 0.097304 0.846908 0.022549 0.025697
0 0.061765 0.855183 0.05 0.046603
0 0.01348 0.835584 0.009804 0.010017
0 0.25098 0.837979 0.017157 0.023519
0 0.215196 0.827962 0.008333 0.008711
0 0.922672 0.830139 0.010049 0.013937
0 0.150735 0.826437 0.012255 0.010017
0 0.180637 0.829704 0.016176 0.020906
0 0.779412 0.824042 0.015686 0.021777
0 0.250613 0.817073 0.01152 0.012195
0 0.106863 0.81838 0.008824 0.014808
0 0.710049 0.81642 0.007843 0.013502
0 0.041054 0.823606 0.015441 0.027875
0 0.056495 0.825348 0.018873 0.033101
0 0.087623 0.818162 0.0125 0.024826
0 0.126225 0.811847 0.018627 0.016551
0 0.230392 0.809451 0.010784 0.018728
0 0.113358 0.803789 0.007598 0.010017
0 0.764706 0.796603 0.012745 0.015679
0 0.138113 0.792683 0.006618 0.010453
0 0.124265 0.79203 0.009314 0.013502
0 0.696078 0.785061 0.011765 0.005662
0 0.113113 0.788328 0.007598 0.018293
0 0.740319 0.807274 0.053186 0.063153
0 0.134804 0.766115 0.013235 0.012195
0 0.756373 0.775044 0.021078 0.041376
0 0.457475 0.74804 0.006127 0.015244
0 0.789338 0.785714 0.060539 0.095819
0 0.833578 0.735627 0.009804 0.00784
0 0.797304 0.724303 0.052451 0.030488
0 0.121691 0.69534 0.008088 0.012631
0 0.876961 0.678789 0.004902 0.010889
0 0.482966 0.674216 0.007598 0.010453
0 0.056005 0.670514 0.005147 0.015244
0 0.009191 0.654834 0.005637 0.009146
0 0.072549 0.650261 0.009314 0.021777
0 0.087132 0.642204 0.006127 0.010889
0 0.892157 0.6348 0.008333 0.010017
0 0.058824 0.635017 0.006863 0.010453
0 0.192647 0.637413 0.005392 0.016115
0 0.823652 0.626307 0.017402 0.017422
0 0.793873 0.626307 0.020588 0.017422
0 0.810172 0.625871 0.020833 0.018293
0 0.211152 0.616289 0.007598 0.013937
0 0.781373 0.612152 0.009314 0.01176
0 0.81777 0.603005 0.017892 0.007404
0 0.221569 0.60453 0.009804 0.013066
0 0.796201 0.603005 0.024755 0.013502
0 0.018995 0.620862 0.03799 0.049216
0 0.939216 0.606054 0.021078 0.03615
0 0.807475 0.587544 0.008578 0.006969
0 0.764828 0.585584 0.01299 0.006533
0 0.784436 0.583188 0.015441 0.008711
0 0.739338 0.584059 0.010049 0.010453
0 0.728064 0.565331 0.006127 0.008711
0 0.939338 0.56054 0.006127 0.018293
0 0.35576 0.526132 0.01152 0.013937
0 0.272426 0.493031 0.005147 0.009582
0 0.285294 0.493685 0.009314 0.013502
0 0.221691 0.484321 0.013971 0.013066
0 0.290686 0.473214 0.008333 0.013502
0 0.266544 0.463197 0.006618 0.01176
0 0.827574 0.466681 0.008088 0.025697
0 0.30049 0.450131 0.010294 0.017857
0 0.387255 0.453833 0.013725 0.028746
0 0.354167 0.452308 0.020098 0.030052
0 0.282353 0.432491 0.010294 0.026132
0 0.374142 0.420949 0.010539 0.01176
0 0.30625 0.418336 0.010049 0.010017
0 0.754779 0.419643 0.008578 0.016986
0 0.264338 0.453615 0.021814 0.088415
0 0.712868 0.407012 0.006127 0.013502
0 0.372672 0.39351 0.123284 0.075348
0 0.274755 0.356054 0.019118 0.014373
0 0.007966 0.337979 0.015931 0.006098
0 0.837868 0.334059 0.0125 0.008711
0 0.601225 0.332099 0.010294 0.015244
0 0.287868 0.309669 0.008088 0.009582
0 0.222672 0.309233 0.009559 0.008711
0 0.862745 0.306185 0.013235 0.02439
0 0.297672 0.296603 0.007108 0.006098
0 0.987623 0.346254 0.024755 0.119338
0 0.21875 0.287239 0.005637 0.008275
0 0.276593 0.279617 0.007598 0.006098
0 0.876716 0.291812 0.005882 0.03223
0 0.3 0.282012 0.009314 0.014373
0 0.257475 0.284625 0.026716 0.026568
0 0.823407 0.283319 0.060049 0.029181
0 0.324265 0.275915 0.006863 0.016115
0 0.124265 0.268293 0.010294 0.005226
0 0.308946 0.269817 0.013971 0.037892
0 0.983701 0.26851 0.032598 0.037021
0 0.904044 0.258929 0.022304 0.017857
0 0.869853 0.260453 0.018137 0.020906
0 0.721078 0.265462 0.065196 0.030923
0 0.658333 0.319033 0.053922 0.138066
0 0.563971 0.255009 0.006373 0.010017
0 0.490931 0.260235 0.013235 0.02047
0 0.478554 0.259364 0.011029 0.018728
0 0.334681 0.258929 0.033088 0.017857
0 0.28652 0.269817 0.015196 0.039634
0 0.202083 0.252613 0.007108 0.005226
0 0.012132 0.290505 0.024265 0.08101
