0 0.462132 0.990418 0.021814 0.019164
0 0.471324 0.974521 0.007843 0.014373
0 0.422672 0.98149 0.048284 0.037021
0 0.719853 0.969077 0.005392 0.015679
0 0.382475 0.966246 0.008088 0.015244
0 0.489583 0.973214 0.022304 0.037021
0 0.400613 0.963415 0.01299 0.020906
0 0.42549 0.959495 0.010294 0.014808
0 0.470711 0.954922 0.007108 0.019599
0 0.46299 0.941638 0.006863 0.011324
0 0.676471 0.950348 0.014216 0.039199
0 0.458824 0.932709 0.019118 0.026568
0 0.476225 0.922909 0.007843 0.018293
0 0.366544 0.944469 0.023775 0.065767
0 0.429902 0.915287 0.005882 0.010017
0 0.760784 0.900479 0.006373 0.015244
0 0.502083 0.897213 0.009559 0.011324
0 0.351593 0.8848 0.011029 0.010017
0 0.754657 0.885017 0.004902 0.018293
0 0.743382 0.846472 0.008824 0.010017
0 0.861152 0.811847 0.008088 0.010453
0 0.823039 0.813589 0.018627 0.023519
0 0.798284 0.798563 0.026961 0.030052
0 0.715319 0.781794 0.010049 0.010453
0 0.003799 0.775915 0.007598 0.009146
0 0.79951 0.77635 0.010294 0.014373
0 0.831495 0.766768 0.007598 0.007404
0 0.768137 0.769599 0.008824 0.019164
0 0.80049 0.76372 0.010294 0.01176
0 0.808088 0.756315 0.005392 0.01176
0 0.69902 0.75 0.008333 0.015679
0 0.778431 0.74608 0.011275 0.011324
0 0.777451 0.728005 0.010784 0.009146
0 0.693505 0.712326 0.007108 0.008275
0 0.729779 0.711237 0.006618 0.018293
0 0.790074 0.70601 0.005637 0.015679
0 0.767157 0.710584 0.014706 0.033537
0 0.743382 0.71385 0.028922 0.047909
0 0.773529 0.684887 0.007353 0.02047
0 0.765441 0.679225 0.006863 0.013502
0 0.002696 0.611934 0.005392 0.017422
0 0.024387 0.603223 0.010539 0.00784
0 0.727819 0.596037 0.01201 0.012631
0 0.718873 0.603659 0.009804 0.03223
0 0.007353 0.584059 0.014706 0.040941
0 0.069975 0.534625 0.009559 0.010017
0 0.018995 0.483667 0.007598 0.009146
0 0.147917 0.484321 0.01299 0.014808
0 0.996324 0.474956 0.007353 0.010017
0 0.805025 0.366071 0.014461 0.012631
0 0.137132 0.345383 0.007598 0.016551
0 0.222672 0.329922 0.007598 0.007404
0 0.421078 0.310976 0.006863 0.013066
0 0.213848 0.301394 0.010049 0.011324
0 0.499142 0.303571 0.011029 0.018293
0 0.389828 0.308362 0.008578 0.028746
0 0.426471 0.300087 0.009314 0.019164
0 0.945221 0.293118 0.004657 0.011324
0 0.060172 0.288545 0.007598 0.01176
0 0.952083 0.287456 0.008578 0.013066
0 0.21201 0.279617 0.007353 0.00784
0 0.170466 0.279399 0.016912 0.007404
0 0.411765 0.278092 0.003922 0.017857
0 0.491544 0.269382 0.025735 0.010017
0 0.939461 0.276786 0.015196 0.031794
0 0.348407 0.265679 0.009559 0.023519
0 0.960049 0.25784 0.005882 0.009582
0 0.98125 0.276132 0.0375 0.052265
0 0.948039 0.25784 0.008333 0.015679
0 0.625613 0.255444 0.017892 0.010889
0 0.467402 0.258929 0.017157 0.017857
0 0.382843 0.287239 0.021078 0.074477
0 0.06348 0.259146 0.012255 0.018293
0 0.027696 0.315331 0.055392 0.130662
