0 0.300735 0.989765 0.008333 0.014373
0 0.898529 0.962326 0.010784 0.010017
0 0.259191 0.958624 0.010049 0.017422
0 0.941054 0.930749 0.069363 0.031359
0 0.285539 0.894817 0.010294 0.007404
0 0.863235 0.8848 0.011765 0.013502
0 0.746691 0.868902 0.008088 0.012195
0 0.801716 0.851481 0.013725 0.011324
0 0.150613 0.842334 0.009559 0.015679
0 0.331618 0.840375 0.014216 0.016986
0 0.351961 0.827308 0.011275 0.012631
0 0.121936 0.797474 0.007108 0.009582
0 0.079657 0.789199 0.008333 0.010453
0 0.627819 0.776568 0.015441 0.025261
0 0.152451 0.767422 0.005882 0.012195
0 0.223529 0.756533 0.015686 0.023519
0 0.186765 0.749129 0.005882 0.020035
0 0.559069 0.730183 0.008333 0.01176
0 0.197059 0.73628 0.014216 0.029181
0 0.547549 0.724521 0.014216 0.01176
0 0.237745 0.722561 0.003922 0.029617
0 0.197059 0.709713 0.007843 0.012631
0 0.542892 0.705357 0.009804 0.021341
0 0.282108 0.67574 0.007353 0.012631
0 0.268505 0.660497 0.006127 0.014373
0 0.613603 0.666812 0.01152 0.029617
0 0.198529 0.658537 0.006863 0.023519
0 0.274142 0.650479 0.008088 0.014373
0 0.158824 0.690549 0.018627 0.109321
0 0.022304 0.650261 0.044608 0.029617
0 0.293015 0.655923 0.024755 0.054878
0 0.064828 0.623693 0.023775 0.019164
0 0.992157 0.561411 0.015686 0.009582
0 0.415931 0.533319 0.013235 0.014373
0 0.460662 0.494556 0.006618 0.008275
0 0.006863 0.491507 0.005392 0.016986
0 0.486152 0.470166 0.006618 0.010889
0 0.477451 0.466463 0.007843 0.008711
0 0.487745 0.443598 0.010784 0.018728
0 0.591667 0.444033 0.005392 0.027439
0 0.518137 0.439024 0.006863 0.017422
0 0.509926 0.448824 0.014461 0.045732
0 0.434436 0.413763 0.006618 0.012195
0 0.388603 0.419643 0.003676 0.023955
0 0.506863 0.411368 0.009804 0.016986
0 0.588725 0.404181 0.010294 0.033101
0 0.06924 0.388937 0.009559 0.015679
0 0.422181 0.390462 0.025245 0.02047
0 0.59951 0.388502 0.004412 0.02439
0 0.587377 0.370427 0.006618 0.010017
0 0.484436 0.390462 0.046324 0.066638
0 0.456005 0.360627 0.011029 0.013937
0 0.492279 0.358232 0.008088 0.013502
0 0.573284 0.349303 0.005392 0.012195
0 0.420833 0.343641 0.006863 0.018293
0 0.436029 0.348214 0.02549 0.058798
0 0.544975 0.314678 0.008578 0.012631
0 0.597672 0.31838 0.008088 0.020906
0 0.586029 0.304878 0.006373 0.012195
0 0.513603 0.305749 0.021324 0.018293
0 0.537255 0.295078 0.005882 0.008275
0 0.530025 0.287892 0.007598 0.009582
0 0.575858 0.295949 0.008088 0.02831
0 0.245221 0.288763 0.01152 0.016551
0 0.548897 0.287674 0.015931 0.023084
0 0.483578 0.280488 0.007353 0.013066
0 0.579534 0.278963 0.01348 0.022213
0 0.470221 0.275261 0.009559 0.018293
0 0.608456 0.271995 0.01201 0.029181
0 0.59473 0.272866 0.01152 0.030923
0 0.548529 0.258057 0.006863 0.016115
0 0.51348 0.259364 0.016667 0.018728
0 0.492157 0.271777 0.017647 0.043554
0 0.456127 0.296167 0.054902 0.092334
0 0.421691 0.261977 0.027696 0.023955
