0 0.172181 0.995645 0.007598 0.008711
0 0.195711 0.994991 0.015441 0.010017
0 0.421201 0.983667 0.007108 0.006533
0 0.135662 0.98628 0.01299 0.014373
0 0.221201 0.981707 0.009559 0.021777
0 0.115931 0.97561 0.005392 0.012195
0 0.434804 0.970819 0.007843 0.006969
0 0.218995 0.958841 0.01299 0.015244
0 0.196691 0.964721 0.006618 0.027875
0 0.113971 0.951655 0.010294 0.00784
0 0.049755 0.952526 0.018137 0.010453
0 0.247426 0.953397 0.0125 0.031359
0 0.205392 0.940331 0.004902 0.00784
0 0.018627 0.938589 0.011275 0.013066
0 0.051961 0.930314 0.010784 0.006098
0 0.225 0.925305 0.017157 0.015244
0 0.26152 0.918772 0.007353 0.013502
0 0.185172 0.914199 0.0125 0.013066
0 0.529779 0.903528 0.008088 0.009146
0 0.267402 0.893293 0.010294 0.009582
0 0.00576 0.900044 0.01152 0.029181
0 0.51875 0.888284 0.021324 0.016986
0 0.092892 0.889591 0.016176 0.022213
0 0.029779 0.903528 0.030637 0.056185
0 0.646446 0.88284 0.007108 0.017422
0 0.215074 0.898955 0.021324 0.049652
0 0.624755 0.883711 0.010294 0.020035
0 0.200245 0.874129 0.009804 0.011324
0 0.105637 0.873258 0.009314 0.011324
0 0.213358 0.868685 0.009069 0.010889
0 0.530515 0.869338 0.008088 0.016551
0 0.480882 0.871298 0.009804 0.023955
0 0.074632 0.859974 0.006127 0.008275
0 0.095221 0.853005 0.010049 0.01176
0 0.929657 0.84865 0.006373 0.012631
0 0.025123 0.860627 0.050245 0.038328
0 0.529289 0.842552 0.005637 0.016986
0 0.103922 0.828833 0.010294 0.008711
0 0.052819 0.830575 0.073284 0.027875
0 0.484926 0.820557 0.006618 0.012195
0 0.129534 0.815549 0.010539 0.007404
0 0.092647 0.817073 0.019608 0.027003
0 0.076348 0.788763 0.010539 0.00784
0 0.503064 0.78811 0.010049 0.010017
0 0.111029 0.792465 0.019608 0.047474
0 0.577696 0.771124 0.020588 0.010017
0 0.126716 0.782883 0.008333 0.034408
0 0.09277 0.770688 0.008088 0.01176
0 0.501961 0.761324 0.007353 0.017422
0 0.067525 0.747822 0.005147 0.012195
0 0.605515 0.747605 0.010539 0.014373
0 0.14951 0.735627 0.004902 0.010453
0 0.521814 0.739329 0.013725 0.019599
0 0.616667 0.732578 0.006373 0.009582
0 0.565809 0.742814 0.010539 0.033537
0 0.080392 0.743249 0.02549 0.034408
0 0.602574 0.731054 0.01152 0.010889
0 0.036887 0.770035 0.073775 0.091463
0 0.586765 0.73628 0.014706 0.025697
0 0.491667 0.74216 0.031373 0.04007
0 0.509069 0.728223 0.006863 0.016551
0 0.578309 0.725392 0.008088 0.012631
0 0.622059 0.724303 0.008333 0.012195
0 0.023652 0.722343 0.005637 0.013502
0 0.241544 0.720383 0.009559 0.010453
0 0.008701 0.71581 0.014461 0.012631
0 0.491544 0.705793 0.0125 0.012631
0 0.094853 0.711019 0.029902 0.023955
0 0.55723 0.711455 0.022304 0.026568
0 0.120466 0.728223 0.059559 0.063589
0 0.577574 0.700566 0.01299 0.018728
0 0.042034 0.707099 0.029167 0.033537
0 0.615196 0.701002 0.013235 0.023084
0 0.134436 0.687282 0.010539 0.010453
0 0.016789 0.69142 0.0125 0.030923
0 0.989828 0.70122 0.020343 0.055749
0 0.585417 0.678354 0.007598 0.016115
0 0.487377 0.677918 0.009559 0.017857
0 0.248775 0.672909 0.013235 0.016551
0 0.042157 0.671821 0.026471 0.029181
0 0.112255 0.662021 0.008333 0.010453
0 0.124387 0.658319 0.007108 0.016115
0 0.548897 0.655706 0.008088 0.01176
0 0.009559 0.673563 0.019118 0.047474
0 0.240931 0.650261 0.007353 0.006098
0 0.257108 0.649172 0.018627 0.01176
0 0.2375 0.640244 0.015196 0.010453
0 0.019485 0.642857 0.007598 0.015679
0 0.073529 0.673998 0.040196 0.083188
0 0.514706 0.679878 0.062745 0.095819
0 0.609314 0.635889 0.006863 0.012195
0 0.092647 0.626089 0.009804 0.024826
0 0.567647 0.652657 0.038235 0.087544
0 0.593873 0.620427 0.016176 0.031794
0 0.011275 0.610627 0.007353 0.019164
0 0.084804 0.607143 0.005392 0.013937
0 0.04326 0.622605 0.044853 0.0527
0 0.063725 0.594512 0.008824 0.013937
0 0.577328 0.59277 0.01348 0.031359
0 0.013358 0.582317 0.005147 0.011324
0 0.216667 0.566202 0.017157 0.019164
0 0.100368 0.555314 0.007598 0.011324
0 0.533824 0.547692 0.007843 0.008275
0 0.596814 0.522213 0.008824 0.015679
0 0.537132 0.505444 0.006618 0.008275
0 0.492647 0.495862 0.005882 0.008275
0 0.509926 0.519164 0.031618 0.057491
0 0.57598 0.495209 0.010784 0.013066
0 0.513603 0.49804 0.010539 0.027439
0 0.454779 0.490636 0.007598 0.012631
0 0.615441 0.486934 0.008333 0.012195
0 0.54424 0.483014 0.022794 0.035714
0 0.051961 0.463197 0.008333 0.013502
0 0.025735 0.450348 0.006373 0.008711
0 0.147059 0.446646 0.004902 0.013502
0 0.043873 0.421603 0.011275 0.013937
0 0.124755 0.414416 0.005392 0.010889
0 0.308088 0.425087 0.022549 0.054878
0 0.026838 0.417901 0.030637 0.043118
0 0.054289 0.401786 0.008578 0.015244
0 0.091176 0.393946 0.012745 0.008275
0 0.180882 0.421167 0.02549 0.086237
0 0.135784 0.373911 0.007843 0.013502
0 0.444485 0.374782 0.01299 0.037892
0 0.250613 0.368685 0.011029 0.026568
0 0.286397 0.366071 0.011029 0.029181
0 0.14902 0.377831 0.021078 0.069251
0 0.288725 0.341899 0.003922 0.011324
0 0.873529 0.338197 0.006863 0.012631
0 0.035784 0.367814 0.034314 0.084059
0 0.154044 0.333406 0.032598 0.038763
0 0.175 0.317726 0.006373 0.019599
0 0.103064 0.339939 0.052206 0.066638
0 0.015809 0.313153 0.010049 0.025261
0 0.203799 0.297692 0.007598 0.013502
0 0.173039 0.28615 0.007353 0.010453
0 0.192034 0.296385 0.021814 0.032666
0 0.30723 0.302265 0.025245 0.059233
0 0.048652 0.295078 0.032598 0.045732
0 0.134926 0.280052 0.016422 0.033101
0 0.085662 0.265244 0.006618 0.013937
0 0.257598 0.275261 0.013725 0.04007
0 0.014951 0.269382 0.026961 0.03615
0 0.246078 0.266551 0.007353 0.033101
0 0.127574 0.259364 0.010539 0.018728
