0 0.658701 0.994556 0.007108 0.010889
0 0.093505 0.994338 0.005637 0.011324
0 0.398529 0.993685 0.006863 0.012631
0 0.221569 0.988458 0.008824 0.012631
0 0.640686 0.989765 0.006373 0.02047
0 0.707721 0.982796 0.006127 0.008275
0 0.162745 0.989111 0.018627 0.021777
0 0.681127 0.977787 0.007353 0.011324
0 0.109926 0.985192 0.024265 0.029617
0 0.226103 0.96973 0.006127 0.010889
0 0.622426 0.980183 0.024755 0.039634
0 0.114706 0.961672 0.011765 0.008711
0 0.262868 0.934669 0.007598 0.013937
0 0.649387 0.922692 0.006127 0.01176
0 0.233333 0.923998 0.011765 0.024826
0 0.264583 0.916594 0.0125 0.02047
0 0.639583 0.908754 0.01152 0.024826
0 0.147059 0.898955 0.007843 0.015679
0 0.631985 0.885017 0.009559 0.017422
0 0.186642 0.851699 0.006127 0.016115
0 0.640564 0.858667 0.022304 0.039634
0 0.604044 0.826437 0.008578 0.016986
0 0.630515 0.821429 0.006618 0.011324
0 0.623162 0.785932 0.005637 0.013502
0 0.57402 0.773084 0.030882 0.045296
0 0.015564 0.726045 0.006127 0.011324
0 0.559314 0.722997 0.005882 0.013066
0 0.56348 0.712544 0.003922 0.016551
0 0.025735 0.70122 0.018627 0.02439
0 0.038358 0.684233 0.005637 0.008711
0 0.048652 0.670514 0.008578 0.01176
0 0.040931 0.652875 0.012255 0.020035
0 0.522549 0.609103 0.006863 0.012631
0 0.069853 0.604965 0.019608 0.018293
0 0.087255 0.601916 0.008824 0.013066
0 0.009559 0.589503 0.008333 0.010889
0 0.461765 0.567291 0.005392 0.01176
0 0.193873 0.558145 0.015196 0.013502
0 0.246936 0.547692 0.008088 0.008275
0 0.226348 0.558145 0.028186 0.030052
0 0.460539 0.524608 0.018137 0.016115
0 0.207721 0.526786 0.01348 0.02047
0 0.249755 0.45122 0.008824 0.027003
0 0.189828 0.438589 0.008088 0.010453
0 0.326103 0.457753 0.055147 0.05662
0 0.398407 0.432056 0.030637 0.017422
0 0.079289 0.432709 0.028186 0.023084
0 0.034191 0.426176 0.01152 0.012631
0 0.24277 0.423127 0.010539 0.018728
0 0.622426 0.427483 0.022304 0.038763
0 0.142034 0.415723 0.034069 0.018728
0 0.292157 0.406577 0.006863 0.006533
0 0.119608 0.413545 0.008824 0.022213
0 0.333946 0.382622 0.006127 0.008275
0 0.608578 0.375218 0.005882 0.022213
0 0.641667 0.370645 0.020098 0.019164
0 0.746691 0.358232 0.008578 0.005662
0 0.868873 0.367596 0.021078 0.027875
0 0.287623 0.364111 0.0125 0.020906
0 0.311887 0.374347 0.016912 0.046603
0 0.675 0.357361 0.006863 0.014373
0 0.650123 0.352787 0.015931 0.017422
0 0.712745 0.347343 0.003922 0.029181
0 0.49951 0.351916 0.030882 0.047038
0 0.665809 0.33885 0.014461 0.022648
0 0.310907 0.338415 0.016422 0.023519
0 0.463971 0.353223 0.015686 0.05662
0 0.050368 0.334059 0.034069 0.026132
0 0.356373 0.326873 0.003922 0.013502
0 0.030147 0.320557 0.012745 0.008711
0 0.400735 0.370862 0.104902 0.11716
0 0.265319 0.328833 0.039951 0.041812
0 0.425613 0.310976 0.009559 0.011324
0 0.50674 0.3027 0.013971 0.008711
0 0.580147 0.339286 0.12598 0.090592
0 0.339951 0.317726 0.015196 0.082317
0 0.610049 0.291376 0.018627 0.03223
0 0.03223 0.293554 0.064461 0.051394
0 0.285172 0.268075 0.005147 0.010017
0 0.261275 0.280488 0.057353 0.046167
0 0.403309 0.280488 0.078186 0.05662
0 0.012377 0.255226 0.01299 0.009582
0 0.610417 0.253702 0.016422 0.007404
0 0.576348 0.273084 0.084069 0.046167
0 0.508824 0.254355 0.009314 0.008711
