0 0.697672 0.956664 0.047304 0.046603
0 0.995098 0.932709 0.009804 0.013502
0 0.923775 0.919207 0.007843 0.008275
0 0.964461 0.910061 0.007843 0.01176
0 0.932108 0.913328 0.008333 0.018293
0 0.941667 0.905488 0.008333 0.00784
0 0.989828 0.895035 0.007108 0.013937
0 0.979534 0.889591 0.008088 0.010017
0 0.920343 0.891551 0.017647 0.02439
0 0.993382 0.872822 0.007353 0.00784
0 0.934559 0.871516 0.008333 0.008711
0 0.858333 0.879355 0.02451 0.033972
0 0.956127 0.868031 0.011765 0.013937
0 0.951838 0.857796 0.017892 0.025697
0 0.761152 0.853005 0.01152 0.016986
0 0.875858 0.851916 0.009559 0.016551
0 0.932598 0.839503 0.020098 0.022213
0 0.904534 0.834059 0.008088 0.013066
0 0.990074 0.826655 0.019853 0.022648
0 0.989828 0.804225 0.008578 0.010017
0 0.961642 0.805749 0.025245 0.028746
0 0.953554 0.792247 0.009559 0.00784
0 0.936642 0.790723 0.009069 0.016115
0 0.929657 0.804225 0.052451 0.057927
0 0.959681 0.776568 0.013971 0.023519
0 0.902696 0.771559 0.012745 0.02047
0 0.985049 0.760889 0.009314 0.008711
0 0.926348 0.760453 0.018382 0.015679
0 0.995711 0.745209 0.008578 0.018293
0 0.986397 0.73628 0.007598 0.021341
0 0.921936 0.712761 0.009559 0.005662
0 0.899877 0.724085 0.019363 0.031794
0 0.485049 0.709277 0.008333 0.007404
0 0.827083 0.688807 0.009069 0.010889
0 0.880882 0.685105 0.020588 0.027875
0 0.99277 0.644382 0.014461 0.010889
0 0.977328 0.594948 0.011029 0.012195
0 0.523775 0.559887 0.006863 0.014373
0 0.484681 0.555314 0.007598 0.013937
0 0.995588 0.559669 0.008824 0.033972
0 0.947549 0.540287 0.008824 0.013502
0 0.902574 0.47365 0.01348 0.009146
0 0.479657 0.46973 0.007353 0.009146
0 0.460049 0.429225 0.007843 0.010889
0 0.878922 0.429443 0.016667 0.015679
0 0.903064 0.414634 0.009559 0.009582
0 0.873162 0.409843 0.016912 0.018293
0 0.920588 0.404834 0.012255 0.010889
0 0.826838 0.385889 0.0125 0.021777
0 0.819975 0.352352 0.007108 0.010453
0 0.800368 0.351045 0.009069 0.009582
0 0.808701 0.354965 0.009069 0.020035
0 0.785294 0.345166 0.013725 0.015244
0 0.80625 0.338197 0.008088 0.009146
0 0.797059 0.336455 0.008333 0.010017
0 0.921078 0.336237 0.032353 0.028746
0 0.942034 0.33885 0.03848 0.058362
0 0.993627 0.311629 0.012745 0.016986
0 0.596814 0.289199 0.013235 0.027003
0 0.881373 0.278963 0.009804 0.017857
0 0.85674 0.271124 0.026225 0.030052
0 0.888358 0.255444 0.008578 0.010017
0 0.993015 0.273301 0.013971 0.046603
0 0.910049 0.257404 0.021569 0.014808
0 0.723407 0.263066 0.029167 0.026132
0 0.668505 0.258493 0.01201 0.016986
0 0.619975 0.261106 0.031127 0.022213
0 0.459926 0.255226 0.005637 0.010453
