0 0.008456 0.995427 0.016912 0.009146
0 0.339461 0.993031 0.013725 0.013937
0 0.359191 0.976699 0.007108 0.01176
0 0.922549 0.97169 0.013235 0.013066
0 0.854902 0.959495 0.031373 0.011324
0 0.378799 0.924869 0.007598 0.008275
0 0.371324 0.898084 0.021569 0.030488
0 0.191912 0.873911 0.005882 0.010017
0 0.950245 0.85257 0.009314 0.004791
0 0.606495 0.831446 0.010539 0.009582
0 0.897059 0.827744 0.009804 0.010017
0 0.595221 0.827308 0.011029 0.01176
0 0.858456 0.8223 0.016912 0.027875
0 0.883701 0.811411 0.014461 0.014808
0 0.782966 0.735409 0.006618 0.010017
0 0.146569 0.733449 0.013235 0.017422
0 0.27598 0.676176 0.022059 0.012631
0 0.880637 0.657666 0.02598 0.027003
0 0.851961 0.633711 0.026961 0.027875
0 0.971201 0.624129 0.006127 0.011324
0 0.948407 0.63088 0.044363 0.029181
0 0.912868 0.618031 0.007598 0.028746
0 0.923529 0.592117 0.007353 0.012631
0 0.217279 0.584495 0.006618 0.015679
0 0.853554 0.594294 0.082108 0.061411
0 0.721201 0.606707 0.111029 0.100174
0 0.269608 0.561411 0.011765 0.011324
0 0.790931 0.561411 0.017157 0.025261
0 0.299632 0.58885 0.051225 0.091463
0 0.950858 0.569686 0.054167 0.074913
0 0.252083 0.541376 0.033578 0.033972
0 0.382353 0.507186 0.006863 0.010017
0 0.429657 0.487587 0.004902 0.01176
0 0.730147 0.481925 0.011275 0.018728
0 0.328554 0.463197 0.003676 0.016986
0 0.654657 0.483667 0.080882 0.099739
0 0.65527 0.440113 0.03799 0.014373
0 0.961765 0.591028 0.076471 0.323171
0 0.456618 0.448606 0.015686 0.038328
0 0.434681 0.436629 0.003676 0.023084
0 0.452451 0.419207 0.006373 0.013502
0 0.34424 0.389155 0.009559 0.021341
0 0.447426 0.367814 0.008088 0.024826
0 0.040564 0.364765 0.01152 0.02047
0 0.804779 0.354747 0.019853 0.027439
0 0.002696 0.348868 0.005392 0.015679
0 0.385539 0.322953 0.013725 0.012631
0 0.465686 0.320557 0.009314 0.021777
0 0.038603 0.317073 0.017892 0.015679
0 0.012377 0.311411 0.008088 0.009582
0 0.502083 0.292465 0.008088 0.012631
0 0.333578 0.292901 0.008333 0.014373
0 0.139461 0.292683 0.009804 0.022648
0 0.833946 0.29007 0.029167 0.022648
0 0.350245 0.28223 0.004902 0.011324
0 0.534926 0.282883 0.01152 0.015244
0 0.005637 0.272866 0.005882 0.010017
0 0.909804 0.272648 0.008333 0.012195
0 0.936397 0.270035 0.005147 0.013937
0 0.990931 0.262195 0.013235 0.013066
0 0.140441 0.261324 0.006373 0.012195
0 0.449877 0.266768 0.021814 0.029181
0 0.474265 0.266768 0.019118 0.032666
0 0.966422 0.263937 0.025 0.027875
0 0.940074 0.257186 0.005637 0.014373
0 0.923652 0.257404 0.008088 0.014808
0 0.496814 0.268293 0.020588 0.036585
0 0.382721 0.255444 0.008578 0.010889
