0 0.551961 0.869991 0.012255 0.010017
0 0.423897 0.851481 0.005637 0.013066
0 0.26201 0.712326 0.013235 0.007404
0 0.150123 0.712108 0.017892 0.013937
0 0.978554 0.713197 0.022304 0.016986
0 0.031985 0.687282 0.018873 0.016551
0 0.040441 0.643728 0.009314 0.015679
0 0.835049 0.626089 0.013235 0.007404
0 0.873529 0.638937 0.057843 0.040941
0 0.508211 0.652657 0.01348 0.078833
0 0.800858 0.599956 0.009559 0.006533
0 0.901716 0.59865 0.010294 0.017857
0 0.151716 0.59277 0.013235 0.014808
0 0.178186 0.604312 0.038725 0.050087
0 0.116176 0.581882 0.016667 0.016551
0 0.92451 0.583841 0.019118 0.023084
0 0.766789 0.575566 0.061029 0.034408
0 0.500613 0.568815 0.005637 0.02439
0 0.03799 0.561629 0.010784 0.016986
0 0.103309 0.565113 0.0375 0.026568
0 0.055025 0.562282 0.017402 0.021777
0 0.072304 0.563589 0.017647 0.031359
0 0.730637 0.551176 0.010784 0.01176
0 0.810294 0.546821 0.029902 0.04399
0 0.772304 0.534408 0.006863 0.028746
0 0.30527 0.499347 0.007108 0.010017
0 0.708578 0.498911 0.006373 0.01176
0 0.795956 0.491725 0.013971 0.023519
0 0.432721 0.486934 0.008088 0.017422
0 0.959191 0.496298 0.022794 0.043118
0 0.687868 0.483014 0.017892 0.020035
0 0.922181 0.486063 0.018382 0.033972
0 0.90049 0.476916 0.016667 0.035714
0 0.496078 0.466681 0.002941 0.022213
0 0.288358 0.45601 0.016422 0.010453
0 0.77402 0.456228 0.007843 0.016115
0 0.688113 0.459495 0.033578 0.025261
0 0.883578 0.444251 0.008824 0.016551
0 0.793995 0.445775 0.026716 0.037021
0 0.616176 0.453615 0.097059 0.070122
0 0.745343 0.436411 0.020098 0.043554
0 0.380637 0.417247 0.012745 0.009582
0 0.767892 0.428789 0.021569 0.043118
0 0.698284 0.429007 0.069608 0.054007
0 0.928309 0.40331 0.007108 0.015679
0 0.877819 0.399826 0.021324 0.021777
0 0.916544 0.397866 0.006618 0.024826
0 0.12402 0.388284 0.004902 0.008275
0 0.622794 0.406359 0.018137 0.047038
0 0.748407 0.396341 0.020833 0.03223
0 0.219485 0.394382 0.024265 0.029181
0 0.032598 0.38088 0.013725 0.005662
0 0.497426 0.383493 0.005637 0.01176
0 0.900613 0.392639 0.016422 0.041376
0 0.097304 0.375871 0.027941 0.019164
0 0.0375 0.370862 0.006373 0.009146
0 0.772304 0.38284 0.014216 0.037456
0 0.367892 0.365418 0.007353 0.013066
0 0.785049 0.364111 0.007843 0.022648
0 0.559069 0.359974 0.005392 0.017857
0 0.387377 0.372387 0.030637 0.046167
0 0.474387 0.357796 0.01299 0.021341
0 0.794853 0.384146 0.026471 0.074913
0 0.525735 0.355618 0.009314 0.02047
0 0.731127 0.34669 0.008333 0.008711
0 0.55098 0.35061 0.010784 0.031359
0 0.509191 0.347343 0.018873 0.037892
0 0.801225 0.339068 0.018137 0.029181
0 0.452206 0.346472 0.022549 0.04399
0 0.544853 0.331228 0.014216 0.023955
0 0.449632 0.320557 0.006618 0.010453
0 0.615074 0.344294 0.058088 0.069251
0 0.644485 0.309887 0.009069 0.009146
0 0.851225 0.307927 0.005882 0.018293
0 0.959069 0.323171 0.013725 0.055749
0 0.867034 0.36128 0.11152 0.133711
0 0.912255 0.293118 0.009314 0.015679
0 0.868627 0.277003 0.010784 0.011324
0 0.3 0.344077 0.075 0.147213
0 0.927941 0.277875 0.012745 0.020035
0 0.841544 0.29399 0.040931 0.05662
0 0.900613 0.27047 0.009559 0.023519
0 0.821936 0.275479 0.028186 0.037892
0 0.797549 0.256315 0.011275 0.010017
0 0.673162 0.258711 0.006618 0.014808
0 0.9125 0.2598 0.011275 0.017857
0 0.480882 0.293118 0.078431 0.085366
0 0.847181 0.256751 0.01152 0.013502
0 0.654657 0.257404 0.018627 0.014808
0 0.617892 0.278746 0.044118 0.057491
0 0.569485 0.281794 0.068873 0.063589
0 0.527574 0.258275 0.014461 0.016551
0 0.41299 0.304007 0.12402 0.108014
0 0.28799 0.2598 0.026961 0.019599
