0 0.717383 0.968403 0.019922 0.053472
0 0.535742 0.921181 0.012109 0.025694
0 0.801172 0.941667 0.029687 0.116667
0 0.776953 0.873264 0.007812 0.05625
0 0.935156 0.775347 0.021875 0.029861
0 0.544531 0.763889 0.016406 0.041667
0 0.788477 0.783681 0.061328 0.121528
0 0.470703 0.684028 0.010156 0.026389
0 0.558203 0.61875 0.014063 0.022222
0 0.114062 0.480208 0.025781 0.042361
0 0.075 0.466319 0.019531 0.024306
0 0.026367 0.463542 0.035547 0.04375
0 0.125391 0.444097 0.013281 0.022917
0 0.186719 0.436806 0.017969 0.0125
0 0.379297 0.38125 0.017969 0.018056
0 0.406055 0.376389 0.016797 0.056944
0 0.506836 0.348611 0.011328 0.013889
0 0.338086 0.366319 0.022266 0.054861
0 0.436133 0.341667 0.014453 0.018056
0 0.273438 0.375 0.085938 0.120833
0 0.941992 0.325694 0.033203 0.044444
0 0.502539 0.311806 0.012891 0.019444
0 0.311719 0.302431 0.017188 0.028472
0 0.227539 0.307639 0.019141 0.044444
0 0.745313 0.301389 0.052344 0.041667
0 0.15957 0.294792 0.024609 0.035417
0 0.130078 0.263542 0.013281 0.014583
0 0.682813 0.269097 0.029687 0.032639
0 0.075781 0.267014 0.021094 0.028472
0 0.508594 0.263889 0.04375 0.027778
0 0.456836 0.270139 0.058984 0.040278
0 0.299805 0.265278 0.048047 0.030556
0 0.201563 0.261806 0.015625 0.023611
