0 0.802206 0.995645 0.008333 0.008711
0 0.573775 0.994991 0.023039 0.010017
0 0.757353 0.993685 0.010294 0.012631
0 0.618505 0.99216 0.020343 0.015679
0 0.83125 0.989329 0.045833 0.021341
0 0.655637 0.984103 0.008824 0.01176
0 0.740564 0.98824 0.01348 0.023519
0 0.583824 0.984103 0.006373 0.016986
0 0.570833 0.982143 0.011765 0.017422
0 0.75098 0.973868 0.009314 0.012195
0 0.764338 0.973432 0.009559 0.021777
0 0.808088 0.968859 0.026961 0.019599
0 0.650368 0.966899 0.01348 0.016551
0 0.827083 0.964068 0.009559 0.016986
0 0.498407 0.953179 0.01152 0.016115
0 0.775123 0.954268 0.018382 0.026132
0 0.793995 0.945993 0.007598 0.013066
0 0.555882 0.955793 0.038235 0.046603
0 0.777451 0.935322 0.013235 0.021341
0 0.803676 0.923998 0.011275 0.015244
0 0.793505 0.91311 0.009559 0.012631
0 0.565931 0.904399 0.033333 0.026568
0 0.776716 0.905052 0.034314 0.031359
0 0.616912 0.895906 0.017157 0.022648
0 0.783578 0.883057 0.010294 0.008275
0 0.59951 0.861063 0.004902 0.015679
0 0.987623 0.847343 0.024755 0.030052
0 0.966422 0.833841 0.005392 0.009146
0 0.967647 0.817291 0.010294 0.014373
0 0.574265 0.817509 0.027451 0.015679
0 0.984069 0.815331 0.013725 0.012195
0 0.56152 0.780052 0.014216 0.009582
0 0.903064 0.824042 0.098284 0.102787
0 0.954167 0.773737 0.005882 0.010017
0 0.534314 0.768075 0.006373 0.007404
0 0.572304 0.755444 0.007353 0.012631
0 0.91826 0.761106 0.054167 0.031794
0 0.859681 0.760235 0.049265 0.037892
0 0.900613 0.737152 0.009069 0.010017
0 0.887745 0.732361 0.013235 0.01176
0 0.922549 0.72365 0.006373 0.010017
0 0.98799 0.730401 0.02402 0.075784
0 0.967402 0.705139 0.02402 0.025261
0 0.553922 0.699913 0.006373 0.020035
0 0.54473 0.69534 0.007108 0.01176
0 0.919485 0.699477 0.024755 0.028746
0 0.538725 0.691202 0.013235 0.020906
0 0.556005 0.683145 0.01152 0.010889
0 0.823039 0.71189 0.115196 0.078833
0 0.913848 0.678789 0.027696 0.023955
0 0.503064 0.704704 0.016422 0.078397
0 0.905147 0.671821 0.006373 0.013502
0 0.868873 0.675087 0.022059 0.031359
0 0.797672 0.663763 0.022794 0.009582
0 0.47598 0.66311 0.027451 0.018728
0 0.51777 0.662021 0.01152 0.018293
0 0.767892 0.658972 0.015686 0.020035
0 0.841912 0.678789 0.037745 0.062282
0 0.984681 0.652439 0.020343 0.023519
0 0.968505 0.639373 0.009559 0.014808
0 0.914583 0.635235 0.01201 0.010017
0 0.766422 0.630226 0.026471 0.035714
0 0.713848 0.617378 0.006618 0.013502
0 0.825735 0.630444 0.014706 0.042247
0 0.704412 0.614547 0.006863 0.012195
0 0.991544 0.618031 0.016912 0.020906
0 0.502819 0.612369 0.010049 0.013937
0 0.908701 0.608232 0.006127 0.010017
0 0.745343 0.61324 0.017157 0.020906
0 0.721936 0.609756 0.015441 0.013937
0 0.888848 0.607143 0.008578 0.011324
0 0.669485 0.606272 0.022794 0.018293
0 0.786642 0.613023 0.025245 0.04399
0 0.824877 0.589068 0.008088 0.008275
0 0.063603 0.583406 0.009559 0.007404
0 0.996078 0.582099 0.007843 0.010889
0 0.840564 0.594948 0.029167 0.052265
0 0.923039 0.571646 0.009804 0.009146
0 0.886765 0.572735 0.018137 0.028746
0 0.941176 0.561847 0.010294 0.014808
0 0.697917 0.561629 0.008088 0.014373
0 0.793873 0.563371 0.014706 0.038763
0 0.829657 0.540941 0.014216 0.022648
0 0.724265 0.565767 0.068137 0.074042
0 0.799877 0.540723 0.007598 0.027439
0 0.873652 0.599085 0.046814 0.145906
0 0.694608 0.530052 0.006373 0.011324
0 0.616912 0.527657 0.007353 0.015244
0 0.036765 0.539634 0.073529 0.039199
0 0.539093 0.515897 0.01201 0.006533
0 0.629902 0.513284 0.007353 0.016986
0 0.529657 0.504355 0.005392 0.010453
0 0.599755 0.502831 0.006863 0.009146
0 0.513971 0.506098 0.026471 0.025261
0 0.860049 0.495862 0.005392 0.01176
0 0.616912 0.502613 0.011275 0.033101
0 0.74375 0.497169 0.005147 0.030052
0 0.649877 0.506533 0.025245 0.053136
0 0.770588 0.521341 0.027941 0.095819
0 0.556618 0.475828 0.008333 0.016115
0 0.787868 0.477352 0.019853 0.027875
0 0.716667 0.470383 0.003922 0.014808
0 0.852574 0.464068 0.009559 0.021341
0 0.623039 0.455139 0.008333 0.012195
0 0.841544 0.472779 0.014951 0.048345
0 0.746569 0.456882 0.003922 0.018293
0 0.265441 0.451873 0.006373 0.010017
0 0.377083 0.44926 0.01299 0.01176
0 0.829412 0.448389 0.006373 0.018728
0 0.500245 0.461237 0.032353 0.047038
0 0.144853 0.440331 0.005392 0.009582
0 0.060907 0.439242 0.008088 0.010017
0 0.517525 0.439024 0.007598 0.011324
0 0.834559 0.440113 0.006373 0.017857
0 0.826593 0.432056 0.007598 0.009582
0 0.516422 0.429007 0.008333 0.00784
0 0.294608 0.429007 0.007353 0.013937
0 0.253186 0.432709 0.015686 0.022213
0 0.792647 0.43162 0.012745 0.038328
0 0.698775 0.41899 0.005882 0.013937
0 0.416912 0.417247 0.006373 0.010453
0 0.475368 0.420078 0.029167 0.019599
0 0.439338 0.41703 0.030637 0.017857
0 0.553799 0.415941 0.01348 0.019164
0 0.802819 0.406794 0.005147 0.010453
0 0.774265 0.423345 0.019608 0.043554
0 0.28223 0.411585 0.007598 0.02439
0 0.25 0.407448 0.012255 0.019599
0 0.71875 0.410932 0.018382 0.029181
0 0.842892 0.391768 0.014216 0.023955
0 0.713971 0.378267 0.013235 0.009146
0 0.73652 0.404617 0.027451 0.06446
0 0.392525 0.37696 0.013971 0.009146
0 0.290931 0.384146 0.02402 0.030488
0 0.026961 0.372822 0.005392 0.012195
0 0.661642 0.37892 0.068873 0.039199
0 0.534191 0.392857 0.011029 0.067073
0 0.14902 0.364983 0.011765 0.015679
0 0.192157 0.407666 0.091667 0.10453
0 0.666422 0.358885 0.009804 0.013937
0 0.856373 0.351699 0.011275 0.012631
0 0.670343 0.345819 0.007843 0.011324
0 0.352941 0.391768 0.103922 0.105836
0 0.892157 0.352352 0.011765 0.028746
0 0.61201 0.351263 0.018137 0.026568
0 0.864706 0.34473 0.018137 0.02831
0 0.659804 0.338415 0.010784 0.018293
0 0.632843 0.336672 0.016176 0.015679
0 0.912745 0.332099 0.012745 0.013502
0 0.839093 0.331228 0.008578 0.016986
0 0.062132 0.327744 0.010049 0.015244
0 0.861275 0.323606 0.005392 0.014808
0 0.204412 0.322953 0.009804 0.014373
0 0.215686 0.315331 0.005392 0.015679
0 0.654902 0.317291 0.027941 0.024826
0 0.503676 0.311629 0.010784 0.017857
0 0.754412 0.301829 0.006373 0.008711
0 0.322426 0.303571 0.010539 0.015679
0 0.35098 0.315331 0.046569 0.045296
0 0.490686 0.298563 0.010294 0.012631
0 0.570221 0.302483 0.01201 0.022213
0 0.706863 0.302483 0.038235 0.025697
0 0.479167 0.283319 0.012255 0.022213
0 0.054534 0.295514 0.022794 0.0527
0 0.722059 0.275697 0.006863 0.022648
0 0.674387 0.300305 0.023284 0.071864
0 0.464951 0.268728 0.009314 0.010453
0 0.631373 0.268946 0.02549 0.02047
0 0.27451 0.293554 0.094608 0.078397
0 0.368137 0.259364 0.005882 0.016115
0 0.801103 0.256098 0.0125 0.012195
0 0.681127 0.255662 0.010784 0.011324
0 0.55 0.259582 0.016667 0.019164
0 0.50049 0.275261 0.05098 0.050523
0 0.460172 0.253049 0.015441 0.006098
