0 0.890809 0.995427 0.01201 0.009146
0 0.601225 0.995209 0.006373 0.009582
0 0.640441 0.994774 0.010784 0.010453
0 0.495588 0.994338 0.014216 0.011324
0 0.605025 0.984974 0.005637 0.012631
0 0.676838 0.969512 0.008578 0.008711
0 0.462377 0.971254 0.006618 0.013066
0 0.403431 0.968641 0.004412 0.012195
0 0.615686 0.968859 0.006863 0.014373
0 0.574142 0.979094 0.035539 0.041812
0 0.608088 0.964939 0.005392 0.015244
0 0.892892 0.960148 0.007843 0.010017
0 0.388971 0.957535 0.008333 0.010017
0 0.965686 0.945993 0.007353 0.010453
0 0.945956 0.939242 0.01348 0.016115
0 0.405147 0.937064 0.005882 0.014373
0 0.388848 0.939024 0.005637 0.018293
0 0.659314 0.931185 0.007843 0.013066
0 0.36152 0.931402 0.005392 0.013502
0 0.607721 0.920949 0.01152 0.016986
0 0.589706 0.917683 0.007843 0.011324
0 0.349265 0.918554 0.010294 0.013066
0 0.406863 0.915287 0.007353 0.010017
0 0.45625 0.903092 0.008578 0.008275
0 0.219485 0.904181 0.005147 0.012195
0 0.96973 0.895253 0.01348 0.012631
0 0.613358 0.896124 0.0125 0.024826
0 0.603799 0.89351 0.006127 0.023955
0 0.627819 0.886106 0.021814 0.026568
0 0.306618 0.871298 0.009804 0.014373
0 0.608824 0.87108 0.005882 0.015679
0 0.249142 0.861498 0.008088 0.010453
0 0.234191 0.861498 0.014461 0.012195
0 0.353922 0.866943 0.047059 0.035279
0 0.335662 0.85257 0.023775 0.021341
0 0.303922 0.849521 0.016176 0.025697
0 0.232966 0.843206 0.004167 0.013066
0 0.344485 0.838415 0.01201 0.012195
0 0.319363 0.841463 0.016176 0.027003
0 0.300368 0.82622 0.007598 0.010453
0 0.264583 0.828615 0.009069 0.015244
0 0.317034 0.820993 0.01348 0.011324
0 0.345098 0.827308 0.038235 0.04399
0 0.324632 0.802047 0.01299 0.005662
0 0.3125 0.800958 0.005882 0.010453
0 0.351716 0.791376 0.013725 0.00784
0 0.948162 0.790505 0.008088 0.014808
0 0.279902 0.783537 0.013725 0.016551
0 0.241789 0.782012 0.007598 0.016986
0 0.964583 0.77243 0.007108 0.014373
0 0.985907 0.782883 0.028186 0.037892
0 0.271078 0.766551 0.008824 0.011324
0 0.995466 0.756098 0.009069 0.012195
0 0.938603 0.755226 0.01201 0.020906
0 0.261397 0.749564 0.009559 0.013066
0 0.922426 0.757186 0.019363 0.049216
0 0.993505 0.732796 0.01299 0.027439
0 0.962255 0.738023 0.021078 0.037892
0 0.939828 0.714721 0.03701 0.039199
0 0.232108 0.690984 0.004412 0.015244
0 0.262745 0.692509 0.006863 0.027003
0 0.963113 0.683798 0.020833 0.020035
0 0.900858 0.6973 0.024265 0.054007
0 0.228799 0.665287 0.006127 0.01176
0 0.270343 0.663328 0.007843 0.013937
0 0.900123 0.659408 0.01299 0.012195
0 0.956373 0.651786 0.087255 0.088415
0 0.772426 0.61128 0.01201 0.007404
0 0.268382 0.61912 0.008824 0.023084
0 0.904534 0.625 0.013971 0.047038
0 0.986397 0.601045 0.017892 0.015679
0 0.909191 0.593859 0.007108 0.009146
0 0.228186 0.582753 0.011275 0.018293
0 0.249387 0.584277 0.026225 0.031794
0 0.481863 0.579486 0.028922 0.026568
0 0.942892 0.589939 0.062745 0.049216
0 0.755882 0.569904 0.007843 0.012631
0 0.20625 0.565331 0.007598 0.011324
0 0.898162 0.566638 0.013971 0.027003
0 0.241176 0.551611 0.007843 0.013502
0 0.703064 0.55466 0.016912 0.021341
0 0.485172 0.541376 0.010539 0.015679
0 0.467279 0.530923 0.008088 0.012195
0 0.762868 0.53419 0.016422 0.03615
0 0.470711 0.517857 0.009069 0.014808
0 0.689093 0.519164 0.021324 0.020035
0 0.807353 0.539634 0.043137 0.070557
0 0.698529 0.502178 0.006863 0.009582
0 0.422426 0.50196 0.005637 0.01176
0 0.707108 0.501742 0.009804 0.022648
0 0.434804 0.489111 0.009314 0.00784
0 0.732108 0.496516 0.017157 0.04007
0 0.266054 0.47953 0.016422 0.013937
0 0.520466 0.475392 0.010539 0.015244
0 0.99424 0.491289 0.01152 0.047909
0 0.241422 0.522648 0.063235 0.111498
0 0.235417 0.470383 0.011029 0.00784
0 0.803064 0.487369 0.057598 0.04878
0 0.897917 0.432056 0.005637 0.036585
0 0.68174 0.417465 0.021814 0.014373
0 0.943873 0.43554 0.010294 0.052265
0 0.996691 0.414634 0.006618 0.020906
0 0.76348 0.40723 0.008824 0.00784
0 0.745098 0.413545 0.02402 0.025697
0 0.824877 0.399172 0.004657 0.013502
0 0.485784 0.403092 0.018137 0.029181
0 0.473897 0.389373 0.028186 0.025261
0 0.608333 0.367814 0.010784 0.010889
0 0.583701 0.356925 0.006618 0.015244
0 0.103431 0.329268 0.008333 0.011324
0 0.907353 0.36716 0.018627 0.087979
0 0.48799 0.40919 0.102451 0.179878
0 0.801225 0.318815 0.006373 0.008711
0 0.828922 0.320775 0.004412 0.016115
0 0.073039 0.312936 0.007843 0.010017
0 0.603799 0.334059 0.031618 0.05662
0 0.809926 0.314024 0.016912 0.03223
0 0.947304 0.317073 0.040196 0.070557
0 0.115564 0.281141 0.025245 0.018728
0 0.503186 0.271995 0.007353 0.015244
0 0.938848 0.270035 0.009559 0.020906
0 0.787377 0.266768 0.010049 0.014373
0 0.705515 0.268946 0.01152 0.026568
0 0.842157 0.25784 0.010784 0.013937
0 0.977696 0.311847 0.044608 0.123693
0 0.935172 0.255226 0.024755 0.010453
0 0.808333 0.263502 0.031373 0.027003
0 0.786887 0.254138 0.011029 0.008275
0 0.767157 0.258493 0.021569 0.016986
0 0.728064 0.254355 0.016912 0.008711
0 0.565686 0.302047 0.016667 0.104094
0 0.260907 0.257186 0.022794 0.014373
0 0.16348 0.254573 0.005882 0.009146
0 0.106373 0.258493 0.004902 0.016986
