0 0.120221 0.994338 0.008578 0.011324
0 0.858333 0.647213 0.011275 0.013066
0 0.955637 0.642204 0.011275 0.023084
0 0.874632 0.613023 0.016422 0.018728
0 0.837377 0.609974 0.007108 0.015244
0 0.886397 0.599085 0.005637 0.016986
0 0.002451 0.597561 0.004902 0.015679
0 0.909191 0.566202 0.015441 0.011324
0 0.853554 0.558145 0.016422 0.019599
0 0.871691 0.544861 0.017892 0.020035
0 0.891422 0.538545 0.017647 0.047474
0 0.002574 0.5 0.005147 0.021777
0 0.012132 0.490418 0.011029 0.008711
0 0.875368 0.494556 0.007108 0.027439
0 0.866667 0.50392 0.016667 0.046167
0 0.839828 0.479094 0.008578 0.006969
0 0.815319 0.48824 0.015441 0.031359
0 0.836029 0.467117 0.006373 0.009146
0 0.891667 0.467334 0.010784 0.013066
0 0.020588 0.467117 0.009804 0.024826
0 0.85098 0.456446 0.006373 0.013937
0 0.806985 0.453397 0.010049 0.017422
0 0.822917 0.454051 0.010049 0.023955
0 0.94951 0.442944 0.014706 0.00784
0 0.909436 0.446211 0.015931 0.026568
0 0.894485 0.443815 0.015441 0.028746
0 0.972181 0.439895 0.008578 0.023519
0 0.832843 0.434887 0.007353 0.013502
0 0.87598 0.4277 0.008824 0.019164
0 0.935049 0.422256 0.010294 0.010889
0 0.855882 0.421385 0.007353 0.012631
0 0.786275 0.430967 0.039706 0.031794
0 0.899755 0.417465 0.009314 0.008275
0 0.088113 0.412892 0.01201 0.015679
0 0.324755 0.449695 0.033333 0.091028
0 0.376103 0.391551 0.013971 0.010453
0 0.335417 0.389373 0.014461 0.021777
0 0.310784 0.391333 0.013725 0.025697
0 0.183946 0.382622 0.018873 0.031794
0 0.14951 0.369774 0.006373 0.013066
0 0.160784 0.378702 0.02402 0.034408
0 0.332353 0.367596 0.007843 0.013066
0 0.193995 0.372169 0.006618 0.025697
0 0.101838 0.3848 0.035539 0.059669
0 0.403922 0.359756 0.007843 0.010453
0 0.420956 0.356925 0.009559 0.01176
0 0.141422 0.357361 0.006373 0.016986
0 0.08223 0.346472 0.009559 0.017857
0 0.651593 0.336455 0.008578 0.007404
0 0.312377 0.359321 0.026716 0.055749
0 0.101348 0.336237 0.008088 0.011324
0 0.276593 0.340375 0.023284 0.02831
0 0.158211 0.333841 0.01348 0.02047
0 0.558824 0.31446 0.006373 0.010453
0 0.636152 0.315549 0.014951 0.031794
0 0.160784 0.309669 0.012745 0.021777
0 0.605392 0.327526 0.031373 0.060105
0 0.273652 0.307274 0.017402 0.024826
0 0.36924 0.300523 0.009069 0.013937
0 0.250123 0.297256 0.014461 0.013502
0 0.3 0.290941 0.006373 0.006969
0 0.423284 0.295514 0.009804 0.016986
0 0.433824 0.290941 0.006373 0.010453
0 0.214706 0.313371 0.032843 0.057056
0 0.139338 0.30074 0.020343 0.033537
0 0.571691 0.29007 0.007598 0.019164
0 0.189338 0.283754 0.007598 0.01176
0 0.412745 0.286368 0.008824 0.02047
0 0.346446 0.282448 0.009069 0.016115
0 0.560907 0.275044 0.006127 0.016986
0 0.407966 0.261106 0.007598 0.010017
0 0.225368 0.265897 0.014461 0.02047
0 0.146691 0.263502 0.014461 0.016551
0 0.300858 0.259364 0.005637 0.010017
0 0.646446 0.277003 0.053186 0.049652
0 0.971324 0.296167 0.057353 0.08885
0 0.382843 0.274826 0.032353 0.04878
0 0.971936 0.259146 0.031618 0.018293
0 0.936765 0.268728 0.02549 0.037456
0 0.814951 0.255444 0.005882 0.010889
0 0.541299 0.278746 0.030147 0.057491
0 0.366299 0.259146 0.010049 0.018293
0 0.329167 0.279617 0.041667 0.059233
0 0.263235 0.265244 0.033333 0.030488
0 0.196078 0.259582 0.026961 0.019164
0 0.171814 0.260235 0.012255 0.02047
0 0.068505 0.290505 0.08848 0.08101
