0 0.012695 0.990972 0.017578 0.018056
0 0.035937 0.983333 0.0125 0.019444
0 0.05918 0.934028 0.012109 0.019444
0 0.955664 0.53125 0.037891 0.018056
0 0.90957 0.377083 0.025391 0.022222
0 0.94043 0.370486 0.020703 0.017361
0 0.250195 0.366319 0.010547 0.015972
0 0.822461 0.355208 0.013672 0.024306
0 0.934766 0.345486 0.013281 0.015972
0 0.132812 0.341667 0.019531 0.019444
0 0.778711 0.339236 0.014453 0.017361
0 0.007227 0.310764 0.014453 0.021528
0 0.70293 0.307986 0.012109 0.017361
0 0.813281 0.305208 0.019531 0.015972
0 0.110937 0.303472 0.014063 0.022222
0 0.691211 0.301042 0.010547 0.020139
0 0.660547 0.298264 0.046094 0.03125
0 0.951172 0.270833 0.014844 0.011111
0 0.758203 0.282292 0.082031 0.045139
0 0.670312 0.271528 0.082031 0.043056
