0 0.995703 0.971528 0.008594 0.036111
0 0.507031 0.938542 0.052344 0.089583
0 0.989844 0.897569 0.014063 0.011806
0 0.957422 0.884722 0.014063 0.015278
0 0.533789 0.880556 0.016797 0.040278
0 0.497266 0.875 0.026562 0.031944
0 0.991992 0.823611 0.016016 0.015278
0 0.983008 0.794097 0.016016 0.021528
0 0.505078 0.7875 0.007031 0.023611
0 0.606836 0.883681 0.063672 0.232639
0 0.089453 0.757986 0.030469 0.01875
0 0.936328 0.744444 0.039062 0.020833
0 0.007227 0.634375 0.014453 0.015972
0 0.557031 0.658681 0.053125 0.207639
0 0.929688 0.49375 0.01875 0.0125
0 0.797266 0.485417 0.025 0.016667
0 0.432617 0.445139 0.023047 0.0375
0 0.556836 0.417014 0.007422 0.022917
0 0.695312 0.411458 0.04375 0.022917
0 0.520703 0.436111 0.030469 0.073611
0 0.004883 0.4 0.009766 0.016667
0 0.020117 0.391319 0.016797 0.017361
0 0.392578 0.391319 0.042969 0.045139
0 0.058984 0.389236 0.007812 0.04375
0 0.561328 0.386111 0.024219 0.044444
0 0.141406 0.366319 0.008594 0.027083
0 0.501367 0.367014 0.019922 0.029861
0 0.524219 0.370139 0.029687 0.044444
0 0.403906 0.328819 0.017188 0.011806
0 0.008398 0.316319 0.016797 0.017361
0 0.480859 0.318403 0.010937 0.025694
0 0.145898 0.305903 0.018359 0.027083
0 0.162695 0.283681 0.011328 0.027083
0 0.399805 0.274653 0.024609 0.049306
0 0.32168 0.327431 0.139453 0.154861
0 0.202344 0.305903 0.086719 0.111806
