0 0.973529 0.986063 0.009314 0.010453
0 0.025735 0.980618 0.051471 0.038763
0 0.993382 0.938807 0.010294 0.009146
0 0.94951 0.939678 0.011275 0.012631
0 0.960417 0.938807 0.009069 0.012631
0 0.979779 0.918554 0.009559 0.019164
0 0.932843 0.885671 0.012255 0.007404
0 0.942279 0.871733 0.015441 0.016115
0 0.981985 0.851045 0.008088 0.013066
0 0.267892 0.784408 0.010294 0.009582
0 0.830147 0.730836 0.007843 0.009582
0 0.219608 0.734538 0.011765 0.021341
0 0.822426 0.727787 0.007108 0.013066
0 0.816299 0.717552 0.006618 0.013502
0 0.322059 0.650697 0.016667 0.019164
0 0.262377 0.652875 0.042892 0.047038
0 0.2125 0.621298 0.009804 0.015244
0 0.200368 0.609756 0.005637 0.013937
0 0.268627 0.594077 0.005882 0.010453
0 0.265931 0.5098 0.010294 0.013502
0 0.554902 0.493902 0.009314 0.009582
0 0.964461 0.474303 0.071078 0.038328
0 0.917279 0.449477 0.010539 0.008711
0 0.377328 0.456882 0.026716 0.029617
0 0.402206 0.443598 0.006863 0.012631
0 0.873897 0.421603 0.010539 0.016551
0 0.414706 0.41703 0.011275 0.015244
0 0.988603 0.425087 0.01152 0.03223
0 0.833578 0.408537 0.043137 0.019164
0 0.28701 0.403092 0.005392 0.010889
0 0.80674 0.396559 0.01348 0.007404
0 0.783211 0.390026 0.023775 0.014373
0 0.993015 0.397213 0.013971 0.052265
0 0.756373 0.375653 0.038235 0.017857
0 0.796936 0.364111 0.010539 0.00784
0 0.724387 0.363894 0.019853 0.016115
0 0.709314 0.355401 0.005392 0.010453
0 0.391054 0.386977 0.033088 0.107578
0 0.401593 0.316638 0.003676 0.014808
0 0.384926 0.315767 0.015931 0.017422
0 0.785907 0.304443 0.003676 0.010453
0 0.75723 0.302483 0.0125 0.016115
0 0.326225 0.304225 0.006373 0.023084
0 0.62598 0.298998 0.005392 0.015244
0 0.420098 0.327526 0.022549 0.0723
0 0.308211 0.311629 0.011029 0.0527
0 0.592647 0.289199 0.022549 0.009582
0 0.406863 0.28223 0.004902 0.023519
0 0.754657 0.293118 0.072549 0.086237
0 0.713113 0.256315 0.009069 0.012631
0 0.62549 0.254355 0.020098 0.008711
0 0.575368 0.277439 0.030637 0.054878
0 0.544975 0.258275 0.007598 0.016551
0 0.521078 0.258057 0.028431 0.016115
0 0.465074 0.260453 0.03652 0.020906
0 0.426471 0.269599 0.020098 0.039199
0 0.406618 0.257404 0.009314 0.014808
0 0.383456 0.266115 0.019363 0.03223
0 0.325245 0.26851 0.008333 0.037021
0 0.291054 0.324042 0.050245 0.148084
