0 0.343945 0.978819 0.024609 0.042361
0 0.417578 0.930556 0.008594 0.013889
0 0.45918 0.933333 0.011328 0.030556
0 0.45957 0.904861 0.019922 0.0375
0 0.07207 0.757639 0.023828 0.027778
0 0.036523 0.73125 0.016016 0.033333
0 0.139648 0.689931 0.010547 0.011806
0 0.153516 0.69375 0.029687 0.040278
0 0.054688 0.679514 0.005469 0.01875
0 0.014063 0.700347 0.028125 0.08125
0 0.098437 0.65 0.013281 0.022222
0 0.952734 0.622569 0.094531 0.065972
0 0.912891 0.581944 0.069531 0.061111
0 0.81875 0.573958 0.089844 0.057639
0 0.495898 0.529861 0.010547 0.0125
0 0.881836 0.512153 0.010547 0.032639
0 0.724414 0.475 0.013672 0.018056
0 0.745898 0.477778 0.014453 0.025
0 0.008203 0.468403 0.016406 0.017361
0 0.88418 0.469792 0.025391 0.049306
0 0.661719 0.457639 0.021094 0.025
0 0.955078 0.481944 0.089844 0.079167
0 0.286328 0.453125 0.025781 0.027083
0 0.825 0.447222 0.013281 0.019444
0 0.486523 0.428472 0.008203 0.018056
0 0.3 0.415625 0.014063 0.013194
0 0.665039 0.410417 0.019141 0.019444
0 0.090625 0.439931 0.18125 0.08125
0 0.061523 0.393403 0.014453 0.017361
0 0.026953 0.382986 0.020313 0.021528
0 0.145508 0.393403 0.071484 0.050694
0 0.535352 0.437153 0.085547 0.170139
0 0.562109 0.364931 0.021094 0.038194
0 0.074219 0.346875 0.021094 0.014583
0 0.728906 0.342361 0.00625 0.040278
0 0.532227 0.330208 0.009766 0.017361
0 0.308398 0.351736 0.071484 0.092361
0 0.283203 0.307292 0.0125 0.022917
0 0.585547 0.308333 0.017969 0.041667
0 0.273242 0.298264 0.008984 0.034028
0 0.630664 0.340625 0.081641 0.127083
0 0.092383 0.277083 0.009766 0.018056
0 0.549609 0.270833 0.021094 0.030556
0 0.658984 0.267014 0.019531 0.029861
0 0.316797 0.277778 0.027344 0.052778
0 0.356641 0.276736 0.042188 0.053472
0 0.291211 0.268403 0.018359 0.036806
0 0.22168 0.3125 0.105859 0.125
0 0.154492 0.276389 0.025391 0.052778
0 0.188281 0.333681 0.167969 0.167361
0 0.094531 0.255903 0.010937 0.011806
0 0.051562 0.304514 0.103125 0.109028
