0 0.78848 0.993467 0.007843 0.013066
0 0.170588 0.991289 0.011765 0.017422
0 0.778064 0.990854 0.009559 0.018293
0 0.081373 0.987805 0.009804 0.02439
0 0.726103 0.976916 0.01152 0.009582
0 0.679902 0.973432 0.014706 0.011324
0 0.767525 0.958624 0.021324 0.025261
0 0.098407 0.953833 0.007108 0.022648
0 0.691667 0.940984 0.007353 0.010017
0 0.758701 0.939895 0.005637 0.011324
0 0.713848 0.9375 0.008088 0.010889
0 0.689706 0.915287 0.010294 0.008275
0 0.148039 0.953615 0.064706 0.09277
0 0.219975 0.949042 0.065931 0.101916
0 0.698775 0.90919 0.014216 0.030052
0 0.789461 0.904834 0.02451 0.023084
0 0.675735 0.896341 0.007353 0.020906
0 0.779412 0.876089 0.017647 0.01176
0 0.74375 0.895035 0.045833 0.078397
0 0.74375 0.86716 0.017892 0.035714
0 0.716912 0.843641 0.009804 0.023519
0 0.860539 0.834713 0.007353 0.009146
0 0.823652 0.82622 0.021324 0.013066
0 0.709314 0.822517 0.016176 0.016986
0 0.787623 0.805531 0.022794 0.016115
0 0.668382 0.853441 0.067157 0.113676
0 0.824265 0.793554 0.012255 0.010453
0 0.832843 0.786803 0.006373 0.009146
0 0.761397 0.797909 0.044853 0.039199
0 0.384436 0.778746 0.009069 0.009582
0 0.629902 0.773084 0.007843 0.010453
0 0.651838 0.770906 0.008088 0.008711
0 0.810539 0.769599 0.02451 0.016551
0 0.78174 0.758929 0.022304 0.02047
0 0.798529 0.743467 0.009804 0.010453
0 0.929289 0.745209 0.009559 0.019164
0 0.931863 0.727134 0.008333 0.006533
0 0.643382 0.741289 0.022059 0.037456
0 0.63223 0.713415 0.006127 0.012195
0 0.277941 0.723868 0.051961 0.065331
0 0.935294 0.698606 0.007843 0.015679
0 0.817402 0.685322 0.011765 0.007404
0 0.859926 0.709277 0.143873 0.070122
0 0.236029 0.683362 0.015686 0.02439
0 0.938358 0.675958 0.006618 0.019164
0 0.273775 0.671167 0.015196 0.03223
0 0.60723 0.647648 0.011029 0.013937
0 0.605025 0.635017 0.009069 0.013066
0 0.586397 0.628484 0.009559 0.008711
0 0.586887 0.601916 0.029167 0.036585
0 0.898407 0.591028 0.020833 0.016551
0 0.80527 0.57622 0.008088 0.010453
0 0.781005 0.561193 0.009559 0.01176
0 0.16348 0.593206 0.095098 0.078397
0 0.839093 0.561411 0.011029 0.020035
0 0.849877 0.545078 0.007598 0.016986
0 0.811642 0.551829 0.042402 0.055749
0 0.822059 0.502831 0.011275 0.025697
0 0.277328 0.497169 0.035539 0.029181
0 0.311029 0.485409 0.008333 0.007404
0 0.814583 0.507622 0.044853 0.069251
0 0.209804 0.469077 0.006373 0.014808
0 0.046446 0.499564 0.092892 0.075784
0 0.813725 0.464721 0.010784 0.016551
0 0.851348 0.464939 0.007108 0.024826
0 0.296569 0.452091 0.018627 0.011324
0 0.845588 0.444469 0.005392 0.016115
0 0.314951 0.43554 0.030882 0.012195
0 0.193382 0.430749 0.010294 0.010453
0 0.279044 0.441638 0.068873 0.054007
0 0.249265 0.410714 0.019118 0.008711
0 0.846201 0.410714 0.010539 0.014808
0 0.390564 0.360627 0.011029 0.00784
0 0.830515 0.412674 0.075245 0.122387
0 0.857843 0.353659 0.007843 0.012195
0 0.423039 0.359974 0.040196 0.026568
0 0.834559 0.327744 0.009804 0.013502
0 0.816789 0.336237 0.039461 0.031359
0 0.813358 0.314895 0.011029 0.012195
0 0.019118 0.343206 0.027451 0.068815
0 0.836887 0.314242 0.020833 0.017857
0 0.056373 0.3027 0.004902 0.013937
0 0.190319 0.29878 0.005637 0.017422
0 0.218505 0.309233 0.006127 0.047909
0 0.5875 0.281141 0.009314 0.027439
0 0.183088 0.303136 0.019118 0.074913
0 0.50527 0.279181 0.015441 0.037456
0 0.081985 0.260889 0.009069 0.018293
0 0.714338 0.261542 0.007598 0.022213
0 0.892279 0.260235 0.019853 0.02047
0 0.865196 0.29007 0.032353 0.080139
0 0.53652 0.260889 0.022059 0.021777
0 0.211642 0.254791 0.010049 0.009582
0 0.180392 0.253484 0.007843 0.006969
0 0.013235 0.262413 0.026471 0.024826
