0 0.007598 0.984103 0.010294 0.006533
0 0.271936 0.979094 0.008578 0.006969
0 0.258211 0.987805 0.014461 0.02439
0 0.066299 0.90135 0.01201 0.022213
0 0.234069 0.891551 0.018137 0.027003
0 0.009926 0.875436 0.019853 0.041812
0 0.286029 0.849739 0.016176 0.015679
0 0.016422 0.845383 0.013725 0.014808
0 0.035784 0.832099 0.006863 0.008275
0 0.00527 0.836019 0.010539 0.02047
0 0.016912 0.817509 0.009314 0.008711
0 0.031985 0.815549 0.005637 0.014373
0 0.129902 0.801829 0.006373 0.012195
0 0.026348 0.80074 0.007598 0.010017
0 0.012745 0.800958 0.012745 0.011324
0 0.021814 0.789416 0.005882 0.01176
0 0.044975 0.792901 0.025245 0.041376
0 0.304044 0.787021 0.056127 0.042683
0 0.288603 0.771341 0.008088 0.011324
0 0.278186 0.772213 0.008333 0.020035
0 0.298775 0.758929 0.009314 0.012631
0 0.072549 0.804878 0.10098 0.128049
0 0.36299 0.745209 0.010294 0.009582
0 0.005637 0.701873 0.003431 0.013502
0 0.123407 0.681838 0.008088 0.014373
0 0.097304 0.701437 0.036275 0.069251
0 0.002574 0.673563 0.005147 0.022213
0 0.079779 0.672256 0.009559 0.02047
0 0.045711 0.655488 0.003186 0.02439
0 0.092525 0.65723 0.014461 0.033972
0 0.114093 0.651786 0.020833 0.030052
0 0.010539 0.643075 0.004412 0.025697
0 0.020711 0.615636 0.007598 0.02047
0 0.010784 0.60649 0.008333 0.02047
0 0.04473 0.608667 0.010539 0.037021
0 0.029534 0.610845 0.015931 0.048345
0 0.265441 0.576873 0.021078 0.009146
0 0.023775 0.567073 0.005882 0.008711
0 0.002574 0.56838 0.005147 0.029617
0 0.01875 0.559451 0.01299 0.023955
0 0.346324 0.544643 0.005882 0.008275
0 0.25625 0.53223 0.015441 0.018293
0 0.972672 0.528092 0.01152 0.016986
0 0.306005 0.522866 0.021814 0.022213
0 0.400245 0.524826 0.005882 0.034843
0 0.959436 0.454486 0.01201 0.013502
0 0.881985 0.470383 0.103186 0.054007
0 0.997426 0.455575 0.005147 0.026132
0 0.948284 0.440549 0.016176 0.017857
0 0.88701 0.419861 0.009314 0.006969
0 0.790441 0.430314 0.079412 0.029617
0 0.695588 0.420296 0.017157 0.018293
0 0.938358 0.412456 0.009559 0.016551
0 0.953922 0.408754 0.017647 0.014373
0 0.394485 0.405923 0.027206 0.015679
0 0.628922 0.403528 0.005392 0.018728
0 0.849877 0.408319 0.024755 0.030052
0 0.923039 0.400697 0.013725 0.016551
0 0.933701 0.39547 0.004657 0.016551
0 0.547304 0.390462 0.009804 0.01176
0 0.730515 0.381751 0.011029 0.01176
0 0.472426 0.375871 0.006127 0.013066
0 0.402696 0.381098 0.046569 0.02439
0 0.980392 0.377178 0.029412 0.028746
0 0.010294 0.370862 0.005882 0.016986
0 0.406863 0.35649 0.013725 0.016986
0 0.754779 0.360627 0.013971 0.027875
0 0.832598 0.345819 0.007843 0.014808
0 0.873775 0.370427 0.079412 0.072735
0 0.586642 0.343641 0.009559 0.020906
0 0.978186 0.337544 0.021078 0.022648
0 0.995588 0.337108 0.008824 0.033101
0 0.837868 0.32426 0.007108 0.021341
0 0.435907 0.335148 0.033578 0.055314
0 0.885294 0.309233 0.006863 0.012195
0 0.58174 0.313371 0.011029 0.022213
0 0.825123 0.305749 0.015931 0.008711
0 0.556618 0.339721 0.057843 0.081882
0 0.773284 0.302047 0.008333 0.009146
0 0.617892 0.339939 0.055882 0.08493
0 0.060417 0.302265 0.008088 0.018293
0 0.969118 0.296603 0.008824 0.00784
0 0.389338 0.30074 0.007598 0.023955
0 0.91826 0.295296 0.016912 0.013937
0 0.995098 0.290941 0.005882 0.009582
0 0.763971 0.297038 0.017647 0.022648
0 0.951348 0.286803 0.008088 0.007404
0 0.477696 0.287892 0.005392 0.013066
0 0.884191 0.285714 0.007108 0.010453
0 0.896814 0.282448 0.007353 0.01176
0 0.872917 0.28027 0.006618 0.009146
0 0.522549 0.295078 0.009804 0.041376
0 0.808088 0.29007 0.043627 0.039199
0 0.962255 0.272213 0.011765 0.00784
0 0.335417 0.273084 0.008088 0.011324
0 0.396324 0.277221 0.012255 0.024826
0 0.490931 0.286368 0.013235 0.046603
0 0.873162 0.266115 0.006618 0.011324
0 0.054412 0.256315 0.005882 0.009146
0 0.903064 0.258057 0.007108 0.016115
0 0.887745 0.2598 0.019118 0.019599
0 0.506127 0.254791 0.014706 0.009582
0 0.441912 0.266986 0.029902 0.033972
