0 0.366211 0.969097 0.008984 0.01875
0 0.737305 0.958681 0.020703 0.025694
0 0.371094 0.943056 0.010937 0.038889
0 0.724023 0.929861 0.015234 0.034722
0 0.775781 0.938889 0.036719 0.083333
0 0.522461 0.930208 0.016016 0.111806
0 0.865039 0.927083 0.060547 0.119444
0 0.37793 0.875694 0.012891 0.018056
0 0.849219 0.853819 0.017969 0.029861
0 0.873633 0.85 0.025391 0.029167
0 0.387891 0.845486 0.017188 0.045139
0 0.921875 0.757292 0.052344 0.052083
0 0.543359 0.720139 0.015625 0.0125
0 0.914453 0.686458 0.013281 0.015972
0 0.550781 0.68125 0.010156 0.015278
0 0.993359 0.682292 0.013281 0.050694
0 0.95625 0.646875 0.0375 0.021528
0 0.133984 0.605903 0.025 0.046528
0 0.514648 0.594444 0.012109 0.029167
0 0.869727 0.584722 0.032422 0.05
0 0.180859 0.520139 0.009375 0.015278
0 0.882617 0.455556 0.017578 0.015278
0 0.448242 0.455903 0.015234 0.017361
0 0.896875 0.44375 0.003906 0.033333
0 0.236523 0.433333 0.094922 0.072222
0 0.176758 0.404861 0.016797 0.018056
0 0.873437 0.409722 0.047656 0.05
0 0.379492 0.438194 0.117578 0.106944
0 0.257422 0.382639 0.021875 0.023611
0 0.222461 0.370486 0.017578 0.014583
0 0.33457 0.311458 0.016797 0.01875
0 0.530664 0.298611 0.008203 0.020833
0 0.020703 0.289583 0.041406 0.05
0 0.555664 0.286458 0.058984 0.072917
0 0.326562 0.26875 0.04375 0.0375
