0 0.077083 0.994991 0.009559 0.010017
0 0.086765 0.994556 0.009804 0.010889
0 0.316789 0.991725 0.005637 0.016551
0 0.042157 0.973432 0.084314 0.053136
0 0.404044 0.914199 0.014951 0.012195
0 0.015931 0.884364 0.02549 0.017857
0 0.082598 0.860627 0.017647 0.014808
0 0.040931 0.853005 0.005392 0.008275
0 0.057721 0.861498 0.028676 0.03223
0 0.40098 0.705139 0.009804 0.00784
0 0.489828 0.697735 0.007598 0.008711
0 0.482598 0.681838 0.010294 0.005662
0 0.996936 0.675087 0.006127 0.012195
0 0.222549 0.672692 0.014706 0.015244
0 0.14424 0.676176 0.011029 0.027439
0 0.99473 0.650261 0.010539 0.00784
0 0.168995 0.656141 0.015441 0.030052
0 0.19473 0.662456 0.035049 0.060105
0 0.284681 0.590375 0.008578 0.010889
0 0.566299 0.583841 0.008088 0.007404
0 0.396201 0.570993 0.018873 0.011324
0 0.211642 0.584059 0.020343 0.044425
0 0.595588 0.562936 0.009314 0.007404
0 0.970588 0.580139 0.058824 0.063589
0 0.494608 0.54007 0.011765 0.009582
0 0.762868 0.52439 0.01299 0.020035
0 0.723407 0.525915 0.040441 0.063153
0 0.746814 0.511106 0.011275 0.037021
0 0.148529 0.457317 0.007843 0.018293
0 0.710907 0.462544 0.016912 0.033101
0 0.722181 0.435758 0.011029 0.015244
0 0.944118 0.436193 0.019608 0.030052
0 0.96201 0.437282 0.013235 0.043554
0 0.098529 0.410497 0.005392 0.010889
0 0.242892 0.426611 0.030392 0.054443
0 0.272059 0.486934 0.031863 0.191638
0 0.997917 0.406794 0.004167 0.03223
0 0.756005 0.39351 0.006618 0.012631
0 0.128186 0.386542 0.014706 0.027439
0 0.293137 0.373476 0.007353 0.013502
0 0.859191 0.374129 0.01299 0.019164
0 0.413848 0.366507 0.007108 0.010017
0 0.084069 0.357143 0.009804 0.011324
0 0.122549 0.353876 0.014706 0.013502
0 0.329044 0.359321 0.014951 0.027003
0 0.298897 0.351916 0.006127 0.015679
0 0.773284 0.343206 0.009314 0.013937
0 0.321569 0.337761 0.014706 0.010017
0 0.455515 0.336019 0.008088 0.009146
0 0.204902 0.334495 0.006863 0.013066
0 0.331863 0.32622 0.007843 0.008711
0 0.03223 0.341246 0.064461 0.038763
0 0.294975 0.329268 0.010539 0.022648
0 0.124265 0.323606 0.027941 0.027003
0 0.141422 0.311629 0.008824 0.010889
0 0.250368 0.335366 0.067402 0.060105
0 0.421936 0.302483 0.005637 0.010017
0 0.25576 0.298345 0.006618 0.009582
0 0.320343 0.299434 0.005882 0.012631
0 0.092279 0.322735 0.047304 0.061847
0 0.273529 0.300523 0.02451 0.022648
0 0.045343 0.307709 0.029902 0.038763
0 0.192034 0.292683 0.017402 0.018293
0 0.170833 0.297909 0.026961 0.034843
0 0.410417 0.292683 0.017402 0.027003
0 0.754412 0.282883 0.008333 0.013502
0 0.303309 0.28615 0.031618 0.026132
0 0.236152 0.279399 0.007108 0.012631
0 0.007598 0.29399 0.015196 0.067073
0 0.725123 0.259146 0.01201 0.015679
0 0.221324 0.28615 0.033333 0.069686
0 0.447794 0.257404 0.015686 0.014808
0 0.425613 0.264155 0.014951 0.02831
0 0.399387 0.261106 0.015931 0.022213
0 0.377328 0.261324 0.014461 0.022648
0 0.296324 0.271777 0.059314 0.043554
0 0.246324 0.261106 0.015686 0.022213
0 0.18125 0.263066 0.03799 0.026132
0 0.150123 0.253484 0.009559 0.006969
0 0.141422 0.275697 0.029902 0.051394
