0 0.06582 0.958681 0.037109 0.049306
0 0.028516 0.902778 0.020313 0.025
0 0.40625 0.925 0.042969 0.095833
0 0.049805 0.885764 0.012109 0.038194
0 0.030664 0.817708 0.019922 0.042361
0 0.433008 0.781597 0.023047 0.035417
0 0.043164 0.776736 0.010547 0.029861
0 0.017383 0.782986 0.034766 0.063194
0 0.075977 0.767708 0.028516 0.034028
0 0.227734 0.764931 0.022656 0.036806
0 0.978711 0.669444 0.027734 0.018056
0 0.933008 0.642708 0.037109 0.022917
0 0.9 0.623611 0.024219 0.016667
0 0.866211 0.604167 0.041797 0.026389
0 0.872656 0.553472 0.021094 0.023611
0 0.11582 0.540625 0.012891 0.013194
0 0.682813 0.502083 0.028125 0.018056
0 0.832031 0.486111 0.019531 0.006944
0 0.089648 0.491667 0.052734 0.033333
0 0.483984 0.479861 0.007031 0.018056
0 0.461328 0.488194 0.017188 0.051389
0 0.064062 0.45625 0.009375 0.020833
0 0.996484 0.473611 0.007031 0.058333
0 0.720703 0.484722 0.11875 0.084722
0 0.474023 0.443403 0.012109 0.04375
0 0.814063 0.430903 0.04375 0.089583
0 0.757812 0.389236 0.0125 0.020139
0 0.995313 0.397222 0.009375 0.038889
0 0.457813 0.395139 0.007812 0.040278
0 0.651172 0.381944 0.011719 0.023611
0 0.584766 0.370833 0.007031 0.020833
0 0.557422 0.389931 0.015625 0.063194
0 0.628906 0.427431 0.075 0.153472
0 0.70957 0.347917 0.026172 0.029167
0 0.178906 0.338542 0.03125 0.014583
0 0.595508 0.334375 0.006641 0.024306
0 0.608984 0.322222 0.014844 0.020833
0 0.689063 0.334722 0.014063 0.056944
0 0.043164 0.313194 0.013672 0.020833
0 0.845117 0.355208 0.037891 0.110417
0 0.698828 0.291667 0.0125 0.011111
0 0.614062 0.293056 0.013281 0.029167
0 0.507812 0.338194 0.079687 0.155556
0 0.76875 0.267014 0.009375 0.022917
0 0.565625 0.303125 0.060937 0.103472
0 0.847266 0.265972 0.061719 0.031944
0 0.809375 0.258333 0.010937 0.016667
0 0.755078 0.2625 0.014063 0.025
0 0.730859 0.257292 0.021094 0.014583
0 0.545703 0.290278 0.039844 0.080556
0 0.525977 0.260764 0.015234 0.021528
0 0.352148 0.258333 0.026172 0.016667
0 0.360547 0.308333 0.163281 0.116667
0 0.246289 0.265972 0.023047 0.031944
0 0.053125 0.281597 0.092969 0.063194
