0 0.179902 0.994774 0.011765 0.010453
0 0.366054 0.985192 0.005637 0.00784
0 0.38076 0.978659 0.006618 0.006969
0 0.524387 0.984756 0.021814 0.025261
0 0.164828 0.986063 0.025735 0.027875
0 0.411029 0.972779 0.007353 0.014373
0 0.41777 0.980836 0.006618 0.038328
0 0.524877 0.962979 0.009069 0.008711
0 0.418627 0.950784 0.015196 0.016551
0 0.055882 0.946429 0.014216 0.009582
0 0.430025 0.930531 0.006127 0.010017
0 0.142525 0.902875 0.005147 0.010453
0 0.156373 0.892639 0.019118 0.030923
0 0.431495 0.858667 0.006127 0.016115
0 0.039706 0.842117 0.006863 0.010889
0 0.016176 0.838197 0.006863 0.010017
0 0.440931 0.836672 0.004412 0.014808
0 0.027819 0.831664 0.013971 0.009146
0 0.223652 0.805967 0.013971 0.009146
0 0.239828 0.805314 0.015931 0.019164
0 0.229044 0.792901 0.011029 0.012631
0 0.210662 0.78419 0.01201 0.021341
0 0.187745 0.755662 0.006373 0.010453
0 0.989951 0.755009 0.020098 0.057927
0 0.093505 0.714286 0.007598 0.022648
0 0.160784 0.703397 0.016176 0.013937
0 0.223775 0.716028 0.129902 0.066202
0 0.547549 0.643728 0.019608 0.016551
0 0.524877 0.630444 0.007108 0.01176
0 0.978799 0.662021 0.042402 0.108014
0 0.514828 0.610192 0.006127 0.015679
0 0.589216 0.571211 0.008824 0.01176
0 0.705515 0.579922 0.030147 0.040505
0 0.950245 0.562282 0.015196 0.012195
0 0.308088 0.561193 0.004412 0.019599
0 0.028554 0.551394 0.003676 0.016551
0 0.946324 0.544861 0.009314 0.012195
0 0.891054 0.539852 0.013971 0.010889
0 0.919608 0.543554 0.019118 0.021777
0 0.306985 0.537456 0.006127 0.009582
0 0.545956 0.548998 0.034559 0.037892
0 0.552451 0.537239 0.005882 0.015244
0 0.983088 0.555531 0.033824 0.06054
0 0.558333 0.525044 0.004902 0.01176
0 0.35 0.52831 0.010784 0.019164
0 0.51201 0.545078 0.067157 0.091899
0 0.354779 0.505226 0.018873 0.022648
0 0.676103 0.53223 0.090441 0.090592
0 0.497304 0.475392 0.009804 0.014373
0 0.021569 0.469512 0.006863 0.027003
0 0.558946 0.449477 0.016422 0.013937
0 0.521078 0.446211 0.006863 0.009146
0 0.352083 0.448824 0.010539 0.014373
0 0.502696 0.449042 0.018137 0.020035
0 0.304902 0.44142 0.007843 0.01176
0 0.910172 0.434451 0.009559 0.016115
0 0.146078 0.438371 0.007353 0.026568
0 0.878309 0.427047 0.036029 0.026568
0 0.358701 0.414199 0.019853 0.008711
0 0.501348 0.422256 0.022794 0.038763
0 0.14473 0.409408 0.005637 0.018293
0 0.831005 0.467334 0.186029 0.135017
0 0.381127 0.405488 0.027941 0.036585
0 0.931495 0.410932 0.03848 0.050958
0 0.372917 0.385235 0.008578 0.008275
0 0.94951 0.376089 0.014216 0.009146
0 0.490931 0.379138 0.012745 0.022213
0 0.018627 0.385017 0.011275 0.063589
0 0.958578 0.354312 0.018137 0.013502
0 0.410539 0.355618 0.004412 0.016986
0 0.91826 0.359321 0.026716 0.025261
0 0.960294 0.336672 0.026961 0.010453
0 0.940074 0.337326 0.008578 0.01176
0 0.218382 0.336672 0.005392 0.027875
0 0.586152 0.325784 0.023284 0.008711
0 0.953554 0.315767 0.01201 0.010453
0 0.380025 0.31642 0.007108 0.013502
0 0.514216 0.306185 0.013235 0.013937
0 0.966299 0.297256 0.011029 0.005662
0 0.95098 0.298345 0.013235 0.010453
0 0.255392 0.290505 0.006373 0.010453
0 0.820833 0.308145 0.014706 0.046603
0 0.957966 0.286803 0.007598 0.008275
0 0.982475 0.287674 0.015441 0.02047
0 0.436642 0.272213 0.009069 0.013937
0 0.690564 0.257622 0.006127 0.015244
0 0.621201 0.264155 0.0125 0.02831
0 0.56299 0.257186 0.014706 0.014373
0 0.488113 0.285932 0.109559 0.071864
0 0.391912 0.309669 0.02402 0.119338
0 0.315564 0.295296 0.011029 0.090592
0 0.216789 0.285279 0.010049 0.070557
0 0.01152 0.303789 0.018137 0.107578
