0 0.923529 0.995862 0.011765 0.008275
0 0.090441 0.993685 0.02402 0.012631
0 0.070956 0.992814 0.009069 0.014373
0 0.014216 0.991289 0.016176 0.013066
0 0.010417 0.969077 0.010049 0.018293
0 0.039706 0.971254 0.030392 0.047038
0 0.980147 0.972343 0.039706 0.055314
0 0.056985 0.940549 0.017892 0.022213
0 0.986887 0.930749 0.008088 0.029617
0 0.996078 0.923345 0.007843 0.020035
0 0.015931 0.942291 0.031863 0.057927
0 0.08027 0.912674 0.009069 0.019599
0 0.070098 0.904181 0.004902 0.012195
0 0.052083 0.906359 0.026716 0.027003
0 0.111275 0.897648 0.004902 0.011324
0 0.091912 0.89743 0.014706 0.015244
0 0.96152 0.900261 0.013235 0.028746
0 0.137745 0.891333 0.023039 0.035279
0 0.996324 0.88284 0.007353 0.019164
0 0.949755 0.881098 0.010294 0.016551
0 0.980637 0.891551 0.028922 0.040941
0 0.115931 0.879791 0.010294 0.020035
0 0.996324 0.84865 0.007353 0.024826
0 0.020466 0.832099 0.016422 0.025697
0 0.041299 0.806838 0.009559 0.010017
0 0.017279 0.807056 0.006618 0.010453
0 0.027819 0.807056 0.008578 0.020035
0 0.005025 0.813589 0.010049 0.037456
0 0.024265 0.791159 0.019118 0.016986
0 0.007108 0.792901 0.014216 0.021341
0 0.038848 0.787021 0.008088 0.020035
0 0.953186 0.768293 0.011275 0.011324
0 0.99473 0.74412 0.008088 0.014373
0 0.024142 0.730618 0.048284 0.097125
0 0.100613 0.671603 0.006127 0.013066
0 0.092157 0.669643 0.009804 0.02047
0 0.003064 0.662892 0.006127 0.016551
0 0.060662 0.697082 0.057598 0.090157
0 0.03652 0.657448 0.007843 0.016986
0 0.007966 0.633711 0.009559 0.012195
0 0.022181 0.632404 0.019853 0.042683
0 0.108456 0.609756 0.009069 0.013937
0 0.067279 0.605836 0.008578 0.011324
0 0.091054 0.59277 0.009069 0.008711
0 0.994485 0.574477 0.007108 0.012195
0 0.102574 0.572735 0.025245 0.018293
0 0.017892 0.548998 0.013725 0.012631
0 0.057108 0.559451 0.034314 0.0527
0 0.025245 0.535932 0.008333 0.014373
0 0.00723 0.518075 0.006618 0.01176
0 0.012745 0.500871 0.013725 0.017422
0 0.956127 0.434451 0.014706 0.010017
0 0.177328 0.40527 0.008578 0.006533
0 0.156495 0.400044 0.013971 0.010017
0 0.892525 0.395253 0.010049 0.018728
0 0.059804 0.365418 0.005392 0.014808
0 0.035539 0.363894 0.006373 0.01176
0 0.024265 0.344294 0.004902 0.026568
0 0.089951 0.327526 0.010294 0.030488
0 0.058578 0.31054 0.009804 0.020035
0 0.928554 0.307709 0.007108 0.019599
0 0.83174 0.29878 0.006127 0.011324
0 0.660662 0.285061 0.011029 0.006533
0 0.901961 0.282883 0.006863 0.008275
0 0.702574 0.283319 0.013971 0.02047
0 0.81299 0.278528 0.023039 0.016986
0 0.642647 0.276786 0.007353 0.014373
0 0.920466 0.274826 0.010049 0.016551
0 0.053186 0.275261 0.018627 0.017422
0 0.558824 0.27439 0.009314 0.018293
0 0.634559 0.266115 0.005882 0.011324
0 0.61973 0.265026 0.019853 0.01176
0 0.093505 0.263284 0.019363 0.023955
0 0.989461 0.255444 0.010784 0.010889
0 0.69951 0.259364 0.014706 0.018728
0 0.660784 0.256533 0.009804 0.013066
0 0.109314 0.254138 0.006863 0.008275
0 0.008946 0.280923 0.017892 0.061847
