0 0.044975 0.996516 0.009069 0.006969
0 0.122672 0.993249 0.01348 0.007404
0 0.089951 0.992378 0.008333 0.008275
0 0.152941 0.993467 0.009804 0.013066
0 0.13701 0.989983 0.015196 0.020035
0 0.167157 0.963415 0.008333 0.00784
0 0.159681 0.95601 0.009069 0.022648
0 0.995588 0.920514 0.008824 0.014373
0 0.066299 0.875653 0.029167 0.046603
0 0.032966 0.84669 0.017892 0.036585
0 0.978554 0.817073 0.004657 0.013937
0 0.950245 0.809887 0.005882 0.012631
0 0.045588 0.79007 0.010784 0.009582
0 0.228922 0.784843 0.020588 0.036585
0 0.008824 0.763066 0.013235 0.012195
0 0.059314 0.712326 0.019118 0.021341
0 0.041054 0.695557 0.018382 0.028746
0 0.11348 0.694686 0.008333 0.051394
0 0.028309 0.685105 0.007598 0.039199
0 0.010662 0.677265 0.017402 0.025261
0 0.111642 0.655488 0.004167 0.013066
0 0.275368 0.646995 0.008088 0.010889
0 0.117034 0.626524 0.004167 0.016115
0 0.898897 0.614329 0.018382 0.006533
0 0.148529 0.621951 0.010784 0.027875
0 0.356005 0.58885 0.009559 0.027875
0 0.760539 0.572735 0.008824 0.014808
0 0.336152 0.567073 0.006618 0.022648
0 0.912745 0.554443 0.009314 0.021777
0 0.271936 0.584277 0.03652 0.10061
0 0.373039 0.54007 0.019608 0.043554
0 0.546324 0.499782 0.011765 0.010889
0 0.166176 0.509582 0.008824 0.033101
0 0.368015 0.504138 0.008578 0.026568
0 0.757721 0.525261 0.018873 0.071429
0 0.333088 0.52243 0.019608 0.066638
0 0.565196 0.490854 0.010784 0.008711
0 0.53652 0.481054 0.008824 0.007404
0 0.730147 0.478223 0.013725 0.009582
0 0.986275 0.530052 0.027451 0.117596
0 0.885172 0.468859 0.0125 0.005662
0 0.535907 0.462979 0.015931 0.013937
0 0.39326 0.459277 0.006618 0.016986
0 0.452206 0.461019 0.005392 0.027439
0 0.464461 0.427047 0.004902 0.013502
0 0.382108 0.445993 0.008333 0.055749
0 0.372549 0.425305 0.005392 0.02047
0 0.338848 0.448171 0.014461 0.083624
0 0.769118 0.444904 0.032843 0.079704
0 0.745711 0.402003 0.023284 0.013066
0 0.427206 0.441638 0.033333 0.117596
0 0.302819 0.392639 0.007108 0.034408
0 0.335539 0.389808 0.007353 0.030488
0 0.013358 0.367378 0.01299 0.014373
0 0.276716 0.363458 0.019608 0.016986
0 0.102328 0.359756 0.01299 0.03223
0 0.36826 0.35257 0.010539 0.019599
0 0.429167 0.330575 0.003431 0.016551
0 0.432475 0.313589 0.016912 0.03223
0 0.278431 0.298563 0.014216 0.009146
0 0.333824 0.297038 0.003922 0.021777
0 0.735294 0.291376 0.008333 0.028746
0 0.464461 0.28223 0.005882 0.015679
0 0.446078 0.276132 0.009314 0.00784
0 0.405147 0.297692 0.020098 0.051829
0 0.318505 0.261106 0.008578 0.013502
0 0.129412 0.369774 0.031373 0.236934
0 0.200368 0.313371 0.026225 0.126742
