0 0.029412 0.991289 0.013725 0.017422
0 0.300245 0.981925 0.013725 0.03615
0 0.326103 0.976481 0.03799 0.047038
0 0.412623 0.906577 0.021324 0.030923
0 0.342525 0.827962 0.0125 0.033972
0 0.026716 0.760671 0.005392 0.010889
0 0.051471 0.753267 0.007353 0.016115
0 0.781863 0.750218 0.016667 0.023955
0 0.026348 0.785279 0.052696 0.110627
0 0.173039 0.738676 0.010784 0.037456
0 0.159436 0.718641 0.004657 0.020035
0 0.012255 0.70993 0.02451 0.019164
0 0.158456 0.699913 0.0125 0.015679
0 0.080637 0.694251 0.005882 0.008711
0 0.107843 0.662674 0.017647 0.015244
0 0.074265 0.666812 0.011765 0.033101
0 0.496201 0.575784 0.01201 0.017422
0 0.049265 0.567291 0.006373 0.009146
0 0.046814 0.554007 0.008333 0.006969
0 0.457108 0.545078 0.006863 0.017857
0 0.093137 0.531141 0.013725 0.01176
0 0.027696 0.554443 0.021078 0.095819
0 0.145343 0.534843 0.101471 0.085366
0 0.110172 0.490636 0.01299 0.013502
0 0.099755 0.480836 0.041667 0.037456
0 0.216544 0.472343 0.01348 0.023084
0 0.012623 0.480618 0.019853 0.039634
0 0.094975 0.46385 0.048284 0.039199
0 0.003186 0.443162 0.006373 0.018728
0 0.029044 0.439678 0.008578 0.013502
0 0.08652 0.449913 0.043627 0.036585
0 0.112868 0.432927 0.008578 0.012195
0 0.087132 0.42966 0.056127 0.044861
0 0.536397 0.410061 0.007598 0.006533
0 0.083946 0.412892 0.058088 0.043554
0 0.081005 0.39547 0.059559 0.04007
0 0.685417 0.375653 0.006618 0.006533
0 0.074142 0.380226 0.052696 0.034843
0 0.106005 0.363023 0.005637 0.013502
0 0.014583 0.374564 0.018382 0.040941
0 0.182721 0.393293 0.070833 0.082753
0 0.07451 0.359974 0.062745 0.03615
0 0.710172 0.343859 0.01201 0.009146
0 0.061275 0.346037 0.044118 0.026568
0 0.485049 0.335801 0.007353 0.013066
0 0.096814 0.329486 0.015196 0.013502
0 0.069118 0.323824 0.065196 0.035279
0 0.795711 0.328833 0.08701 0.083624
0 0.068873 0.302918 0.062745 0.031794
0 0.069485 0.282883 0.056618 0.026568
0 0.023039 0.268728 0.006863 0.018293
0 0.069363 0.263066 0.051961 0.025261
0 0.993137 0.254791 0.013725 0.009582
0 0.527696 0.254138 0.008333 0.008275
0 0.36973 0.258493 0.009069 0.016986
0 0.189461 0.252178 0.011275 0.004355
0 0.025735 0.255226 0.007353 0.010453
0 0.01201 0.266115 0.011765 0.03223
