0 0.164338 0.996733 0.008088 0.006533
0 0.120098 0.996298 0.007843 0.007404
0 0.182721 0.99608 0.006618 0.00784
0 0.495343 0.993249 0.018137 0.013502
0 0.764461 0.990854 0.006373 0.009582
0 0.707843 0.991507 0.004902 0.016986
0 0.566789 0.991507 0.006127 0.016986
0 0.52598 0.991289 0.022549 0.017422
0 0.643382 0.989111 0.019608 0.021777
0 0.142157 0.984974 0.008824 0.014373
0 0.716054 0.987152 0.004167 0.02047
0 0.611152 0.981925 0.005637 0.01176
0 0.96299 0.98149 0.004902 0.012631
0 0.470833 0.979965 0.007843 0.010453
0 0.798652 0.98149 0.009069 0.017857
0 0.895711 0.979312 0.01201 0.014373
0 0.174142 0.977134 0.008088 0.015244
0 0.664706 0.978659 0.008824 0.019164
0 0.098652 0.984538 0.008088 0.030923
0 0.126716 0.976481 0.007353 0.016551
0 0.108578 0.972779 0.006373 0.015244
0 0.790441 0.972343 0.008824 0.016115
0 0.697549 0.972997 0.016176 0.021777
0 0.880147 0.966899 0.006373 0.012195
0 0.917034 0.974303 0.010049 0.027875
0 0.856495 0.969294 0.010049 0.019599
0 0.190809 0.966246 0.007598 0.014373
0 0.148162 0.966463 0.008578 0.016551
0 0.840931 0.968206 0.007843 0.027003
0 0.585172 0.962544 0.006618 0.017422
0 0.865074 0.965157 0.009069 0.023519
0 0.201716 0.958406 0.006373 0.015244
0 0.576716 0.960584 0.005882 0.021341
0 0.160662 0.957317 0.009069 0.015679
0 0.94424 0.955357 0.006618 0.013502
0 0.13027 0.95601 0.008088 0.014808
0 0.798284 0.954922 0.010784 0.016115
0 0.089338 0.960148 0.005147 0.030052
0 0.919363 0.947735 0.006373 0.009582
0 0.521078 0.950348 0.005392 0.016551
0 0.179902 0.948606 0.007843 0.015679
0 0.538113 0.9473 0.009069 0.013937
0 0.108701 0.947953 0.007108 0.015244
0 0.098652 0.946864 0.006618 0.015679
0 0.595711 0.96777 0.03652 0.06446
0 0.193627 0.942509 0.006373 0.017422
0 0.88027 0.946211 0.006618 0.025697
0 0.957966 0.939024 0.007108 0.012195
0 0.786765 0.938807 0.010784 0.01176
0 0.650123 0.957099 0.017892 0.051829
0 0.527819 0.937936 0.009069 0.014373
0 0.74375 0.939678 0.021814 0.024826
0 0.146936 0.935758 0.009069 0.016986
0 0.939461 0.939242 0.009314 0.027439
0 0.120588 0.933145 0.007843 0.015244
0 0.903676 0.932927 0.010294 0.018293
0 0.161765 0.930531 0.009314 0.016986
0 0.827941 0.930531 0.006373 0.018728
0 0.135049 0.926176 0.008824 0.016986
0 0.182108 0.925087 0.006373 0.017422
0 0.805637 0.929225 0.026471 0.030923
0 0.862255 0.924216 0.018627 0.022648
0 0.102451 0.920514 0.006863 0.015244
0 0.092034 0.925087 0.008088 0.027003
0 0.195833 0.918772 0.004412 0.016986
0 0.524632 0.921821 0.01348 0.024826
0 0.886642 0.926176 0.016912 0.034408
0 0.756495 0.913763 0.010049 0.015679
0 0.943873 0.911803 0.008824 0.013502
0 0.909191 0.914634 0.018382 0.020906
0 0.508456 0.915287 0.010539 0.022213
0 0.782108 0.906141 0.008333 0.009146
0 0.955025 0.904617 0.004657 0.008711
0 0.175245 0.907448 0.006863 0.016986
0 0.141422 0.906794 0.011275 0.016551
0 0.125735 0.905706 0.008333 0.016115
0 0.156495 0.902439 0.009559 0.015679
0 0.110662 0.90135 0.007598 0.015244
0 0.08652 0.902003 0.004412 0.017422
0 0.521446 0.899172 0.008088 0.019599
0 0.909314 0.893728 0.010784 0.010453
0 0.726471 0.889808 0.006863 0.009582
0 0.183456 0.890897 0.006618 0.016986
0 0.896569 0.887631 0.010294 0.013937
0 0.278431 0.903963 0.033824 0.053571
0 0.486029 0.884364 0.014706 0.019599
0 0.095711 0.881969 0.013971 0.019164
0 0.166912 0.877831 0.008824 0.014373
0 0.45049 0.877395 0.005392 0.016986
0 0.197059 0.888284 0.014216 0.040505
0 0.945221 0.877613 0.009069 0.023519
0 0.120833 0.873258 0.009314 0.016551
0 0.93125 0.871733 0.006127 0.014373
0 0.468505 0.882622 0.019853 0.039634
0 0.148529 0.868685 0.009314 0.016115
0 0.481127 0.868031 0.008824 0.016551
0 0.243382 0.864547 0.012255 0.013066
0 0.183333 0.869556 0.014216 0.023955
0 0.10723 0.865418 0.003186 0.015679
0 0.868995 0.883057 0.035049 0.0527
0 0.502941 0.880009 0.026471 0.050958
0 0.45527 0.858014 0.009069 0.010453
0 0.905882 0.858449 0.013235 0.013066
0 0.299755 0.866507 0.011765 0.030923
0 0.277083 0.853659 0.007108 0.009582
0 0.091422 0.853876 0.006863 0.014373
0 0.051838 0.849521 0.018873 0.014373
0 0.100613 0.851045 0.006618 0.018293
0 0.159314 0.848868 0.008824 0.014808
0 0.235539 0.845601 0.007353 0.009146
0 0.202574 0.847779 0.004167 0.015244
0 0.506495 0.847997 0.019853 0.041812
0 0.086275 0.834277 0.005882 0.014373
0 0.863235 0.837326 0.007353 0.026568
0 0.906127 0.827744 0.009804 0.021341
0 0.183088 0.83493 0.020588 0.037456
0 0.166667 0.823606 0.006373 0.014808
0 0.06826 0.831446 0.020343 0.030488
0 0.298284 0.835148 0.041667 0.057056
0 0.56973 0.825566 0.023775 0.042247
0 0.246201 0.809016 0.006127 0.010889
0 0.070711 0.809451 0.010049 0.01176
0 0.083824 0.814024 0.007843 0.021777
0 0.495588 0.804007 0.004412 0.012195
0 0.881127 0.797474 0.010294 0.010453
0 0.605637 0.796385 0.007843 0.010889
0 0.014951 0.806402 0.021078 0.031794
0 0.866544 0.794861 0.004657 0.013937
0 0.037377 0.791376 0.01348 0.013937
0 0.193505 0.789634 0.007108 0.015679
0 0.258088 0.819904 0.039706 0.077091
0 0.61299 0.785061 0.009314 0.012631
0 0.842525 0.783101 0.004167 0.013937
0 0.058578 0.783101 0.007843 0.018293
0 0.860172 0.771559 0.016422 0.016115
0 0.306618 0.770035 0.008333 0.013066
0 0.846569 0.768946 0.005392 0.01176
0 0.193015 0.767204 0.004167 0.016115
0 0.065319 0.763284 0.006618 0.02047
0 0.218873 0.76176 0.036765 0.023519
0 0.840196 0.759364 0.005882 0.023955
0 0.309191 0.755444 0.009559 0.016115
0 0.850858 0.753267 0.006127 0.018728
0 0.493995 0.740854 0.006618 0.013066
0 0.828676 0.737369 0.008333 0.013937
0 0.848162 0.732361 0.008578 0.010889
0 0.582108 0.768075 0.080392 0.088415
0 0.192034 0.729747 0.004657 0.014373
0 0.747794 0.72757 0.004902 0.01176
0 0.75674 0.724085 0.019363 0.019599
0 0.265319 0.716681 0.005147 0.014373
0 0.521078 0.705575 0.006373 0.016551
0 0.628309 0.704922 0.007598 0.016986
0 0.66973 0.691638 0.007108 0.012195
0 0.50723 0.748693 0.065441 0.127178
0 0.701225 0.698389 0.011275 0.032666
0 0.733456 0.708624 0.029657 0.054007
0 0.767892 0.69142 0.02402 0.024826
0 0.789951 0.68554 0.012255 0.015679
0 0.602451 0.683798 0.008333 0.016551
0 0.693873 0.680531 0.007843 0.014373
0 0.563848 0.712326 0.082108 0.081446
0 0.645588 0.68358 0.011275 0.029181
0 0.634314 0.658972 0.003431 0.020906
0 0.23076 0.652439 0.008088 0.017422
0 0.730882 0.643293 0.008333 0.012195
0 0.093505 0.648519 0.022304 0.043554
0 0.569975 0.618467 0.016422 0.015679
0 0.61201 0.589503 0.008824 0.008275
0 0.520833 0.608449 0.05 0.059233
0 0.510049 0.548345 0.007353 0.009582
0 0.148284 0.536585 0.006373 0.028746
0 0.163603 0.513502 0.0125 0.016551
0 0.867157 0.494991 0.032843 0.023084
0 0.193873 0.460366 0.008824 0.013066
0 0.182966 0.424434 0.005147 0.015244
0 0.23027 0.415941 0.010049 0.018293
0 0.659436 0.388937 0.01348 0.008711
0 0.227083 0.38676 0.008578 0.006969
0 0.946569 0.389373 0.059314 0.022648
0 0.411152 0.36912 0.0125 0.016986
0 0.208456 0.359756 0.009559 0.010453
0 0.184436 0.358232 0.008088 0.057056
0 0.981618 0.332099 0.009314 0.010017
0 0.254289 0.336455 0.072794 0.045732
0 0.443137 0.320557 0.007353 0.016551
0 0.282353 0.313153 0.009314 0.00784
0 0.179167 0.315767 0.008333 0.023519
0 0.43076 0.307491 0.010539 0.012195
0 0.988113 0.307927 0.023775 0.019164
0 0.559804 0.299216 0.014706 0.010453
0 0.341299 0.29007 0.014461 0.012195
0 0.931373 0.297256 0.062745 0.029181
0 0.322794 0.288328 0.012255 0.015679
0 0.277941 0.282666 0.013235 0.018293
0 0.793995 0.27439 0.020833 0.015679
0 0.052206 0.271124 0.009314 0.014373
0 0.757598 0.270035 0.032843 0.017422
0 0.864461 0.270688 0.020098 0.022213
0 0.342034 0.267857 0.009559 0.018293
0 0.317157 0.266115 0.017647 0.018293
0 0.984804 0.258493 0.009804 0.009146
0 0.562745 0.258057 0.015196 0.010017
0 0.961029 0.264155 0.021078 0.02831
0 0.941667 0.25392 0.008333 0.00784
0 0.582353 0.261977 0.029902 0.023955
0 0.488848 0.272213 0.103186 0.044425
