0 0.004412 0.948606 0.008824 0.013937
0 0.051838 0.926394 0.014951 0.015679
0 0.064461 0.917901 0.006373 0.012631
0 0.978799 0.890679 0.006127 0.012195
0 0.979534 0.868467 0.019363 0.027003
0 0.969485 0.849956 0.014461 0.023084
0 0.870588 0.846908 0.008333 0.016986
0 0.93076 0.843423 0.01152 0.022213
0 0.959314 0.83689 0.006863 0.012631
0 0.945343 0.84081 0.014706 0.02831
0 0.985907 0.825566 0.013971 0.030052
0 0.931985 0.815331 0.013971 0.014808
0 0.783211 0.800958 0.014461 0.012195
0 0.922672 0.80074 0.007598 0.013502
0 0.968873 0.80074 0.012745 0.016115
0 0.959314 0.799652 0.006373 0.014808
0 0.985784 0.796603 0.010784 0.019164
0 0.833333 0.792247 0.009314 0.013937
0 0.934804 0.79203 0.016176 0.016115
0 0.867525 0.81054 0.060539 0.066202
0 0.237623 0.785279 0.018873 0.015679
0 0.984804 0.780706 0.013235 0.01176
0 0.948652 0.774608 0.007598 0.006533
0 0.975123 0.766333 0.01299 0.010889
0 0.894975 0.782012 0.029167 0.044861
0 0.903922 0.7598 0.007843 0.010017
0 0.792892 0.759364 0.013725 0.017857
0 0.84424 0.765679 0.015931 0.034843
0 0.879167 0.753049 0.007353 0.013066
0 0.83223 0.757622 0.007108 0.022213
0 0.869975 0.749564 0.01152 0.027875
0 0.721078 0.746516 0.003922 0.021777
0 0.93076 0.741289 0.010049 0.015679
0 0.287377 0.73824 0.008578 0.012195
0 0.953676 0.7402 0.006863 0.019599
0 0.706373 0.726263 0.007353 0.013502
0 0.812377 0.716028 0.011029 0.023519
0 0.26875 0.702744 0.009069 0.006533
0 0.649632 0.699695 0.006618 0.013502
0 0.631985 0.694469 0.005147 0.014373
0 0.615074 0.688589 0.005637 0.015679
0 0.600368 0.682709 0.007598 0.010889
0 0.012255 0.678354 0.007353 0.010017
0 0.23223 0.670078 0.008088 0.01176
0 0.251225 0.667247 0.014216 0.016551
0 0.010294 0.656577 0.020588 0.022213
0 0.03701 0.648519 0.007843 0.011324
0 0.027206 0.650261 0.006863 0.016551
0 0.333578 0.627613 0.009314 0.012195
0 0.529167 0.618685 0.019608 0.019599
0 0.284926 0.617814 0.014461 0.018728
0 0.313113 0.605836 0.006618 0.009582
0 0.974142 0.584495 0.051716 0.042683
0 0.286152 0.548345 0.030147 0.021777
0 0.328064 0.559016 0.071324 0.059669
0 0.391789 0.539416 0.016422 0.027439
0 0.454902 0.537674 0.041667 0.030923
0 0.13125 0.524172 0.007108 0.010017
0 0.149877 0.53027 0.015931 0.032666
0 0.340196 0.523737 0.076471 0.030923
0 0.41875 0.52047 0.019363 0.033101
0 0.048775 0.522213 0.020588 0.054878
0 0.436642 0.503049 0.009559 0.020906
0 0.518015 0.504573 0.010539 0.024826
0 0.417647 0.497822 0.008333 0.011324
0 0.866054 0.492378 0.020343 0.016986
0 0.454779 0.501089 0.021814 0.035279
0 0.055882 0.469077 0.006373 0.010453
0 0.122304 0.468859 0.012255 0.024826
0 0.198529 0.440984 0.006863 0.013502
0 0.227328 0.439678 0.006127 0.01176
0 0.164216 0.479094 0.121078 0.116725
0 0.120588 0.415505 0.007843 0.015679
0 0.103309 0.42378 0.01348 0.03223
0 0.216912 0.408754 0.005392 0.010017
0 0.140196 0.421167 0.015196 0.034843
0 0.187132 0.409843 0.01201 0.013066
0 0.120956 0.392422 0.010049 0.015679
0 0.020956 0.442509 0.041912 0.117596
0 0.46777 0.38872 0.010049 0.014373
0 0.002083 0.384146 0.004167 0.012195
0 0.085784 0.388066 0.009314 0.022648
0 0.481618 0.371951 0.012745 0.006969
0 0.101716 0.378484 0.018137 0.027875
0 0.043015 0.368902 0.01152 0.010453
0 0.531127 0.388066 0.009314 0.052265
0 0.19473 0.365854 0.008578 0.015679
0 0.467402 0.363458 0.007353 0.01176
0 0.473529 0.354747 0.007353 0.010889
0 0.988603 0.341028 0.010049 0.008711
0 0.150858 0.341681 0.009069 0.014373
0 0.683578 0.336455 0.013725 0.007404
0 0.71777 0.333624 0.006618 0.006969
0 0.186275 0.336672 0.010294 0.013066
0 0.152941 0.323824 0.010784 0.015244
0 0.11826 0.320122 0.006127 0.009582
0 0.121324 0.305096 0.012745 0.013502
0 0.469853 0.314678 0.014216 0.042247
0 0.03701 0.299434 0.009314 0.016115
0 0.947059 0.315984 0.022549 0.080575
0 0.136765 0.316638 0.025 0.094948
0 0.137377 0.273955 0.004167 0.013937
0 0.987255 0.27635 0.011275 0.021341
0 0.100245 0.289852 0.025 0.049216
0 0.933211 0.268728 0.008088 0.010453
0 0.008211 0.265244 0.006618 0.016551
0 0.131985 0.258929 0.013971 0.016986
0 0.990686 0.261106 0.003922 0.022213
0 0.945588 0.256533 0.006373 0.013066
0 0.84326 0.280052 0.099265 0.060105
0 0.505882 0.273955 0.038235 0.047909
0 0.483211 0.272866 0.014951 0.045732
0 0.449632 0.289634 0.041912 0.079268
0 0.195098 0.260017 0.015686 0.020035
0 0.152819 0.270035 0.021814 0.04007
0 0.10527 0.25784 0.010049 0.015679
0 0.080882 0.265897 0.018137 0.031794
0 0.067157 0.2598 0.007353 0.019599
