0 0.090625 0.981111 0.06125 0.037778
0 0.005625 0.96 0.01125 0.035556
0 0.820937 0.966111 0.118125 0.067778
0 0.434688 0.922778 0.010625 0.038889
0 0.009062 0.899444 0.018125 0.021111
0 0.475938 0.895556 0.069375 0.035556
0 0.6675 0.814444 0.04375 0.062222
0 0.597812 0.797222 0.163125 0.405556
0 0.041875 0.613889 0.06625 0.058889
0 0.436875 0.554444 0.02 0.037778
0 0.430937 0.51 0.019375 0.051111
0 0.265313 0.458889 0.184375 0.071111
0 0.540937 0.411667 0.014375 0.036667
0 0.57625 0.41 0.04375 0.035556
0 0.49 0.426111 0.04 0.087778
0 0.405313 0.400556 0.094375 0.067778
0 0.298125 0.367222 0.15125 0.092222
0 0.735 0.337222 0.09 0.174444
0 0.350625 0.320556 0.32 0.141111
0 0.152188 0.333889 0.151875 0.167778
0 0.035625 0.302778 0.07125 0.105556
