0 0.143125 0.989444 0.02625 0.021111
0 0.025625 0.840556 0.04125 0.047778
0 0.231875 0.776667 0.01375 0.028889
0 0.93 0.745556 0.14 0.18
0 0.271875 0.582778 0.03625 0.096667
0 0.369375 0.525 0.02375 0.072222
0 0.55625 0.501111 0.02875 0.028889
0 0.98625 0.507222 0.0275 0.07
0 0.426875 0.47 0.03375 0.06
0 0.383125 0.442778 0.02625 0.054444
0 0.83125 0.511111 0.165 0.222222
0 0.425625 0.403889 0.0325 0.047778
0 0.097187 0.401667 0.008125 0.056667
0 0.43 0.330556 0.0125 0.067778
0 0.204687 0.402778 0.034375 0.214444
0 0.406562 0.295 0.023125 0.054444
0 0.205937 0.268333 0.021875 0.036667
0 0.12875 0.381667 0.03625 0.263333
