0 0.591875 0.987222 0.025 0.025556
0 0.031563 0.96 0.035625 0.033333
0 0.065937 0.969444 0.051875 0.061111
0 0.675 0.925 0.01125 0.032222
0 0.521563 0.944444 0.106875 0.095556
0 0.987187 0.907222 0.015625 0.036667
0 0.479375 0.902222 0.02625 0.026667
0 0.598437 0.882778 0.026875 0.041111
0 0.004687 0.852222 0.009375 0.031111
0 0.450937 0.822222 0.023125 0.06
0 0.954063 0.791667 0.014375 0.03
0 0.92125 0.790556 0.02125 0.038889
0 0.865625 0.782222 0.03 0.044444
0 0.0575 0.680556 0.02875 0.018889
0 0.457813 0.692778 0.013125 0.056667
0 0.907188 0.656111 0.023125 0.034444
0 0.949375 0.646667 0.02875 0.035556
0 0.467187 0.574444 0.045625 0.044444
0 0.480312 0.453333 0.014375 0.022222
0 0.04625 0.425556 0.0925 0.186667
