0 0.338438 0.956667 0.019375 0.04
0 0.332813 0.923889 0.023125 0.027778
0 0.239063 0.887222 0.020625 0.023333
0 0.359375 0.897778 0.01625 0.046667
0 0.253437 0.862778 0.013125 0.036667
0 0.900625 0.845 0.02 0.05
0 0.347813 0.814444 0.095625 0.104444
0 0.931875 0.776111 0.01375 0.043333
0 0.44625 0.742222 0.02125 0.026667
0 0.901563 0.711667 0.021875 0.047778
0 0.360938 0.699444 0.020625 0.03
0 0.385625 0.693889 0.01125 0.034444
0 0.353438 0.647222 0.019375 0.052222
0 0.379063 0.590556 0.018125 0.027778
