0 0.090774 0.997685 0.009921 0.00463
0 0.476562 0.997189 0.010169 0.005622
0 0.055184 0.997189 0.007688 0.005622
0 0.613467 0.996858 0.012153 0.006283
0 0.4938 0.995866 0.00744 0.008267
0 0.4375 0.994874 0.006448 0.006944
0 0.664435 0.99289 0.010913 0.006944
0 0.063616 0.99256 0.007688 0.006944
0 0.720114 0.992394 0.009673 0.008598
0 0.534722 0.992229 0.005456 0.010251
0 0.12128 0.989914 0.012401 0.006944
0 0.932044 0.990079 0.011409 0.007937
0 0.562252 0.989418 0.010417 0.008598
0 0.361731 0.989914 0.005704 0.010251
0 0.690228 0.988922 0.00496 0.012235
0 0.741567 0.987103 0.013889 0.009259
0 0.546875 0.986111 0.010913 0.011905
0 0.237475 0.986276 0.008185 0.01422
0 0.146081 0.983466 0.012897 0.008598
0 0.624132 0.984127 0.004712 0.011905
0 0.179812 0.980159 0.006944 0.007937
0 0.079117 0.979663 0.00744 0.00959
0 0.4969 0.978009 0.007192 0.007606
0 0.525918 0.98297 0.006696 0.018849
0 0.364707 0.978505 0.008681 0.011905
0 0.352307 0.981812 0.011161 0.018519
0 0.219122 0.975364 0.005704 0.008267
0 0.540055 0.97619 0.007192 0.012566
0 0.033358 0.973214 0.016617 0.007275
0 0.770337 0.979001 0.014881 0.020172
0 0.4375 0.976025 0.013889 0.017526
0 0.117188 0.974206 0.013145 0.013889
0 0.649058 0.970899 0.006944 0.007937
0 0.591766 0.979828 0.014881 0.026455
0 0.669395 0.968585 0.006944 0.008598
0 0.579613 0.975198 0.016865 0.02381
0 0.379092 0.972222 0.011161 0.01918
0 0.105283 0.966435 0.012649 0.008267
0 0.405258 0.965443 0.016369 0.00959
0 0.044023 0.963128 0.008185 0.006944
0 0.659598 0.962963 0.008185 0.010582
0 0.086682 0.960979 0.009673 0.006614
0 0.393601 0.96379 0.005456 0.013558
0 0.500372 0.960483 0.010169 0.011574
0 0.117808 0.957837 0.007937 0.006283
0 0.140501 0.958003 0.005208 0.007275
0 0.487475 0.959491 0.011657 0.013558
0 0.435392 0.956349 0.009177 0.009259
0 0.566096 0.961806 0.004216 0.022156
0 0.326017 0.957672 0.018601 0.01455
0 0.297619 0.957507 0.007937 0.016204
0 0.867808 0.956845 0.008433 0.016204
0 0.388889 0.955026 0.013889 0.013228
0 0.637029 0.951554 0.008185 0.012897
0 0.482019 0.947917 0.007688 0.006283
0 0.541419 0.947917 0.005456 0.006944
0 0.547867 0.956019 0.016865 0.02381
0 0.211682 0.948909 0.009177 0.012235
0 0.098834 0.947255 0.013145 0.011574
0 0.354043 0.954365 0.022073 0.029762
0 0.418527 0.959656 0.023562 0.041005
0 0.675719 0.951058 0.028026 0.024471
0 0.37376 0.94957 0.016369 0.025463
0 0.196553 0.942956 0.0062 0.012235
0 0.833953 0.940476 0.008185 0.007937
0 0.110615 0.94246 0.011905 0.013228
0 0.577133 0.938161 0.005456 0.007275
0 0.651662 0.948247 0.010665 0.030754
0 0.318452 0.936177 0.006448 0.006614
0 0.542907 0.937169 0.009425 0.011905
0 0.534102 0.937665 0.006696 0.013558
0 0.228547 0.934028 0.010169 0.006944
0 0.734003 0.935351 0.007192 0.010913
0 0.621156 0.933036 0.0062 0.006944
0 0.417907 0.932374 0.008929 0.005622
0 0.111607 0.932044 0.006944 0.005622
0 0.08755 0.934028 0.015377 0.010251
0 0.332713 0.9375 0.009673 0.01918
0 0.289187 0.931548 0.00744 0.007275
0 0.358135 0.932705 0.017857 0.011574
0 0.46999 0.937004 0.017857 0.022156
0 0.719866 0.931382 0.006696 0.014881
0 0.5563 0.932705 0.016865 0.017526
0 0.136409 0.93039 0.010417 0.012897
0 0.343006 0.93502 0.011905 0.023479
0 0.389633 0.931548 0.011905 0.017196
0 0.336558 0.925926 0.006448 0.009259
0 0.074901 0.93039 0.008433 0.018188
0 0.703745 0.925926 0.011657 0.011243
0 0.30506 0.933036 0.008433 0.025463
0 0.675223 0.925099 0.009673 0.012235
0 0.473586 0.92295 0.0062 0.009259
0 0.68502 0.922619 0.006448 0.009259
0 0.11756 0.923942 0.00744 0.011905
0 0.880208 0.921296 0.008433 0.007937
0 0.100322 0.923446 0.008185 0.012897
0 0.78373 0.921792 0.005456 0.010251
0 0.083209 0.921627 0.010665 0.009921
0 0.651538 0.920139 0.014881 0.00959
0 0.050843 0.927083 0.006448 0.024802
0 0.773562 0.920304 0.008929 0.015873
0 0.716146 0.917328 0.005208 0.010582
0 0.268229 0.915509 0.005208 0.010251
0 0.589038 0.915179 0.005952 0.010913
0 0.612971 0.913525 0.008185 0.008929
0 0.136905 0.913029 0.007937 0.011905
0 0.43564 0.912368 0.012153 0.011243
0 0.119048 0.912037 0.005456 0.011243
0 0.700397 0.914352 0.010417 0.01918
0 0.627604 0.925595 0.028026 0.041667
0 0.477059 0.911706 0.0062 0.013889
0 0.342138 0.909888 0.010169 0.010913
0 0.330729 0.911045 0.022569 0.01918
0 0.075893 0.908896 0.008929 0.016865
0 0.057912 0.907903 0.010665 0.014881
0 0.08879 0.902943 0.010913 0.007606
0 0.304688 0.924107 0.030506 0.052579
0 0.826513 0.909226 0.014137 0.025463
0 0.660342 0.90162 0.011657 0.010251
0 0.458705 0.947917 0.068204 0.104167
0 0.775546 0.900794 0.004464 0.013889
0 0.52815 0.941138 0.048859 0.099868
0 0.124132 0.894841 0.007688 0.007937
0 0.520833 0.895503 0.015377 0.009921
0 0.388641 0.895172 0.006448 0.009259
0 0.040055 0.895337 0.007192 0.010251
0 0.640129 0.893519 0.010417 0.008598
0 0.732267 0.893519 0.009673 0.009921
0 0.463666 0.898975 0.011161 0.020833
0 0.455729 0.89418 0.007192 0.011905
0 0.628596 0.890377 0.009177 0.012235
0 0.248388 0.888228 0.007688 0.008598
0 0.663938 0.890542 0.014881 0.015212
0 0.587674 0.887897 0.005208 0.009921
0 0.6906 0.891534 0.023562 0.019841
0 0.957093 0.886905 0.005952 0.013228
0 0.182044 0.883433 0.013393 0.006283
0 0.318328 0.891865 0.011161 0.024471
0 0.352183 0.89914 0.018353 0.041005
0 0.101314 0.883763 0.008185 0.010913
0 0.470114 0.882275 0.011161 0.008598
0 0.224826 0.881448 0.009177 0.006944
0 0.16183 0.880126 0.005704 0.007606
0 0.017857 0.87996 0.005952 0.007275
0 0.190352 0.877976 0.008185 0.003968
0 0.058284 0.881614 0.008929 0.011905
0 0.290675 0.87963 0.00744 0.008598
0 0.662822 0.878638 0.021081 0.008598
0 0.609499 0.890542 0.036954 0.032407
0 0.497396 0.911376 0.03497 0.074735
0 0.368428 0.899306 0.038938 0.051257
0 0.585813 0.87996 0.011409 0.013228
0 0.361235 0.877646 0.008681 0.012566
0 0.716146 0.873677 0.007688 0.005952
0 0.37624 0.883102 0.019345 0.024802
0 0.544271 0.881944 0.010665 0.024471
0 0.010541 0.875661 0.009177 0.011905
0 0.798859 0.875661 0.006448 0.013228
0 0.562748 0.881779 0.03125 0.02877
0 0.021701 0.871858 0.006696 0.00959
0 0.00248 0.875661 0.00496 0.018519
0 0.673363 0.871693 0.004464 0.011905
0 0.339782 0.872354 0.008433 0.015873
0 0.084697 0.869709 0.006696 0.012566
0 0.439608 0.86756 0.011657 0.00959
0 0.134177 0.868221 0.007937 0.010913
0 0.709821 0.86789 0.012401 0.011574
0 0.53435 0.869378 0.0062 0.01455
0 0.40563 0.866733 0.008185 0.009259
0 0.425843 0.869544 0.017361 0.016865
0 0.625 0.871197 0.012897 0.020833
0 0.239459 0.866898 0.004712 0.012235
0 0.279886 0.864418 0.007688 0.009921
0 0.543651 0.862103 0.008929 0.006614
0 0.330357 0.871197 0.012897 0.025463
0 0.111483 0.882606 0.023562 0.04828
0 0.347346 0.864749 0.011161 0.013228
0 0.768601 0.865079 0.017361 0.015873
0 0.482019 0.861442 0.0062 0.009259
0 0.66245 0.859788 0.006944 0.008598
0 0.646949 0.869874 0.016617 0.030093
0 0.072669 0.875331 0.03125 0.041005
0 0.503968 0.873181 0.053571 0.03869
0 0.270089 0.85797 0.00496 0.008929
0 0.78869 0.866402 0.018353 0.027116
0 0.215402 0.857308 0.004216 0.010251
0 0.3063 0.857308 0.009921 0.010913
0 0.381324 0.858962 0.009673 0.015542
0 0.578745 0.860284 0.012153 0.020172
0 0.291047 0.854828 0.004216 0.011243
0 0.8125 0.851521 0.008929 0.006614
0 0.080977 0.851852 0.006696 0.009259
0 0.93192 0.851025 0.008681 0.008267
0 0.700893 0.852844 0.013889 0.011905
0 0.495908 0.852017 0.010169 0.010251
0 0.318452 0.857639 0.009425 0.022156
0 0.209077 0.848214 0.00744 0.006614
0 0.546007 0.849868 0.005208 0.010582
0 0.297743 0.856151 0.006696 0.02381
0 0.629836 0.85119 0.020089 0.015212
0 0.023065 0.859458 0.025298 0.031746
0 0.107391 0.848545 0.014385 0.011905
0 0.333209 0.848214 0.022073 0.011905
0 0.275422 0.849041 0.010665 0.013558
0 0.089162 0.845073 0.007688 0.008267
0 0.771825 0.843585 0.004464 0.009259
0 0.554688 0.847222 0.011657 0.017857
0 0.50744 0.845238 0.012897 0.01455
0 0.601935 0.851687 0.030258 0.028108
0 0.40687 0.899636 0.0563 0.124008
0 0.222098 0.842097 0.004216 0.010913
0 0.038318 0.848545 0.011657 0.027116
0 0.523189 0.840443 0.005704 0.011574
0 0.856647 0.840939 0.007937 0.01455
0 0.038938 0.838624 0.006944 0.010582
0 0.692956 0.837136 0.004464 0.008267
0 0.869792 0.835152 0.006448 0.00496
0 0.199033 0.83631 0.008681 0.007275
0 0.569692 0.847057 0.020833 0.029431
0 0.106523 0.835813 0.009177 0.007606
0 0.628968 0.835648 0.011905 0.007937
0 0.294395 0.832011 0.008433 0.005952
0 0.078249 0.836971 0.008185 0.015873
0 0.065848 0.837963 0.017113 0.01918
0 0.361607 0.833995 0.010913 0.011905
0 0.089782 0.831349 0.013393 0.012566
0 0.208705 0.831515 0.011161 0.01422
0 0.78373 0.828869 0.007937 0.010251
0 0.743304 0.849041 0.021825 0.050595
0 0.821553 0.828042 0.0062 0.010582
0 0.729911 0.827546 0.006944 0.010251
0 0.548363 0.827877 0.007937 0.010913
0 0.283606 0.830026 0.006696 0.015873
0 0.617436 0.825728 0.008681 0.008598
0 0.588914 0.825231 0.007192 0.008929
0 0.042659 0.824405 0.005952 0.008598
0 0.126488 0.829696 0.020337 0.021164
0 0.679439 0.832672 0.024554 0.031085
0 0.360491 0.822586 0.015129 0.011574
0 0.540427 0.821594 0.005456 0.010251
0 0.013517 0.828373 0.011161 0.02381
0 0.719494 0.824901 0.009425 0.017526
0 0.371528 0.823082 0.005456 0.013889
0 0.21131 0.81994 0.011905 0.008929
0 0.738467 0.81961 0.007192 0.00959
0 0.497768 0.834987 0.054067 0.041667
0 0.186136 0.816799 0.0062 0.007275
0 0.444196 0.818618 0.012401 0.013558
0 0.31436 0.820106 0.016121 0.016534
0 0.003348 0.81961 0.004216 0.015542
0 0.389757 0.815476 0.006696 0.007937
0 0.639757 0.818618 0.008185 0.014881
0 0.055928 0.827712 0.016121 0.034392
0 0.467386 0.817791 0.006696 0.015212
0 0.336062 0.827216 0.03125 0.035384
0 0.601811 0.828538 0.023065 0.039352
0 0.437624 0.847884 0.081101 0.080026
0 0.728423 0.81002 0.004464 0.008267
0 0.573413 0.81498 0.027778 0.018188
0 0.097718 0.813161 0.007937 0.015873
0 0.273686 0.816303 0.008681 0.02414
0 0.25248 0.809358 0.006944 0.010913
0 0.484995 0.813823 0.024554 0.021164
0 0.012277 0.807209 0.011657 0.011243
0 0.610243 0.805225 0.009673 0.008598
0 0.749752 0.808366 0.006448 0.016204
0 0.194692 0.804563 0.004464 0.011243
0 0.329861 0.806217 0.011409 0.015873
0 0.68502 0.805721 0.00744 0.017526
0 0.34995 0.80506 0.011409 0.016865
0 0.557044 0.805886 0.012897 0.019841
0 0.661458 0.816799 0.023313 0.042328
0 0.536706 0.802249 0.005952 0.013228
0 0.184152 0.799769 0.007192 0.008929
0 0.089534 0.805225 0.012897 0.022487
0 0.297867 0.801918 0.00744 0.016534
0 0.597346 0.797123 0.011657 0.010251
0 0.529514 0.797288 0.007937 0.011243
0 0.648562 0.797784 0.010417 0.014881
0 0.016369 0.793981 0.010913 0.011243
0 0.002728 0.79332 0.005456 0.009921
0 0.853051 0.791832 0.009177 0.010251
0 0.138021 0.792493 0.008681 0.011574
0 0.361731 0.788029 0.009177 0.005952
0 0.289311 0.792659 0.017609 0.016534
0 0.716766 0.787037 0.005456 0.009921
0 0.442956 0.796792 0.05506 0.029431
0 0.052703 0.789021 0.007192 0.01455
0 0.032986 0.795139 0.014385 0.027447
0 0.583457 0.78836 0.013641 0.01455
0 0.069196 0.787368 0.005456 0.013228
0 0.595114 0.785714 0.011657 0.011243
0 0.313492 0.795304 0.030258 0.030423
0 0.560764 0.78869 0.026786 0.018519
0 0.489583 0.783399 0.006944 0.009259
0 0.346974 0.788525 0.015377 0.019511
0 0.285094 0.782903 0.008185 0.008929
0 0.736607 0.78125 0.006944 0.00959
0 0.136533 0.781581 0.013145 0.011574
0 0.604663 0.781085 0.009921 0.011243
0 0.637277 0.787202 0.012649 0.025463
0 0.520585 0.777778 0.009425 0.007937
0 0.334449 0.784888 0.011657 0.022156
0 0.104787 0.780423 0.009177 0.015212
0 0.277282 0.776951 0.009921 0.008929
0 0.50248 0.789021 0.016865 0.03373
0 0.644221 0.777778 0.007192 0.013228
0 0.166667 0.775794 0.009921 0.010582
0 0.442956 0.777116 0.009921 0.01455
0 0.728051 0.771991 0.012153 0.00496
0 0.772197 0.77629 0.014137 0.01422
0 0.825273 0.773479 0.008185 0.011905
0 0.538318 0.771825 0.005704 0.009921
0 0.410466 0.770833 0.005952 0.008598
0 0.303571 0.770999 0.00496 0.00959
0 0.529142 0.767857 0.011161 0.005291
0 0.46999 0.774471 0.018353 0.021825
0 0.389757 0.801422 0.067708 0.079696
0 0.176959 0.766865 0.0062 0.010582
0 0.556052 0.768519 0.012897 0.015212
0 0.204241 0.769345 0.012153 0.017526
0 0.034102 0.766865 0.015129 0.012566
0 0.132192 0.765212 0.013393 0.013228
0 0.508185 0.761739 0.008929 0.012897
0 0.777902 0.764385 0.013145 0.018849
0 0.623388 0.768188 0.015129 0.026455
0 0.045635 0.758267 0.008433 0.008598
0 0.612971 0.757275 0.008185 0.008598
0 0.388517 0.75744 0.011657 0.011574
0 0.430804 0.755291 0.00744 0.008598
0 0.6875 0.790179 0.072421 0.079696
0 0.654886 0.755952 0.008185 0.011243
0 0.412574 0.756779 0.019593 0.012897
0 0.467634 0.756448 0.016121 0.012897
0 0.191468 0.75711 0.00744 0.016204
0 0.087178 0.759921 0.015625 0.022487
0 0.441592 0.756614 0.010665 0.016534
0 0.728423 0.753142 0.008433 0.011574
0 0.250868 0.752315 0.0062 0.009921
0 0.573413 0.763889 0.039187 0.03373
0 0.208457 0.750992 0.005208 0.009921
0 0.478175 0.751157 0.00744 0.010913
0 0.395833 0.751819 0.011905 0.012897
0 0.418775 0.74537 0.005704 0.007937
0 0.901042 0.744048 0.006448 0.006614
0 0.672619 0.744709 0.008929 0.007937
0 0.461806 0.744378 0.008929 0.009921
0 0.503348 0.744709 0.007688 0.011243
0 0.353299 0.756614 0.043899 0.036376
0 0.542535 0.750661 0.03249 0.025794
0 0.443948 0.741733 0.020833 0.013889
0 0.064856 0.76207 0.037946 0.054563
0 0.519593 0.74256 0.011409 0.016865
0 0.425967 0.739749 0.015129 0.011243
0 0.077753 0.739914 0.010665 0.012235
0 0.749876 0.741071 0.013641 0.017196
0 0.09499 0.736607 0.00744 0.008267
0 0.704737 0.736938 0.005208 0.00959
0 0.039931 0.747189 0.039187 0.030093
0 0.390501 0.739583 0.011161 0.016204
0 0.193328 0.739087 0.008185 0.015873
0 0.302703 0.737269 0.011161 0.013558
0 0.358755 0.735284 0.007688 0.010913
0 0.237475 0.734623 0.017609 0.012235
0 0.114211 0.739087 0.007688 0.021164
0 0.342014 0.734954 0.016369 0.015542
0 0.402158 0.731316 0.006696 0.008929
0 0.561508 0.728505 0.010913 0.006614
0 0.195437 0.729497 0.00744 0.008598
0 0.595982 0.739914 0.02629 0.030754
0 0.294271 0.727679 0.009673 0.008929
0 0.026538 0.727017 0.00496 0.008929
0 0.074777 0.726521 0.013145 0.008598
0 0.714782 0.729167 0.015873 0.015873
0 0.168527 0.726521 0.014137 0.011243
0 0.535962 0.736772 0.022321 0.034392
0 0.412326 0.733631 0.016617 0.028108
0 0.05568 0.722884 0.009177 0.006614
0 0.611607 0.729828 0.013393 0.022487
0 0.008061 0.729497 0.016121 0.021825
0 0.09747 0.724041 0.008929 0.011574
0 0.454489 0.724041 0.0062 0.012235
0 0.387277 0.723876 0.006696 0.011905
0 0.376364 0.730489 0.016121 0.025132
0 0.74628 0.723545 0.004464 0.013889
0 0.345114 0.721892 0.006696 0.011905
0 0.681052 0.722884 0.017857 0.01918
0 0.31746 0.719081 0.008433 0.011574
0 0.759425 0.721065 0.00744 0.016204
0 0.167411 0.71875 0.008433 0.011574
0 0.58817 0.717427 0.008185 0.00959
0 0.3063 0.718419 0.008433 0.012235
0 0.709449 0.715112 0.0062 0.008929
0 0.361483 0.718254 0.010169 0.017196
0 0.323537 0.745701 0.036954 0.073413
0 0.531622 0.721892 0.017113 0.026455
0 0.861855 0.715774 0.006944 0.014881
0 0.573537 0.720734 0.018601 0.026124
0 0.289559 0.715443 0.009177 0.015542
0 0.246652 0.711475 0.005208 0.008929
0 0.648189 0.710317 0.004712 0.010582
0 0.503348 0.710979 0.007192 0.012566
0 0.59995 0.70916 0.006944 0.012235
0 0.483755 0.725694 0.023065 0.045304
0 0.303075 0.707011 0.013393 0.009259
0 0.701637 0.707176 0.012897 0.010913
0 0.174603 0.702712 0.006944 0.006614
0 0.013021 0.704034 0.012153 0.012566
0 0.662326 0.698909 0.007192 0.006944
0 0.091642 0.700893 0.007688 0.011574
0 0.634797 0.699405 0.016121 0.012566
0 0.061756 0.701554 0.014385 0.017526
0 0.036086 0.695767 0.007192 0.006614
0 0.293403 0.696098 0.008929 0.012566
0 0.360615 0.694444 0.009425 0.009921
0 0.744544 0.698743 0.014385 0.020503
0 0.649802 0.694444 0.011409 0.013889
0 0.520089 0.705522 0.020337 0.036045
0 0.345982 0.697917 0.012401 0.022156
0 0.571801 0.699074 0.036954 0.027116
0 0.631324 0.717427 0.05878 0.065146
0 0.071801 0.688327 0.010169 0.014881
0 0.725818 0.689319 0.008681 0.017526
0 0.059152 0.686839 0.007688 0.013228
0 0.048487 0.697421 0.015129 0.035714
0 0.681424 0.682209 0.005704 0.007275
0 0.53125 0.681382 0.010913 0.005622
0 0.41307 0.6875 0.011657 0.020503
0 0.391245 0.681052 0.009177 0.008267
0 0.335069 0.684689 0.014881 0.015542
0 0.592758 0.685847 0.021329 0.018519
0 0.549107 0.687831 0.021825 0.025132
0 0.519965 0.680225 0.004216 0.011905
0 0.792411 0.679398 0.005456 0.010913
0 0.503224 0.689484 0.021329 0.031746
0 0.265005 0.679398 0.017113 0.012897
0 0.606523 0.678902 0.010665 0.013228
0 0.034846 0.679067 0.010665 0.01422
0 0.619544 0.679729 0.010913 0.017526
0 0.286954 0.674934 0.008433 0.007937
0 0.40377 0.682209 0.010913 0.027116
0 0.065476 0.671296 0.013393 0.015873
0 0.238591 0.668816 0.005456 0.012235
0 0.637153 0.665509 0.008929 0.007606
0 0.363839 0.664683 0.014881 0.005952
0 0.080109 0.677249 0.009921 0.032407
0 0.510665 0.667659 0.011409 0.015212
0 0.440352 0.694279 0.06374 0.068452
0 0.045015 0.663856 0.009177 0.007606
0 0.055432 0.664683 0.007688 0.009921
0 0.374132 0.671296 0.018601 0.029101
0 0.009425 0.669808 0.015873 0.028108
0 0.266865 0.658896 0.010417 0.012235
0 0.482887 0.672454 0.045139 0.040013
0 0.030382 0.664517 0.009673 0.02414
0 0.53249 0.663856 0.018849 0.02414
0 0.120412 0.656746 0.005704 0.009921
0 0.099454 0.658234 0.005456 0.012897
0 0.610367 0.659722 0.007937 0.016534
0 0.545015 0.656746 0.013145 0.010582
0 0.066592 0.655258 0.008681 0.008929
0 0.225446 0.659888 0.024802 0.020172
0 0.298115 0.665179 0.011905 0.031415
0 0.289311 0.655093 0.013145 0.012566
0 0.419147 0.649967 0.012897 0.010913
0 0.274554 0.648313 0.00744 0.00959
0 0.393973 0.647321 0.013145 0.008267
0 0.678819 0.646164 0.006944 0.006614
0 0.046007 0.646329 0.008681 0.00959
0 0.236235 0.645337 0.005208 0.010913
0 0.604167 0.644841 0.015377 0.012566
0 0.49752 0.6417 0.008433 0.008929
0 0.380332 0.644345 0.007192 0.015542
0 0.34933 0.645668 0.013641 0.018188
0 0.363963 0.644841 0.023065 0.017196
0 0.446801 0.653604 0.032986 0.035384
0 0.36942 0.634921 0.009673 0.005952
0 0.014633 0.637897 0.006944 0.011905
0 0.281498 0.636243 0.011409 0.009921
0 0.200149 0.638724 0.008433 0.014881
0 0.131076 0.635251 0.0062 0.007937
0 0.638269 0.639054 0.03745 0.023479
0 0.387153 0.635086 0.013889 0.015542
0 0.0594 0.633763 0.012153 0.015542
0 0.49876 0.630126 0.00744 0.008929
0 0.190848 0.633929 0.009177 0.017196
0 0.410714 0.634755 0.014881 0.019511
0 0.90501 0.628968 0.010417 0.008598
0 0.488467 0.639385 0.013145 0.030093
0 0.47495 0.63244 0.011409 0.018188
0 0.430928 0.631448 0.023562 0.020172
0 0.336186 0.635251 0.03249 0.031085
0 0.242312 0.622189 0.009425 0.008267
0 0.27567 0.624008 0.012153 0.013228
0 0.399306 0.623181 0.006944 0.013558
0 0.325769 0.621032 0.012649 0.011243
0 0.005208 0.625496 0.010417 0.022817
0 0.49256 0.618882 0.008433 0.010913
0 0.364707 0.617229 0.008681 0.008929
0 0.684028 0.615575 0.00496 0.008929
0 0.380828 0.616567 0.007192 0.010913
0 0.409102 0.616898 0.014137 0.012235
0 0.619792 0.624173 0.047619 0.028108
0 0.286954 0.615575 0.007937 0.012897
0 0.317088 0.663029 0.055308 0.108466
0 0.665303 0.617229 0.023065 0.018188
0 0.634673 0.612269 0.005952 0.008267
0 0.033482 0.613757 0.011409 0.013889
0 0.389881 0.613922 0.00744 0.015542
0 0.136781 0.609458 0.005208 0.006614
0 0.814484 0.608796 0.008433 0.005952
0 0.12128 0.6083 0.008433 0.008267
0 0.625992 0.606978 0.00744 0.00959
0 0.333829 0.604663 0.012401 0.015542
0 0.405382 0.601521 0.009177 0.016534
0 0.011037 0.595403 0.012153 0.004299
0 0.258929 0.60334 0.008433 0.020833
0 0.277282 0.597884 0.008929 0.010582
0 0.295387 0.600033 0.014385 0.020172
0 0.250124 0.594742 0.005704 0.010251
0 0.491567 0.593254 0.005952 0.009259
0 0.025422 0.593419 0.005704 0.011574
0 0.608507 0.592097 0.009177 0.010251
0 0.263641 0.592923 0.006448 0.011905
0 0.627976 0.590112 0.016865 0.00959
0 0.825025 0.588294 0.011657 0.009259
0 0.526166 0.591435 0.013145 0.015542
0 0.318452 0.597718 0.030754 0.034722
0 0.293031 0.585483 0.016617 0.010251
0 0.034846 0.586475 0.008185 0.012235
0 0.278522 0.584821 0.008433 0.010251
0 0.201017 0.583499 0.007688 0.011574
0 0.045635 0.581019 0.009425 0.010582
0 0.436632 0.577877 0.010169 0.008267
0 0.518849 0.579696 0.00496 0.012566
0 0.211682 0.578373 0.008185 0.011243
0 0.384177 0.588624 0.037698 0.032407
0 0.34685 0.576058 0.007688 0.009921
0 0.06126 0.573413 0.008433 0.007937
0 0.261037 0.573743 0.014633 0.011243
0 0.444444 0.571429 0.006448 0.007937
0 0.362475 0.57705 0.017609 0.01918
0 0.421255 0.572586 0.007688 0.010913
0 0.511657 0.56961 0.013393 0.011574
0 0.366319 0.565807 0.005952 0.006614
0 0.27443 0.566468 0.013641 0.009921
0 0.052083 0.564649 0.005952 0.006944
0 0.452381 0.563823 0.006448 0.006614
0 0.326761 0.56713 0.021081 0.015212
0 0.749132 0.562004 0.012649 0.016865
0 0.384549 0.551422 0.008681 0.005622
0 0.372148 0.551918 0.0062 0.009921
0 0.445685 0.549769 0.009425 0.010913
0 0.203373 0.551587 0.018849 0.01455
0 0.02815 0.546792 0.006696 0.007606
0 0.460317 0.551257 0.015873 0.020503
0 0.222222 0.557705 0.009921 0.035384
0 0.739087 0.545139 0.009921 0.010913
0 0.386657 0.542989 0.010417 0.006614
0 0.540799 0.543485 0.011161 0.008267
0 0.003224 0.546958 0.006448 0.017857
0 0.453373 0.539683 0.010417 0.007937
0 0.414931 0.550761 0.034226 0.031415
0 0.310516 0.540013 0.010417 0.011243
0 0.553943 0.536706 0.008681 0.006614
0 0.272569 0.53588 0.004464 0.012235
0 0.359499 0.540179 0.017609 0.024802
0 0.391989 0.529597 0.013641 0.006283
0 0.406498 0.530093 0.010913 0.009921
0 0.005084 0.529266 0.010169 0.016204
0 0.015625 0.523148 0.008929 0.009921
0 0.358011 0.518188 0.010665 0.013228
0 0.432788 0.518849 0.017857 0.015212
0 0.419643 0.512731 0.006448 0.007606
0 0.286954 0.518519 0.005456 0.021164
0 0.405506 0.507937 0.013393 0.013889
0 0.639261 0.503472 0.020585 0.008929
0 0.383805 0.506614 0.024058 0.027778
0 0.492684 0.490906 0.007688 0.006283
0 0.980159 0.489583 0.007937 0.008267
0 0.038938 0.493882 0.00744 0.020172
0 0.306424 0.488591 0.014137 0.012235
0 0.307416 0.474206 0.009177 0.009259
0 0.468626 0.473049 0.010665 0.011574
0 0.947173 0.473049 0.006944 0.01422
0 0.004216 0.474206 0.008433 0.016534
0 0.957837 0.471561 0.007937 0.011905
0 0.066344 0.455192 0.007192 0.00959
0 0.935268 0.459325 0.017857 0.029762
0 0.75186 0.451554 0.017609 0.020172
0 0.55568 0.446098 0.014137 0.01455
0 0.147941 0.422784 0.010169 0.00959
0 0.765749 0.426753 0.010665 0.018188
0 0.790551 0.43039 0.042411 0.067791
0 0.768229 0.378968 0.008681 0.006614
0 0.912326 0.375 0.0062 0.015212
0 0.795883 0.371197 0.011409 0.008267
0 0.916791 0.360615 0.007688 0.00959
0 0.933532 0.353175 0.00496 0.015873
0 0.972718 0.34127 0.008433 0.012566
0 0.930804 0.327877 0.006944 0.011574
0 0.798363 0.325231 0.010417 0.010251
0 0.537326 0.325066 0.009177 0.025132
0 0.802827 0.317626 0.014881 0.012235
0 0.486111 0.309524 0.011905 0.005291
0 0.802827 0.308862 0.013393 0.011243
0 0.518105 0.310516 0.009921 0.025794
0 0.804439 0.29084 0.008185 0.008267
0 0.681176 0.296627 0.004712 0.022487
0 0.473586 0.28588 0.011161 0.010913
0 0.77753 0.285714 0.010417 0.013889
0 0.02877 0.281746 0.008433 0.005952
0 0.656994 0.282077 0.035714 0.02381
0 0.93502 0.293816 0.015377 0.056548
0 0.955977 0.298776 0.016121 0.067791
0 0.858383 0.279101 0.00744 0.029101
0 0.916419 0.297784 0.013889 0.068452
0 0.780878 0.272983 0.017609 0.019511
0 0.670883 0.2667 0.007937 0.006944
0 0.62872 0.259094 0.009921 0.012897
0 0.993552 0.279762 0.012897 0.059524
0 0.977059 0.275959 0.015129 0.051918
0 0.956597 0.258598 0.014881 0.017196
0 0.935764 0.255952 0.014385 0.011905
0 0.921751 0.257275 0.003224 0.01455
0 0.913814 0.254134 0.008185 0.008267
0 0.81002 0.26422 0.016865 0.028439
0 0.78187 0.261078 0.020089 0.022156
0 0.734871 0.255291 0.013393 0.010582
0 0.721974 0.25463 0.005952 0.009259
0 0.495288 0.278439 0.032738 0.056878
0 0.418031 0.252646 0.008185 0.005291
0 0.052207 0.265377 0.058284 0.030754
