0 0.502232 0.985615 0.020337 0.02414
0 0.544023 0.977017 0.011161 0.010913
0 0.565848 0.940807 0.011161 0.008598
0 0.59933 0.924934 0.024058 0.012566
0 0.582217 0.919478 0.009177 0.00959
0 0.497768 0.905093 0.010417 0.005952
0 0.437376 0.894345 0.013641 0.010251
0 0.401042 0.887566 0.006944 0.011243
0 0.543899 0.883929 0.00744 0.007275
0 0.522817 0.855159 0.021825 0.017196
0 0.463666 0.839782 0.009177 0.004299
0 0.457341 0.831349 0.008929 0.007937
0 0.996156 0.78373 0.007688 0.011243
0 0.84127 0.667989 0.014881 0.010582
0 0.878968 0.653604 0.005456 0.00959
0 0.793403 0.641534 0.00744 0.007937
0 0.81808 0.632606 0.019593 0.016534
0 0.865823 0.626819 0.013889 0.010251
0 0.736111 0.619709 0.007937 0.011243
0 0.889137 0.625661 0.023313 0.059524
0 0.794519 0.572917 0.010665 0.00496
0 0.811136 0.565807 0.013145 0.010582
0 0.796007 0.564153 0.013641 0.007275
0 0.827505 0.56002 0.011657 0.012897
0 0.838914 0.56498 0.017609 0.026124
0 0.78063 0.543816 0.016617 0.00959
0 0.859623 0.565807 0.052579 0.095238
0 0.006324 0.499835 0.012649 0.026124
0 0.884921 0.494709 0.00496 0.022487
0 0.010789 0.482143 0.008681 0.007275
0 0.039559 0.469577 0.012153 0.006614
0 0.891865 0.450562 0.006448 0.026124
0 0.896577 0.415179 0.00744 0.005622
0 0.11756 0.395833 0.019841 0.009259
0 0.236855 0.352017 0.019345 0.023479
0 0.669023 0.342262 0.012649 0.005291
0 0.027902 0.345238 0.005208 0.015873
0 0.080109 0.330026 0.012401 0.009921
0 0.066964 0.327712 0.009425 0.006614
0 0.091766 0.325728 0.021825 0.016534
0 0.124008 0.320106 0.00744 0.007937
0 0.008433 0.340112 0.016865 0.04795
0 0.100694 0.270833 0.015873 0.01918
0 0.221354 0.268684 0.021081 0.037368
0 0.212426 0.256118 0.007192 0.012235
0 0.125744 0.290013 0.159226 0.080026
0 0.125248 0.257771 0.027282 0.015542
0 0.080729 0.251819 0.012649 0.003638
0 0.059772 0.267526 0.018849 0.035053
0 0.004216 0.260913 0.008433 0.021825
