0 0.444072 0.99752 0.014633 0.00496
0 0.50558 0.989087 0.008185 0.006614
0 0.454613 0.985119 0.012401 0.009921
0 0.386781 0.95453 0.009673 0.012897
0 0.384177 0.969907 0.096726 0.060185
0 0.859623 0.953042 0.023313 0.031746
0 0.393477 0.940476 0.0062 0.007937
0 0.43936 0.945933 0.018601 0.019511
0 0.668527 0.940476 0.012153 0.028439
0 0.53063 0.930556 0.010665 0.011905
0 0.407614 0.919312 0.015129 0.007937
0 0.457093 0.92328 0.029266 0.022487
0 0.423611 0.9208 0.029762 0.024802
0 0.453373 0.902943 0.008929 0.006944
0 0.482019 0.897156 0.009177 0.013889
0 0.403522 0.891534 0.009425 0.005291
0 0.594618 0.884921 0.014137 0.01455
0 0.484127 0.875827 0.007937 0.010913
0 0.504712 0.871858 0.007937 0.012897
0 0.69184 0.883598 0.028026 0.042989
0 0.536706 0.873181 0.03125 0.027447
0 0.515253 0.858962 0.009177 0.006944
0 0.6281 0.856978 0.007688 0.005622
0 0.553571 0.8292 0.016369 0.016865
0 0.567336 0.82672 0.007688 0.012566
0 0.526414 0.753307 0.006696 0.009921
0 0.752852 0.689649 0.010665 0.006944
0 0.577381 0.695602 0.019841 0.026124
0 0.677331 0.68039 0.02381 0.032077
0 0.883061 0.645999 0.009177 0.011574
0 0.620784 0.628803 0.008433 0.008267
0 0.978423 0.628968 0.006944 0.010582
0 0.577753 0.626653 0.007688 0.005952
0 0.678943 0.612599 0.008185 0.004299
0 0.992808 0.626984 0.014385 0.047619
0 0.968626 0.600364 0.020585 0.015542
0 0.615327 0.57705 0.007937 0.00463
0 0.90067 0.561508 0.011657 0.009259
0 0.646825 0.543981 0.019841 0.011243
0 0.969742 0.567295 0.060516 0.066468
0 0.591642 0.53373 0.013145 0.009259
0 0.864955 0.537368 0.014633 0.019841
0 0.5656 0.526455 0.008185 0.007275
0 0.86942 0.524636 0.0062 0.011574
0 0.615079 0.511574 0.012897 0.009259
0 0.867808 0.510086 0.009921 0.016204
0 0.773686 0.507937 0.034474 0.031085
0 0.87004 0.495205 0.008929 0.018849
0 0.926587 0.465608 0.005456 0.015873
0 0.486607 0.429729 0.005456 0.011574
0 0.789062 0.421131 0.022073 0.012235
0 0.918527 0.407738 0.008681 0.012566
0 0.594122 0.40162 0.005208 0.010913
0 0.539931 0.397817 0.012897 0.005291
0 0.91121 0.387566 0.011905 0.01455
0 0.406994 0.389881 0.012897 0.034392
0 0.91307 0.366237 0.005208 0.008267
0 0.898562 0.372851 0.020337 0.022817
0 0.964906 0.352679 0.010169 0.010251
0 0.93254 0.374504 0.029762 0.055225
0 0.404142 0.363261 0.012153 0.04332
0 0.929936 0.35334 0.020089 0.026124
0 0.9969 0.332176 0.0062 0.008267
0 0.956225 0.335152 0.008185 0.017526
0 0.932788 0.328373 0.014385 0.017196
0 0.966518 0.323909 0.011409 0.012235
0 0.938864 0.311177 0.008681 0.015873
0 0.422743 0.306713 0.004712 0.012897
0 0.940476 0.29795 0.009425 0.007937
0 0.392857 0.329365 0.025298 0.072751
0 0.454117 0.296958 0.008433 0.021825
0 0.421007 0.281581 0.011161 0.019511
0 0.041419 0.263889 0.005952 0.006614
0 0.026538 0.263724 0.005952 0.006283
0 0.396205 0.285053 0.027034 0.05754
0 0.774802 0.259755 0.006448 0.007606
0 0.958705 0.253307 0.010665 0.006614
0 0.854167 0.273975 0.010417 0.04795
0 0.294643 0.253803 0.009921 0.007606
