0 0.681796 0.996528 0.012401 0.006944
0 0.24938 0.992229 0.006696 0.015542
0 0.737351 0.987765 0.00496 0.011243
0 0.642609 0.990575 0.010913 0.018849
0 0.698041 0.977017 0.008681 0.006283
0 0.639509 0.978671 0.005704 0.010913
0 0.81498 0.976852 0.004464 0.012566
0 0.724206 0.974868 0.013889 0.011905
0 0.769221 0.974372 0.005704 0.012235
0 0.549231 0.973876 0.011657 0.01455
0 0.667411 0.971065 0.011905 0.012235
0 0.805928 0.981151 0.022569 0.03373
0 0.627356 0.966766 0.010169 0.00496
0 0.520337 0.972388 0.017361 0.019511
0 0.640873 0.96875 0.010417 0.013558
0 0.617436 0.96412 0.007688 0.00959
0 0.473338 0.962467 0.0062 0.013558
0 0.761037 0.960648 0.007192 0.011243
0 0.518353 0.958333 0.009425 0.006614
0 0.732763 0.96131 0.008681 0.01455
0 0.669643 0.957176 0.009921 0.01422
0 0.656126 0.952877 0.012153 0.008267
0 0.569196 0.952381 0.005952 0.009259
0 0.483135 0.952381 0.005952 0.009259
0 0.497024 0.959325 0.020337 0.024471
0 0.801091 0.951554 0.008929 0.012235
0 0.545139 0.948743 0.009425 0.006614
0 0.59623 0.950893 0.00496 0.012235
0 0.741319 0.947421 0.010417 0.007275
0 0.637277 0.949239 0.007192 0.010913
0 0.71255 0.956019 0.018353 0.034392
0 0.768105 0.942791 0.003968 0.009259
0 0.779018 0.94213 0.011905 0.009259
0 0.695437 0.941964 0.006448 0.010251
0 0.509549 0.942956 0.005208 0.013558
0 0.793031 0.938823 0.007688 0.007937
0 0.552827 0.936177 0.00744 0.006614
0 0.647569 0.944279 0.014385 0.02414
0 0.690228 0.950231 0.036706 0.040675
0 0.620784 0.945271 0.029762 0.032077
0 0.666295 0.931713 0.005704 0.007606
0 0.564608 0.931382 0.0062 0.006944
0 0.491691 0.9375 0.02505 0.020503
0 0.81002 0.930886 0.00496 0.009921
0 0.708829 0.931878 0.005952 0.01455
0 0.549107 0.923115 0.008433 0.012235
0 0.479415 0.925761 0.025298 0.022156
0 0.724206 0.928406 0.02877 0.029431
0 0.310888 0.916171 0.013641 0.00496
0 0.485243 0.919478 0.010169 0.013558
0 0.598462 0.922784 0.015377 0.02414
0 0.563864 0.917824 0.011657 0.014881
0 0.661706 0.915344 0.00744 0.011243
0 0.654142 0.914848 0.005208 0.011574
0 0.62066 0.914021 0.017609 0.009921
0 0.633433 0.911045 0.005952 0.007937
0 0.762277 0.911872 0.007688 0.010913
0 0.735367 0.916005 0.019345 0.01918
0 0.431176 0.95172 0.066716 0.096561
0 0.72247 0.907738 0.005952 0.013228
0 0.351438 0.906911 0.035714 0.011574
0 0.568452 0.903274 0.007937 0.00959
0 0.783854 0.905754 0.017113 0.015212
0 0.465898 0.902447 0.010665 0.008598
0 0.725942 0.90129 0.008929 0.00959
0 0.579241 0.897156 0.012153 0.005291
0 0.812128 0.898148 0.007688 0.009259
0 0.613343 0.898313 0.004464 0.00959
0 0.773065 0.891369 0.017857 0.010251
0 0.542039 0.88955 0.012649 0.009259
0 0.565724 0.88955 0.005952 0.009921
0 0.473338 0.890708 0.007192 0.01422
0 0.462178 0.888393 0.010169 0.010913
0 0.745288 0.891038 0.019345 0.019511
0 0.783606 0.874835 0.009673 0.007606
0 0.802951 0.87037 0.007192 0.007937
0 0.395089 0.868386 0.00744 0.007275
0 0.40191 0.86078 0.010665 0.003968
0 0.721726 0.869213 0.016865 0.022156
0 0.781002 0.862269 0.006944 0.010251
0 0.768601 0.86293 0.00744 0.011574
0 0.738095 0.869874 0.015377 0.029431
0 0.758805 0.865741 0.023562 0.031746
0 0.80816 0.823909 0.021577 0.018849
0 0.409846 0.809028 0.006696 0.01422
0 0.774554 0.812665 0.016865 0.025463
0 0.792287 0.802579 0.008681 0.012566
0 0.415923 0.800265 0.005456 0.010582
0 0.471602 0.816964 0.018601 0.045966
0 0.455233 0.799934 0.00372 0.012566
0 0.438368 0.821594 0.040427 0.056548
0 0.777902 0.791667 0.012153 0.011905
0 0.822545 0.786376 0.007688 0.007937
0 0.50186 0.780919 0.012649 0.016865
0 0.393229 0.780589 0.015129 0.016204
0 0.787822 0.771164 0.005704 0.013228
0 0.764633 0.770172 0.017857 0.027116
0 0.778398 0.760251 0.008681 0.012566
0 0.804563 0.734788 0.015873 0.011243
0 0.051091 0.75463 0.035218 0.054233
0 0.855159 0.728175 0.024802 0.01918
0 0.777902 0.721065 0.018105 0.012897
0 0.467634 0.716601 0.006696 0.011243
0 0.790923 0.714782 0.006944 0.013558
0 0.775174 0.703869 0.009673 0.010913
0 0.838666 0.697421 0.004216 0.008598
0 0.456597 0.69246 0.006448 0.011243
0 0.463914 0.695767 0.009177 0.021825
0 0.825521 0.701389 0.036954 0.037698
0 0.029142 0.681713 0.020585 0.018188
0 0.841394 0.669643 0.007688 0.00463
0 0.80816 0.670635 0.007688 0.007937
0 0.881696 0.649802 0.009425 0.006614
0 0.851687 0.644676 0.007937 0.006944
0 0.899802 0.637731 0.017857 0.012897
0 0.021949 0.615906 0.008681 0.007606
0 0.463914 0.621197 0.016121 0.020833
0 0.484127 0.606647 0.016369 0.030754
0 0.915179 0.58664 0.009921 0.015873
0 0.466022 0.58912 0.03373 0.045966
0 0.489955 0.563327 0.010169 0.010913
0 0.511037 0.563492 0.024554 0.02381
0 0.547495 0.562665 0.028522 0.032738
0 0.510789 0.54547 0.010665 0.007606
0 0.533978 0.536045 0.015377 0.01455
0 0.316096 0.520007 0.012153 0.003638
0 0.500992 0.532573 0.017857 0.030093
0 0.179936 0.523975 0.007688 0.012897
0 0.021577 0.52381 0.03869 0.01455
0 0.201513 0.505126 0.014137 0.008929
0 0.014881 0.50711 0.029762 0.013558
0 0.514757 0.508929 0.004216 0.018519
0 0.956349 0.530093 0.034226 0.061508
0 0.22309 0.515708 0.009177 0.032738
0 0.828249 0.508102 0.004216 0.020833
0 0.977183 0.485946 0.013889 0.008267
0 0.939856 0.484127 0.012649 0.011243
0 0.018849 0.479167 0.037698 0.011905
0 0.809276 0.486938 0.010417 0.032077
0 0.843378 0.496197 0.017609 0.053902
0 0.202505 0.482639 0.046379 0.030093
0 0.924107 0.471396 0.014385 0.012897
0 0.789807 0.467593 0.011161 0.009259
0 0.706473 0.469081 0.004216 0.014881
0 0.047867 0.463624 0.015873 0.009259
0 0.80506 0.465774 0.012897 0.020172
0 0.866319 0.453869 0.014385 0.004299
0 0.019965 0.462136 0.039931 0.020833
0 0.707217 0.452216 0.004712 0.012235
0 0.940352 0.456845 0.084573 0.023479
0 0.010789 0.450397 0.021577 0.015873
0 0.681796 0.446759 0.004464 0.016534
0 0.020957 0.441468 0.018601 0.009921
0 0.630332 0.435185 0.004712 0.010582
0 0.082341 0.428902 0.006448 0.009921
0 0.68254 0.428075 0.004464 0.014881
0 0.695188 0.448578 0.018353 0.058532
0 0.673115 0.443452 0.010913 0.050926
0 0.709201 0.422288 0.005208 0.011243
0 0.617188 0.421627 0.012153 0.017196
0 0.108011 0.416171 0.023065 0.00959
0 0.790675 0.431713 0.028274 0.041336
0 0.606151 0.412698 0.005952 0.006614
0 0.901166 0.416501 0.021577 0.018188
0 0.811136 0.429233 0.011161 0.044312
0 0.88244 0.458664 0.052579 0.113095
0 0.925719 0.40377 0.007688 0.009921
0 0.747024 0.402778 0.003968 0.012566
0 0.227307 0.389881 0.003224 0.012566
0 0.452009 0.385913 0.004216 0.007937
0 0.490947 0.377976 0.019097 0.007275
0 0.650422 0.389054 0.023562 0.034061
0 0.426463 0.37963 0.015625 0.015212
0 0.642857 0.375661 0.010417 0.008598
0 0.6281 0.376984 0.009673 0.016534
0 0.616195 0.374339 0.009177 0.015212
0 0.603795 0.38707 0.016617 0.043981
0 0.355779 0.359458 0.004712 0.021164
0 0.225446 0.350694 0.003472 0.010913
0 0.19432 0.383763 0.038442 0.079696
0 0.357391 0.337136 0.005952 0.017526
0 0.337178 0.332507 0.021577 0.021495
0 0.115327 0.318287 0.019345 0.008929
0 0.988715 0.27629 0.022569 0.030093
0 0.957837 0.265212 0.011409 0.012566
0 0.97247 0.260913 0.011409 0.010582
0 0.314484 0.275959 0.075397 0.051918
0 0.09871 0.254464 0.012897 0.008929
0 0.076141 0.275298 0.093254 0.050595
0 0.014385 0.259094 0.006944 0.018188
