0 0.088113 0.994338 0.020343 0.011324
0 0.428186 0.992596 0.015196 0.014808
0 0.579044 0.972125 0.008088 0.006969
0 0.413848 0.950566 0.004657 0.012631
0 0.522549 0.946211 0.006373 0.016115
0 0.497794 0.942073 0.021078 0.00784
0 0.514706 0.935322 0.008824 0.019599
0 0.483824 0.906794 0.040686 0.019164
0 0.515074 0.878267 0.01299 0.013502
0 0.49424 0.880444 0.026225 0.018728
0 0.541299 0.864765 0.013971 0.013502
0 0.453554 0.837979 0.026225 0.018293
0 0.441544 0.818162 0.021814 0.015244
0 0.593627 0.823389 0.07549 0.027439
0 0.518137 0.813807 0.013235 0.008275
0 0.495833 0.809887 0.069118 0.033537
0 0.626716 0.756751 0.061275 0.033537
0 0.728676 0.742596 0.011275 0.006969
0 0.835172 0.748476 0.066912 0.030923
0 0.941544 0.714068 0.017402 0.007404
0 0.733578 0.712979 0.012745 0.006098
0 0.77598 0.71581 0.017647 0.014373
0 0.292157 0.710801 0.008824 0.009582
0 0.799265 0.707753 0.018137 0.013066
0 0.976961 0.703179 0.046078 0.023955
0 0.271936 0.70122 0.036029 0.020906
0 0.158456 0.698824 0.006127 0.019599
0 0.264461 0.689024 0.013725 0.00784
0 0.773284 0.68358 0.023039 0.012631
0 0.710294 0.680314 0.014706 0.013066
0 0.305147 0.676176 0.013725 0.005662
0 0.148775 0.679225 0.014706 0.02047
0 0.976225 0.674216 0.017157 0.012195
0 0.50527 0.640462 0.027206 0.017857
0 0.956985 0.637413 0.024265 0.013502
0 0.462745 0.637413 0.02451 0.018728
0 0.688725 0.630009 0.009314 0.005662
0 0.378676 0.637195 0.044118 0.021777
0 0.564583 0.625436 0.01348 0.005226
0 0.127206 0.640026 0.040686 0.040505
0 0.744975 0.633493 0.091422 0.040505
0 0.089338 0.620427 0.010049 0.014373
0 0.131618 0.611063 0.008333 0.013937
0 0.509191 0.607143 0.03652 0.015679
0 0.80098 0.61912 0.116176 0.045732
0 0.485294 0.596472 0.013235 0.004791
0 0.720221 0.596472 0.014461 0.007404
0 0.88076 0.605836 0.050245 0.028746
0 0.517157 0.592552 0.010784 0.004791
0 0.959559 0.595383 0.080882 0.03223
0 0.683333 0.580575 0.014216 0.005226
0 0.820221 0.568598 0.014461 0.009146
0 0.566789 0.56642 0.025735 0.013502
0 0.780515 0.56446 0.01348 0.010453
0 0.732598 0.551611 0.012745 0.004791
0 0.782598 0.551829 0.012255 0.00784
0 0.671814 0.554007 0.064216 0.025261
0 0.391176 0.545949 0.016667 0.009146
0 0.71299 0.541812 0.013725 0.005226
0 0.540931 0.54007 0.015686 0.006098
0 0.466299 0.537892 0.015441 0.013066
0 0.691054 0.535279 0.016422 0.012195
0 0.825858 0.529834 0.03848 0.015244
0 0.206863 0.528528 0.007843 0.02047
0 0.71299 0.516333 0.016667 0.007404
0 0.284804 0.515026 0.015686 0.005662
0 0.259314 0.5098 0.005882 0.009146
0 0.801961 0.510017 0.037255 0.018293
0 0.139338 0.503049 0.010539 0.009582
0 0.756005 0.507186 0.045833 0.037892
0 0.764338 0.480836 0.016912 0.010453
0 0.942402 0.477134 0.021569 0.008275
0 0.531373 0.479965 0.036275 0.02439
0 0.444363 0.462108 0.010294 0.011324
0 0.460172 0.457317 0.015441 0.010453
0 0.996691 0.452744 0.006618 0.010889
0 0.611765 0.450784 0.036275 0.020035
0 0.904657 0.452744 0.052941 0.026568
0 0.352451 0.474956 0.173529 0.077962
0 0.947426 0.440113 0.06201 0.030052
0 0.321324 0.438807 0.064706 0.03615
0 0.484804 0.410279 0.006373 0.010453
0 0.395833 0.410932 0.027941 0.01176
0 0.571814 0.402875 0.018137 0.00784
0 0.410539 0.384364 0.016667 0.010017
0 0.517647 0.380444 0.013725 0.006533
0 0.276103 0.386542 0.041912 0.024826
0 0.946201 0.375436 0.021814 0.009582
0 0.580637 0.381751 0.10049 0.038763
0 0.604657 0.357361 0.012745 0.004791
0 0.429534 0.366507 0.040931 0.023955
0 0.584069 0.34865 0.016176 0.010017
0 0.360172 0.338632 0.007108 0.010889
0 0.34375 0.338632 0.006127 0.015244
0 0.535784 0.330139 0.022059 0.00784
0 0.339216 0.323389 0.007353 0.015244
0 0.129289 0.32034 0.003676 0.014373
0 0.365441 0.320993 0.026961 0.027003
0 0.354779 0.315767 0.008578 0.018293
0 0.957843 0.305967 0.02598 0.010889
0 0.013971 0.327962 0.027941 0.069686
0 0.876471 0.292683 0.019118 0.006969
0 0.797426 0.3125 0.074755 0.058798
0 0.948284 0.287456 0.026471 0.010453
0 0.905392 0.292465 0.02451 0.021341
0 0.348897 0.27635 0.014461 0.013502
0 0.002819 0.27243 0.005637 0.024826
0 0.71299 0.262631 0.022549 0.008711
0 0.910294 0.260017 0.012255 0.020035
0 0.499755 0.269817 0.02598 0.039634
0 0.440441 0.278528 0.073529 0.057056
0 0.376961 0.280488 0.027451 0.060976
