0 0.693948 0.995701 0.015377 0.008598
0 0.637897 0.9833 0.009921 0.006944
0 0.690104 0.981812 0.009673 0.015212
0 0.741567 0.964782 0.005952 0.008267
0 0.65873 0.85582 0.012401 0.010582
0 0.71875 0.844246 0.013393 0.007937
0 0.695809 0.832011 0.010169 0.005952
0 0.735615 0.8292 0.009921 0.006944
0 0.71627 0.828042 0.020833 0.01455
0 0.648189 0.780423 0.007192 0.009259
0 0.643229 0.709656 0.008681 0.007937
0 0.653522 0.708333 0.005456 0.011243
0 0.198537 0.706349 0.012649 0.010582
0 0.065476 0.704861 0.008433 0.010913
0 0.155506 0.690311 0.014881 0.004299
0 0.564732 0.672784 0.010417 0.008929
0 0.152902 0.677414 0.015129 0.020172
0 0.658606 0.6708 0.016121 0.010251
0 0.369916 0.667163 0.0062 0.010251
0 0.247644 0.666336 0.014633 0.009921
0 0.594122 0.66584 0.02753 0.012235
0 0.06808 0.672288 0.03249 0.026455
0 0.369172 0.650628 0.004712 0.006944
0 0.057292 0.63955 0.012401 0.00463
0 0.976811 0.656415 0.046379 0.042328
0 0.840402 0.643849 0.040427 0.01918
0 0.605407 0.63707 0.013889 0.008929
0 0.577629 0.639881 0.018353 0.015212
0 0.240947 0.642857 0.023562 0.030423
0 0.266245 0.64914 0.02753 0.046958
0 0.091518 0.655919 0.021825 0.065146
0 0.577133 0.625661 0.00496 0.007275
0 0.037822 0.662533 0.075645 0.086971
0 0.809276 0.616898 0.012897 0.006283
0 0.339286 0.619709 0.007937 0.012566
0 0.271701 0.61789 0.020585 0.00959
0 0.237103 0.619048 0.015873 0.011905
0 0.49876 0.618552 0.007937 0.01422
0 0.253348 0.617063 0.008681 0.012566
0 0.179812 0.638558 0.078869 0.056217
0 0.955977 0.623843 0.045883 0.032738
0 0.781994 0.615245 0.006944 0.020833
0 0.274926 0.606151 0.017609 0.007275
0 0.376488 0.605159 0.006944 0.007937
0 0.250248 0.604332 0.012401 0.008267
0 0.075025 0.608135 0.004216 0.021164
0 0.881944 0.624835 0.062996 0.061839
0 0.93316 0.596726 0.017609 0.013558
0 0.97061 0.607308 0.05878 0.039352
0 0.15129 0.591435 0.022817 0.007606
0 0.8063 0.58664 0.027778 0.015873
0 0.783358 0.582837 0.009177 0.008929
0 0.916171 0.60334 0.054067 0.052579
0 0.886285 0.577216 0.008681 0.006944
0 0.309772 0.572421 0.006448 0.013889
0 0.805804 0.566138 0.016369 0.00463
0 0.203993 0.584325 0.017609 0.044974
0 0.579365 0.562831 0.007937 0.007275
0 0.856647 0.550926 0.00744 0.010582
0 0.532738 0.542493 0.009921 0.007606
0 0.56436 0.541832 0.009177 0.006944
0 0.795139 0.541832 0.013393 0.007606
0 0.212798 0.546462 0.007937 0.018188
0 0.59189 0.545966 0.022569 0.01918
0 0.610491 0.542163 0.009177 0.016204
0 0.773438 0.541171 0.005704 0.018849
0 0.272073 0.559854 0.021329 0.07209
0 0.606523 0.509921 0.009177 0.006614
0 0.544147 0.515377 0.009425 0.019511
0 0.098834 0.550926 0.051339 0.091931
0 0.140129 0.504299 0.012401 0.005952
0 0.335193 0.56713 0.054812 0.140212
0 0.209697 0.49504 0.011657 0.003968
0 0.24318 0.542989 0.03745 0.107804
0 0.175347 0.495701 0.044643 0.016534
0 0.841642 0.492063 0.010665 0.017196
0 0.336062 0.480985 0.00496 0.020172
0 0.37438 0.492725 0.015625 0.05291
0 0.636781 0.472388 0.035962 0.012897
0 0.612971 0.480985 0.03249 0.034722
0 0.585565 0.464616 0.006448 0.032407
0 0.861483 0.457176 0.049851 0.018849
0 0.794271 0.484292 0.09251 0.075728
0 0.273065 0.450397 0.006944 0.008598
0 0.899182 0.453373 0.021577 0.021164
0 0.814236 0.435351 0.016369 0.020172
0 0.365079 0.444114 0.029762 0.041667
0 0.251984 0.427083 0.002976 0.018188
0 0.937748 0.429233 0.020833 0.051587
0 0.883061 0.408896 0.011657 0.012897
0 0.59809 0.399967 0.004712 0.013558
0 0.487103 0.399636 0.002976 0.016204
0 0.095114 0.393684 0.013145 0.004299
0 0.820312 0.393188 0.010665 0.005291
0 0.149554 0.390873 0.012401 0.003307
0 0.585565 0.404597 0.02629 0.043981
0 0.325397 0.423611 0.018353 0.088624
0 0.850818 0.389054 0.0062 0.025463
0 0.483755 0.381779 0.013641 0.020172
0 0.458953 0.397652 0.012153 0.063823
0 0.813988 0.360284 0.003968 0.013558
0 0.583085 0.356481 0.005952 0.009259
0 0.891989 0.351521 0.009673 0.009921
0 0.603423 0.351521 0.003968 0.011905
0 0.997272 0.351025 0.005456 0.012235
0 0.59623 0.347388 0.005952 0.006944
0 0.514633 0.353505 0.017857 0.026455
0 0.499256 0.340608 0.00744 0.009921
0 0.817832 0.340278 0.005208 0.009921
0 0.596478 0.33416 0.004464 0.012235
0 0.614459 0.330522 0.009673 0.007606
0 0.540675 0.348545 0.015873 0.044974
0 0.626364 0.335152 0.015129 0.029431
0 0.547495 0.323413 0.015625 0.015873
0 0.754216 0.317791 0.00496 0.009921
0 0.868552 0.314484 0.011409 0.009921
0 0.573289 0.297288 0.010665 0.01918
0 0.882937 0.291336 0.006448 0.016534
0 0.670139 0.292659 0.03125 0.03836
0 0.927951 0.286541 0.040923 0.035384
0 0.492312 0.318452 0.082837 0.100529
0 0.458209 0.291667 0.008681 0.056878
0 0.636409 0.266038 0.005456 0.007606
0 0.91369 0.255787 0.011905 0.011574
0 0.651414 0.261574 0.020585 0.023148
0 0.618924 0.287368 0.062252 0.074735
0 0.547371 0.290344 0.054563 0.080688
0 0.43812 0.280423 0.026538 0.060847
0 0.328249 0.30754 0.028522 0.115079
