0 0.65873 0.966104 0.014881 0.014881
0 0.642237 0.955688 0.0062 0.013228
0 0.634425 0.946429 0.011409 0.009259
0 0.647569 0.909722 0.012401 0.02381
0 0.656498 0.739914 0.00744 0.010913
0 0.827009 0.713459 0.03497 0.029431
0 0.996528 0.700893 0.006944 0.010251
0 0.986359 0.692791 0.010913 0.005952
0 0.958457 0.686673 0.019097 0.012897
0 0.790675 0.683201 0.024306 0.01918
0 0.619172 0.661706 0.011161 0.005952
0 0.65625 0.652612 0.047619 0.021495
0 0.213294 0.645172 0.012897 0.011905
0 0.480655 0.640212 0.005456 0.010582
0 0.770709 0.613591 0.024554 0.011574
0 0.615327 0.626488 0.026786 0.053241
0 0.759301 0.603505 0.015625 0.010582
0 0.737103 0.604332 0.028274 0.012897
0 0.50062 0.625331 0.016617 0.059524
0 0.429067 0.593419 0.018353 0.029431
0 0.715774 0.582507 0.050099 0.023479
0 0.374256 0.582837 0.027282 0.03869
0 0.354415 0.56713 0.009425 0.012566
0 0.366195 0.556217 0.008681 0.00463
0 0.378224 0.557374 0.005456 0.016204
0 0.813864 0.546958 0.016121 0.006614
0 0.357143 0.550099 0.015873 0.018849
0 0.802331 0.539352 0.003968 0.013228
0 0.657614 0.558036 0.069692 0.053902
0 0.736235 0.535714 0.0062 0.015212
0 0.763393 0.551918 0.039683 0.071429
0 0.589658 0.522321 0.018105 0.018188
0 0.636285 0.519511 0.009673 0.01455
0 0.789931 0.512566 0.006944 0.011243
0 0.828869 0.513228 0.013393 0.021164
0 0.643105 0.513228 0.012401 0.021164
0 0.608259 0.515542 0.016121 0.032407
0 0.625 0.50496 0.00744 0.015212
0 0.761781 0.505622 0.019097 0.019841
0 0.796131 0.499173 0.00496 0.00959
0 0.642857 0.483962 0.007937 0.010251
0 0.724578 0.48793 0.022569 0.021495
0 0.959697 0.477844 0.023065 0.011905
0 0.78001 0.473049 0.019345 0.008929
0 0.731275 0.468419 0.005704 0.010251
0 0.632068 0.47338 0.017609 0.020833
0 0.71689 0.462302 0.020585 0.008598
0 0.739831 0.457507 0.00744 0.010913
0 0.803695 0.456019 0.013145 0.009921
0 0.645213 0.455026 0.018601 0.013228
0 0.899058 0.444775 0.008433 0.01455
0 0.723958 0.432044 0.005952 0.008929
0 0.771453 0.44709 0.051339 0.053571
0 0.741319 0.433697 0.023313 0.032077
0 0.754712 0.4208 0.006448 0.00959
0 0.194196 0.417824 0.009425 0.005622
0 0.458209 0.42791 0.011657 0.034392
0 0.172371 0.418651 0.014881 0.016534
0 0.969866 0.403108 0.0062 0.007275
0 0.767237 0.39914 0.012153 0.009921
0 0.982391 0.395007 0.011409 0.008267
0 0.460317 0.394511 0.00496 0.010582
0 0.950769 0.395007 0.018105 0.020172
0 0.815104 0.395337 0.029018 0.02414
0 0.145709 0.391204 0.038442 0.032407
0 0.795635 0.377315 0.013393 0.021825
0 0.449901 0.373677 0.00744 0.018519
0 0.873264 0.389054 0.063988 0.054563
0 0.828373 0.355324 0.015377 0.012235
0 0.933904 0.359788 0.013641 0.025794
0 0.544023 0.349206 0.015625 0.015212
0 0.442088 0.345569 0.010665 0.011243
0 0.840154 0.343585 0.007688 0.007937
0 0.718626 0.341766 0.004712 0.00959
0 0.420263 0.354001 0.036458 0.045304
0 0.518601 0.385582 0.048115 0.109127
0 0.454613 0.344577 0.013889 0.034392
0 0.963914 0.33631 0.030506 0.021164
0 0.553075 0.335813 0.019841 0.034722
0 0.50248 0.326058 0.007937 0.016534
0 0.360491 0.319279 0.005704 0.008929
0 0.973958 0.316634 0.010417 0.007606
0 0.984995 0.314649 0.011161 0.007606
0 0.677331 0.313823 0.007937 0.015212
0 0.882688 0.322255 0.016865 0.034061
0 0.867808 0.307044 0.008929 0.004299
0 0.728547 0.307705 0.011161 0.011574
0 0.988467 0.304729 0.007688 0.008267
0 0.997396 0.303075 0.005208 0.014881
0 0.438864 0.302745 0.023065 0.018849
0 0.512773 0.301753 0.006696 0.018188
0 0.502728 0.29795 0.00744 0.011905
0 0.667163 0.28869 0.012401 0.019841
0 0.680184 0.292328 0.010665 0.030423
0 0.868056 0.287202 0.016369 0.022817
0 0.327505 0.280589 0.011657 0.00959
0 0.767237 0.27662 0.008185 0.008267
0 0.652778 0.273975 0.008929 0.006283
0 0.641245 0.27877 0.012153 0.017857
0 0.816964 0.269676 0.014385 0.012897
0 0.459697 0.304398 0.02505 0.083664
0 0.286086 0.286045 0.063244 0.04828
0 0.161706 0.268684 0.027282 0.020833
0 0.261409 0.268519 0.032738 0.029762
0 0.785094 0.258763 0.006696 0.017526
0 0.682912 0.260417 0.010169 0.020833
0 0.655506 0.258929 0.008929 0.017857
0 0.514881 0.268849 0.029762 0.037698
0 0.473338 0.27381 0.021577 0.047619
0 0.457217 0.256448 0.009177 0.012897
0 0.436136 0.25711 0.007688 0.01422
0 0.395089 0.289848 0.084821 0.079696
0 0.316964 0.261409 0.064484 0.022817
0 0.200397 0.26455 0.049603 0.029101
0 0.136161 0.259425 0.039187 0.018849
