0 0.482077 0.951087 0.010723 0.009783
0 0.23606 0.870109 0.008885 0.016304
0 0.705729 0.826359 0.010723 0.011413
0 0.828125 0.817391 0.011642 0.009783
0 0.268842 0.814674 0.01011 0.011957
0 0.018382 0.802174 0.036765 0.034783
0 0.606464 0.771739 0.009498 0.013043
0 0.265778 0.763315 0.007659 0.014674
0 0.580423 0.759239 0.030331 0.040217
0 0.070772 0.693478 0.012868 0.009783
0 0.599418 0.694565 0.013787 0.032609
0 0.043658 0.642663 0.020527 0.016848
0 0.061581 0.628533 0.012255 0.008152
0 0.966299 0.610598 0.015931 0.009239
0 0.18076 0.598098 0.007353 0.014674
0 0.017463 0.609511 0.005515 0.042935
0 0.042892 0.554076 0.019608 0.007065
0 0.195772 0.55462 0.007966 0.030978
0 0.269455 0.537228 0.011336 0.021196
0 0.227788 0.545652 0.037684 0.045652
0 0.292433 0.515761 0.013787 0.032609
0 0.162377 0.509783 0.006127 0.022826
0 0.407935 0.509511 0.032169 0.030978
0 0.290594 0.480435 0.005821 0.032609
0 0.122243 0.545924 0.080882 0.171196
0 0.273591 0.463587 0.010417 0.007609
0 0.982996 0.458696 0.018076 0.006522
0 0.835018 0.454891 0.011336 0.008696
0 0.849724 0.449185 0.011336 0.022283
0 0.064645 0.441576 0.008578 0.010326
0 0.291207 0.441033 0.018076 0.039674
0 0.318781 0.468478 0.018076 0.106522
0 0.208487 0.403261 0.008885 0.015217
0 0.291973 0.408696 0.016544 0.030435
0 0.243413 0.402174 0.009498 0.028261
0 0.202206 0.410326 0.044118 0.058696
0 0.264246 0.40788 0.022365 0.058152
0 0.198683 0.376902 0.023591 0.017935
0 0.144608 0.399185 0.043505 0.083152
0 0.095588 0.397011 0.044118 0.096196
0 0.035233 0.391848 0.070466 0.11413
0 0.601256 0.418207 0.068934 0.186413
0 0.320006 0.324728 0.012561 0.009239
0 0.268076 0.32337 0.026961 0.017391
0 0.236366 0.311141 0.007659 0.0125
0 0.643995 0.304891 0.01348 0.018478
0 0.666667 0.304891 0.011029 0.027174
0 0.186887 0.307609 0.014093 0.033696
0 0.278339 0.27337 0.0144 0.044565
0 0.620251 0.293207 0.041973 0.086413
0 0.594669 0.258424 0.010417 0.016848
0 0.315257 0.271467 0.017157 0.042935
0 0.241422 0.25788 0.01348 0.015761
