0 0.506448 0.993882 0.003968 0.012235
0 0.515749 0.970899 0.013145 0.017196
0 0.531746 0.933201 0.00744 0.008598
0 0.535218 0.91336 0.008433 0.010582
0 0.513517 0.931548 0.026042 0.058201
0 0.698661 0.909888 0.019345 0.016865
0 0.679315 0.904431 0.009921 0.011905
0 0.678695 0.884425 0.009177 0.008929
0 0.660714 0.878142 0.003968 0.010913
0 0.00496 0.868386 0.009921 0.018519
0 0.665551 0.868882 0.014137 0.02414
0 0.676339 0.860615 0.008433 0.012897
0 0.109871 0.855324 0.008433 0.018188
0 0.759301 0.843585 0.007192 0.005952
0 0.031746 0.854828 0.02877 0.029762
0 0.666543 0.842097 0.008681 0.008929
0 0.653646 0.840939 0.010665 0.007937
0 0.102059 0.862269 0.058284 0.079034
0 0.673115 0.824074 0.00744 0.01455
0 0.645461 0.81961 0.010169 0.012235
0 0.487475 0.801587 0.006696 0.006614
0 0.02939 0.811012 0.05878 0.055886
0 0.785714 0.786045 0.006944 0.009259
0 0.630952 0.780754 0.00744 0.007275
0 0.77567 0.779266 0.010665 0.011574
0 0.083829 0.801257 0.026786 0.066799
0 0.114459 0.770999 0.009673 0.00959
0 0.012401 0.749339 0.024802 0.009921
0 0.028522 0.732804 0.010417 0.007275
0 0.994172 0.726687 0.011657 0.006283
0 0.726438 0.725529 0.008929 0.009921
0 0.092138 0.714782 0.028026 0.022156
0 0.203125 0.698743 0.006448 0.007275
0 0.170387 0.698413 0.009425 0.031085
0 0.070933 0.675265 0.015377 0.00463
0 0.143725 0.681548 0.022569 0.035714
0 0.862227 0.66336 0.024058 0.009921
0 0.843254 0.641204 0.011905 0.007937
0 0.810392 0.635086 0.007192 0.005622
0 0.144593 0.600529 0.011409 0.009921
0 0.994668 0.600033 0.010665 0.022817
0 0.997644 0.578373 0.004712 0.008598
0 0.896453 0.572421 0.015625 0.010582
0 0.186136 0.570106 0.005704 0.011905
0 0.199529 0.558862 0.016121 0.015873
0 0.815352 0.546131 0.008185 0.010251
0 0.076637 0.544808 0.015377 0.012897
0 0.981151 0.542824 0.006448 0.010251
0 0.983011 0.549438 0.018601 0.024802
0 0.191344 0.537368 0.007192 0.012566
0 0.834821 0.54547 0.017857 0.032077
0 0.026538 0.53621 0.042659 0.018188
0 0.957465 0.528935 0.016121 0.005622
0 0.06932 0.524802 0.008681 0.006614
0 0.811632 0.524967 0.031002 0.013558
0 0.211806 0.524967 0.023313 0.016865
0 0.139385 0.543651 0.072421 0.070767
0 0.838294 0.51703 0.011409 0.018188
0 0.237599 0.529597 0.035714 0.049272
0 0.237971 0.510747 0.014633 0.012897
0 0.121528 0.51918 0.087798 0.042989
0 0.18564 0.512566 0.017113 0.034392
0 0.266741 0.491898 0.0062 0.011574
0 0.185144 0.488922 0.010665 0.007606
0 0.332465 0.490245 0.019097 0.012235
0 0.097222 0.488426 0.006448 0.012566
0 0.355531 0.486276 0.016121 0.008929
0 0.228671 0.49289 0.058532 0.030754
0 0.16121 0.48082 0.015873 0.007275
0 0.432912 0.469246 0.024554 0.007275
0 0.046255 0.471561 0.012649 0.01455
0 0.91059 0.468419 0.019097 0.019511
0 0.080481 0.479332 0.026042 0.041336
0 0.089906 0.46627 0.020585 0.017857
0 0.522569 0.460317 0.015377 0.013889
0 0.763517 0.457341 0.010169 0.012566
0 0.107267 0.445602 0.009673 0.008267
0 0.517113 0.444114 0.008433 0.009921
0 0.416047 0.440311 0.005704 0.006283
0 0.479415 0.4375 0.012401 0.011243
0 0.535094 0.442626 0.010169 0.026124
0 0.435144 0.446098 0.032986 0.033069
0 0.349454 0.453869 0.024306 0.051918
0 0.703621 0.424769 0.026786 0.016865
0 0.128348 0.41369 0.015625 0.010582
0 0.71999 0.408069 0.011409 0.008598
0 0.445312 0.411541 0.008185 0.016204
0 0.566592 0.416997 0.005704 0.027778
0 0.584573 0.413029 0.021329 0.029762
0 0.737599 0.416005 0.041667 0.036376
0 0.765005 0.414683 0.009177 0.042328
0 0.550223 0.393353 0.013641 0.018188
0 0.582217 0.385086 0.005208 0.008929
0 0.943948 0.386409 0.005952 0.013558
0 0.981523 0.362599 0.0062 0.018188
0 0.363839 0.356812 0.015377 0.008598
0 0.90315 0.352348 0.005704 0.014881
0 0.276662 0.34623 0.006696 0.009259
0 0.327133 0.359954 0.051091 0.042659
0 0.357267 0.340608 0.008185 0.009921
0 0.397693 0.376157 0.060764 0.083664
0 0.063864 0.334491 0.026538 0.02414
0 0.286582 0.34127 0.046875 0.046958
0 0.051959 0.306217 0.012649 0.015873
0 0.229167 0.315972 0.076885 0.080357
0 0.083705 0.279101 0.008681 0.012566
0 0.069816 0.275298 0.0062 0.006944
0 0.138889 0.291171 0.095238 0.060516
0 0.093378 0.256283 0.007688 0.006614
0 0.97371 0.312665 0.052579 0.125331
0 0.91307 0.293981 0.025546 0.087963
0 0.170139 0.254795 0.015377 0.00959
0 0.15253 0.26918 0.053571 0.03836
