0 0.674632 0.997169 0.014951 0.005662
0 0.429044 0.995862 0.01348 0.008275
0 0.522672 0.992596 0.010049 0.009582
0 0.353309 0.990418 0.006127 0.010453
0 0.292525 0.99216 0.010049 0.015679
0 0.467402 0.989983 0.017647 0.013937
0 0.207598 0.991507 0.02549 0.016986
0 0.425245 0.988676 0.011275 0.013066
0 0.958946 0.987369 0.01299 0.014808
0 0.660784 0.985409 0.009804 0.010889
0 0.440074 0.989983 0.006127 0.020035
0 0.67451 0.986498 0.010784 0.013937
0 0.452083 0.988458 0.008578 0.018728
0 0.38652 0.983014 0.005392 0.014808
0 0.613848 0.987587 0.014461 0.024826
0 0.436029 0.978659 0.006863 0.010453
0 0.316299 0.986498 0.032598 0.027003
0 0.303676 0.980401 0.008824 0.018293
0 0.375613 0.983885 0.024265 0.03223
0 0.675858 0.972997 0.010539 0.011324
0 0.505147 0.977134 0.006863 0.019599
0 0.694363 0.983449 0.019608 0.033101
0 0.550123 0.982578 0.014461 0.034843
0 0.514706 0.968641 0.008333 0.019164
0 0.364093 0.969294 0.01348 0.025697
0 0.533701 0.967552 0.011029 0.023084
0 0.493505 0.967117 0.01348 0.022213
0 0.346691 0.966681 0.011029 0.022213
0 0.378431 0.958624 0.006373 0.009582
0 0.25723 0.97561 0.027206 0.04878
0 0.30723 0.954486 0.006127 0.014373
0 0.465074 0.964068 0.022304 0.034408
0 0.228676 0.95601 0.007353 0.018293
0 0.338971 0.953833 0.007843 0.014808
0 0.433088 0.958188 0.028922 0.02439
0 0.548284 0.952744 0.006863 0.014373
0 0.318015 0.957535 0.008088 0.026568
0 0.562255 0.949695 0.014216 0.018728
0 0.275123 0.94534 0.008578 0.013502
0 0.511152 0.941855 0.009559 0.008275
0 0.408333 0.968641 0.034804 0.062718
0 0.25049 0.94338 0.006373 0.019164
0 0.443627 0.93946 0.008333 0.013937
0 0.481495 0.940984 0.020833 0.021341
0 0.46299 0.930967 0.006373 0.014373
0 0.501593 0.937282 0.01299 0.028746
0 0.491667 0.931402 0.010784 0.021341
0 0.553799 0.928789 0.01299 0.018728
0 0.432108 0.925305 0.023039 0.01176
0 0.521324 0.926394 0.011765 0.020906
0 0.368627 0.918772 0.006863 0.010017
0 0.476961 0.91703 0.010294 0.013502
0 0.299142 0.915941 0.008578 0.015679
0 0.210907 0.85257 0.0125 0.009146
0 0.265196 0.854312 0.005882 0.016986
0 0.252574 0.840157 0.027696 0.014808
0 0.679289 0.821864 0.010049 0.013937
0 0.105882 0.818598 0.019118 0.01176
0 0.663603 0.817291 0.016912 0.016986
0 0.887868 0.791812 0.009069 0.013937
0 0.871078 0.775697 0.007353 0.010453
0 0.879779 0.769382 0.005147 0.01176
0 0.991422 0.684887 0.017157 0.023955
0 0.872426 0.680967 0.008578 0.027439
0 0.985662 0.614111 0.006618 0.026132
0 0.923775 0.614111 0.007353 0.03223
0 0.004534 0.583841 0.009069 0.008275
0 0.031127 0.572517 0.007353 0.015244
0 0.87598 0.561847 0.017157 0.022648
0 0.945466 0.558798 0.017402 0.037456
0 0.546446 0.508929 0.014461 0.008275
0 0.23848 0.458841 0.005882 0.012631
0 0.014461 0.457753 0.028922 0.020035
0 0.260049 0.451873 0.022059 0.013502
0 0.345711 0.446864 0.010539 0.009582
0 0.006985 0.390679 0.013971 0.006969
0 0.231985 0.382186 0.016912 0.007404
0 0.638358 0.37696 0.01348 0.004791
0 0.310172 0.378267 0.014951 0.009146
0 0.68652 0.373911 0.013235 0.006533
0 0.316667 0.347561 0.041176 0.016551
0 0.269118 0.339503 0.003922 0.018728
0 0.226593 0.33297 0.015931 0.006533
0 0.201103 0.332099 0.008578 0.008275
0 0.16777 0.328397 0.010539 0.009582
0 0.743505 0.333841 0.042402 0.026568
0 0.182353 0.327526 0.008333 0.018293
0 0.56924 0.330139 0.053676 0.045296
0 0.023039 0.302483 0.010784 0.019599
0 0.095343 0.292683 0.005882 0.013066
0 0.004902 0.264373 0.009804 0.020906
0 0.11201 0.292901 0.065196 0.083188
0 0.411152 0.260017 0.009559 0.020035
0 0.19277 0.285714 0.090441 0.071429
0 0.08701 0.27243 0.05098 0.044861
0 0.023284 0.254138 0.006863 0.008275
