0 0.608879 0.996032 0.005952 0.007937
0 0.257937 0.996032 0.009921 0.007937
0 0.508309 0.995701 0.019097 0.008598
0 0.628348 0.99537 0.006696 0.009259
0 0.56436 0.994874 0.0062 0.010251
0 0.642857 0.990741 0.004464 0.009921
0 0.335813 0.991402 0.00744 0.013228
0 0.592882 0.989583 0.011657 0.013558
0 0.342262 0.986442 0.010417 0.007937
0 0.263517 0.98578 0.008681 0.008598
0 0.237599 0.987103 0.014881 0.011243
0 0.613591 0.99041 0.014881 0.01918
0 0.420883 0.99041 0.009921 0.01918
0 0.377108 0.986607 0.0062 0.012897
0 0.601438 0.984623 0.005456 0.010251
0 0.666915 0.983631 0.013889 0.010251
0 0.489087 0.98793 0.013889 0.018849
0 0.65253 0.983796 0.010417 0.011905
0 0.703249 0.982474 0.010169 0.009921
0 0.62438 0.983135 0.004216 0.011243
0 0.455605 0.984623 0.011409 0.01422
0 0.616567 0.98082 0.006448 0.007275
0 0.285962 0.983796 0.003968 0.013228
0 0.711186 0.988095 0.009177 0.02381
0 0.511285 0.981812 0.007688 0.011243
0 0.328125 0.981812 0.00744 0.013228
0 0.630704 0.978505 0.009921 0.007275
0 0.473586 0.981978 0.019097 0.016865
0 0.405754 0.975364 0.010417 0.008929
0 0.37376 0.974537 0.005456 0.007937
0 0.678571 0.97338 0.006944 0.006944
0 0.256324 0.974041 0.011657 0.011574
0 0.43998 0.974041 0.009921 0.014881
0 0.337054 0.970238 0.009921 0.007937
0 0.276538 0.976687 0.010417 0.020833
0 0.776786 0.969411 0.010913 0.008267
0 0.639013 0.969907 0.010665 0.011243
0 0.305432 0.976356 0.007688 0.026786
0 0.709325 0.967427 0.007937 0.010913
0 0.620288 0.966931 0.008433 0.010582
0 0.406374 0.964286 0.0062 0.007937
0 0.814236 0.963624 0.008433 0.013889
0 0.469494 0.965774 0.005952 0.019511
0 0.421627 0.961475 0.006448 0.010913
0 0.700397 0.961971 0.012897 0.013228
0 0.25744 0.960483 0.005456 0.011574
0 0.239955 0.961144 0.005704 0.012897
0 0.478547 0.959821 0.010169 0.013558
0 0.730655 0.969742 0.011409 0.035384
0 0.668899 0.957672 0.006448 0.011243
0 0.362723 0.962302 0.013641 0.022487
0 0.323537 0.957672 0.017113 0.013228
0 0.653274 0.959656 0.00744 0.021164
0 0.28559 0.956515 0.019593 0.018188
0 0.609623 0.950893 0.011905 0.012897
0 0.320312 0.950562 0.014633 0.01422
0 0.385417 0.954696 0.013393 0.023148
0 0.410218 0.951389 0.017857 0.020503
0 0.628844 0.952546 0.020089 0.02414
0 0.759301 0.945767 0.010169 0.011243
0 0.747396 0.948082 0.015625 0.017196
0 0.716022 0.948413 0.019345 0.01918
0 0.393105 0.945437 0.015377 0.013889
0 0.77505 0.943948 0.004464 0.011574
0 0.449653 0.941964 0.007937 0.012897
0 0.43688 0.93998 0.010169 0.008929
0 0.682168 0.939484 0.005208 0.009259
0 0.327753 0.939484 0.005704 0.009259
0 0.789931 0.938988 0.011409 0.010251
0 0.465154 0.947255 0.029018 0.035384
0 0.710565 0.934854 0.005456 0.011243
0 0.662326 0.939153 0.016617 0.019841
0 0.62128 0.931548 0.009921 0.011905
0 0.217262 0.937996 0.014385 0.025463
0 0.646825 0.931548 0.009425 0.015873
0 0.686632 0.928406 0.009673 0.010251
0 0.637277 0.940972 0.024058 0.037368
0 0.256324 0.93287 0.021577 0.02381
0 0.290427 0.932705 0.013393 0.034722
0 0.741443 0.921131 0.011657 0.013558
0 0.68192 0.917493 0.015625 0.01422
0 0.654018 0.91336 0.014881 0.013228
0 0.740823 0.909061 0.004464 0.009259
0 0.271701 0.912533 0.011657 0.016204
0 0.316344 0.919147 0.020089 0.030093
0 0.297247 0.907407 0.009177 0.009259
0 0.717386 0.915675 0.025546 0.027116
0 0.778894 0.919478 0.033978 0.035384
0 0.677579 0.89881 0.007937 0.011243
0 0.649554 0.895668 0.008929 0.008929
0 0.281126 0.901786 0.009673 0.023148
0 0.317708 0.897156 0.007937 0.01455
0 0.307292 0.895503 0.007937 0.011905
0 0.65563 0.894511 0.015129 0.022487
0 0.873884 0.88459 0.010169 0.005952
0 0.749256 0.883763 0.010913 0.008929
0 0.668527 0.882275 0.008681 0.011905
0 0.634425 0.887731 0.022817 0.030093
0 0.765501 0.894345 0.025546 0.052579
0 0.928943 0.872851 0.011657 0.011574
0 0.304067 0.882771 0.034226 0.034061
0 0.863715 0.866567 0.005208 0.010913
0 0.801215 0.863261 0.008681 0.008267
0 0.65563 0.863095 0.008681 0.015873
0 0.87314 0.856812 0.005704 0.007275
0 0.790055 0.859954 0.007192 0.013558
0 0.816096 0.855489 0.015129 0.01455
0 0.887897 0.853836 0.006944 0.013228
0 0.985491 0.864087 0.029018 0.040344
0 0.762153 0.848049 0.005456 0.008267
0 0.897569 0.850529 0.013393 0.016534
0 0.946429 0.852679 0.019841 0.022817
0 0.923363 0.850529 0.015377 0.018519
0 0.91245 0.842262 0.003472 0.01455
0 0.787822 0.841601 0.020089 0.017196
0 0.849826 0.83631 0.013641 0.009259
0 0.922371 0.837467 0.008929 0.013558
0 0.773438 0.835979 0.0062 0.010582
0 0.989335 0.828704 0.009425 0.009921
0 0.90935 0.826389 0.014633 0.017857
0 0.954241 0.821098 0.014633 0.008598
0 0.862475 0.822586 0.014633 0.020172
0 0.71813 0.816964 0.006696 0.010251
0 0.885417 0.810185 0.043155 0.033069
0 0.847966 0.808697 0.018353 0.035384
0 0.885541 0.792989 0.015129 0.016534
0 0.87376 0.784392 0.008929 0.006614
0 0.808904 0.789187 0.035962 0.024802
0 0.867932 0.778108 0.007688 0.006614
0 0.416419 0.772817 0.005456 0.008598
0 0.847098 0.768849 0.0062 0.013889
0 0.947297 0.803902 0.095486 0.08664
0 0.920263 0.765046 0.011657 0.018849
0 0.857763 0.759094 0.011657 0.007606
0 0.473834 0.752149 0.007688 0.008267
0 0.84189 0.750496 0.005704 0.008929
0 0.831101 0.743717 0.008929 0.007275
0 0.889261 0.741898 0.005704 0.008267
0 0.884921 0.762731 0.06002 0.052579
0 0.900794 0.744544 0.010913 0.016865
0 0.570561 0.741898 0.007688 0.01422
0 0.634177 0.739583 0.010913 0.012235
0 0.622272 0.734458 0.005456 0.009259
0 0.600694 0.740906 0.016369 0.027447
0 0.838418 0.734292 0.007192 0.017526
0 0.850446 0.733466 0.017361 0.017857
0 0.951141 0.760417 0.097718 0.076389
0 0.921875 0.72619 0.006448 0.010582
0 0.390005 0.736772 0.023065 0.035053
0 0.797619 0.721561 0.008433 0.005291
0 0.884177 0.719411 0.013889 0.007606
0 0.896825 0.724041 0.007937 0.018188
0 0.405382 0.719907 0.0062 0.015873
0 0.832217 0.715443 0.005704 0.008929
0 0.639385 0.719577 0.007937 0.024471
0 0.583457 0.709656 0.005208 0.011243
0 0.491691 0.711475 0.005208 0.019511
0 0.519965 0.70453 0.008185 0.010913
0 0.618428 0.710152 0.024058 0.030093
0 0.551959 0.697255 0.004712 0.008267
0 0.33693 0.696263 0.009673 0.010251
0 0.383557 0.696429 0.005704 0.017857
0 0.519097 0.689484 0.010417 0.01455
0 0.604663 0.684193 0.005456 0.009259
0 0.406002 0.67791 0.006448 0.009259
0 0.485243 0.676422 0.010665 0.010913
0 0.518229 0.672619 0.014137 0.013889
0 0.491691 0.662368 0.02505 0.032407
0 0.434152 0.648148 0.012649 0.008598
0 0.575893 0.643188 0.003472 0.009259
0 0.373264 0.639385 0.019345 0.013558
0 0.49752 0.636905 0.00744 0.010582
0 0.437624 0.63459 0.008681 0.008598
0 0.405134 0.616402 0.006696 0.005291
0 0.430556 0.60797 0.008433 0.007606
0 0.583333 0.630291 0.094246 0.119709
0 0.431796 0.562665 0.012401 0.014881
0 0.012029 0.611772 0.024058 0.117725
0 0.406622 0.572255 0.035466 0.053902
0 0.450893 0.548776 0.00496 0.011574
0 0.007068 0.546627 0.014137 0.018519
0 0.092138 0.540179 0.008185 0.008267
0 0.076637 0.537864 0.015377 0.024802
0 0.155506 0.52166 0.012897 0.007606
0 0.134549 0.523644 0.018105 0.012897
0 0.006572 0.523975 0.013145 0.015542
0 0.512153 0.517361 0.016369 0.008929
0 0.006944 0.505787 0.006944 0.005622
0 0.232143 0.499008 0.008929 0.005952
0 0.155506 0.499008 0.022321 0.023148
0 0.18874 0.489418 0.010417 0.018519
0 0.172123 0.495701 0.012401 0.032407
0 0.130332 0.484292 0.022073 0.026786
0 0.005208 0.473214 0.010417 0.009921
0 0.416667 0.467427 0.006944 0.005622
0 0.211186 0.462467 0.0062 0.013558
0 0.269593 0.425265 0.00744 0.009259
0 0.06498 0.400628 0.016865 0.01422
0 0.405506 0.389716 0.00744 0.01422
0 0.419891 0.383929 0.008929 0.009921
0 0.380456 0.378968 0.014385 0.020503
0 0.24876 0.371362 0.016865 0.015212
0 0.003596 0.366567 0.007192 0.011574
0 0.387277 0.347884 0.012153 0.021164
0 0.508061 0.343089 0.007192 0.018849
0 0.324653 0.318452 0.009921 0.011243
0 0.303447 0.328208 0.024554 0.04795
0 0.907862 0.309524 0.007688 0.011905
0 0.946429 0.306548 0.008929 0.009921
0 0.433284 0.310847 0.017361 0.023148
0 0.322793 0.296792 0.003224 0.011574
0 0.41369 0.296958 0.013393 0.025132
0 0.909226 0.284392 0.00744 0.007937
0 0.392981 0.286376 0.023562 0.015212
0 0.530754 0.281085 0.010913 0.005952
0 0.299727 0.29084 0.019097 0.040013
0 0.265749 0.285714 0.03001 0.042328
0 0.396081 0.267361 0.00744 0.010251
0 0.28373 0.26455 0.006944 0.006614
0 0.384797 0.260251 0.012153 0.008598
0 0.374132 0.263062 0.011657 0.016865
0 0.352555 0.329034 0.051339 0.152116
0 0.319196 0.26207 0.009425 0.023479
0 0.984375 0.258763 0.03125 0.017526
0 0.892733 0.255456 0.015625 0.010913
0 0.482887 0.26455 0.021329 0.029101
0 0.016121 0.268849 0.032242 0.037698
