0 0.784722 0.902116 0.005952 0.015873
0 0.468502 0.760747 0.00744 0.006283
0 0.480531 0.741567 0.007688 0.008929
0 0.568204 0.737765 0.006944 0.005952
0 0.574653 0.71164 0.014385 0.013228
0 0.650174 0.62037 0.005208 0.011905
0 0.652282 0.606316 0.009425 0.012235
0 0.634549 0.578869 0.014633 0.016204
0 0.109747 0.524802 0.009177 0.019841
0 0.577257 0.517361 0.00372 0.008267
0 0.117436 0.506283 0.011161 0.015212
0 0.097718 0.495866 0.010913 0.011574
0 0.082341 0.493882 0.00744 0.008929
0 0.12066 0.489749 0.010665 0.008598
0 0.074033 0.478836 0.017609 0.013889
0 0.588914 0.472222 0.009177 0.005291
0 0.09499 0.466601 0.083333 0.052249
0 0.377356 0.379134 0.017113 0.016204
0 0.678075 0.388228 0.015377 0.056217
0 0.444568 0.359292 0.0062 0.020172
0 0.020337 0.325728 0.00496 0.011243
0 0.433284 0.340112 0.011409 0.053241
0 0.481027 0.306052 0.010169 0.006944
0 0.455481 0.294147 0.010169 0.025463
0 0.454365 0.26703 0.016369 0.012897
0 0.190228 0.258267 0.009921 0.012566
0 0.489211 0.259921 0.016121 0.019841
0 0.436756 0.257771 0.019841 0.015542
