0 0.310764 0.99752 0.011409 0.00496
0 0.261285 0.996858 0.009177 0.006283
0 0.091022 0.996362 0.00744 0.007275
0 0.336558 0.995536 0.014385 0.008929
0 0.279762 0.99504 0.011905 0.009921
0 0.252852 0.99504 0.004216 0.009921
0 0.016865 0.993717 0.015377 0.012566
0 0.22061 0.992394 0.013641 0.015212
0 0.371156 0.989418 0.020089 0.021164
0 0.006448 0.984623 0.012897 0.01422
0 0.160218 0.987269 0.023313 0.025463
0 0.35119 0.982639 0.011905 0.020833
0 0.337426 0.976521 0.013641 0.023148
0 0.138021 0.969081 0.005208 0.008267
0 0.353919 0.965939 0.006448 0.005952
0 0.144593 0.970238 0.005952 0.01455
0 0.995908 0.963955 0.008185 0.009921
0 0.158234 0.964947 0.015377 0.013889
0 0.338418 0.955853 0.0062 0.00959
0 0.054688 0.95453 0.007688 0.008267
0 0.369048 0.9542 0.015873 0.02414
0 0.053199 0.945271 0.013145 0.008929
0 0.534722 0.942791 0.00744 0.009259
0 0.036706 0.945767 0.014385 0.020503
0 0.275174 0.931217 0.005704 0.012566
0 0.352307 0.934689 0.012153 0.020172
0 0.309896 0.935351 0.019593 0.022156
0 0.287698 0.929398 0.008929 0.012897
0 0.381448 0.925761 0.010913 0.010251
0 0.371528 0.924272 0.005952 0.010582
0 0.338666 0.922619 0.013641 0.009259
0 0.281994 0.919478 0.00744 0.005622
0 0.074777 0.917659 0.008681 0.007937
0 0.388889 0.914683 0.011905 0.005291
0 0.46813 0.913029 0.012153 0.007275
0 0.949653 0.905093 0.008433 0.011243
0 0.300595 0.907407 0.019345 0.015873
0 0.324157 0.908896 0.021329 0.019511
0 0.319072 0.890873 0.009177 0.015873
0 0.30816 0.88707 0.009177 0.008267
0 0.469866 0.886078 0.012649 0.01422
0 0.417535 0.871362 0.013145 0.013889
0 0.295635 0.864749 0.011905 0.009259
0 0.363715 0.866237 0.016121 0.019511
0 0.433532 0.858466 0.010417 0.010582
0 0.453001 0.856647 0.006696 0.011574
0 0.722966 0.854663 0.009425 0.008267
0 0.487103 0.847718 0.011905 0.010913
0 0.96131 0.847884 0.014385 0.012566
0 0.887649 0.840939 0.008929 0.006614
0 0.723338 0.842923 0.013641 0.01455
0 0.388641 0.837963 0.00744 0.005291
0 0.953497 0.835979 0.010169 0.007275
0 0.376488 0.83912 0.008929 0.016204
0 0.476066 0.834821 0.008185 0.012897
0 0.37128 0.82705 0.010913 0.005952
0 0.364211 0.81498 0.017609 0.013558
0 0.483383 0.815476 0.014385 0.022487
0 0.99256 0.818948 0.008433 0.030754
0 0.383309 0.807209 0.010665 0.009259
0 0.421503 0.803902 0.023562 0.011243
0 0.890749 0.796296 0.032986 0.021825
0 0.549727 0.77662 0.009177 0.014881
0 0.438864 0.770503 0.007192 0.005291
0 0.548115 0.760086 0.006944 0.008929
0 0.504712 0.764385 0.013393 0.018188
0 0.970982 0.757771 0.032242 0.023479
0 0.501488 0.744709 0.008433 0.007275
0 0.680556 0.710317 0.009921 0.003968
0 0.549851 0.674272 0.00496 0.007937
0 0.537822 0.665179 0.013641 0.012897
0 0.496652 0.634755 0.008185 0.006283
0 0.483011 0.627976 0.007192 0.007937
0 0.497148 0.578704 0.028026 0.015212
0 0.896949 0.587963 0.012649 0.035053
0 0.086186 0.559028 0.010169 0.008267
0 0.197421 0.558036 0.007937 0.006944
0 0.438492 0.541997 0.024306 0.011243
0 0.141865 0.530258 0.006944 0.006283
0 0.773686 0.552579 0.05878 0.05291
0 0.83941 0.533399 0.015625 0.021825
0 0.424231 0.517196 0.014633 0.020503
0 0.755084 0.519015 0.026042 0.031415
0 0.247024 0.509425 0.007937 0.012235
0 0.736483 0.50744 0.007192 0.008929
0 0.123388 0.512235 0.02505 0.039021
0 0.146825 0.50959 0.021329 0.034392
0 0.735863 0.496032 0.008433 0.007937
0 0.34871 0.499008 0.009921 0.015212
0 0.687996 0.518519 0.047619 0.056878
0 0.766121 0.50463 0.048115 0.035053
0 0.380332 0.489583 0.021577 0.006944
0 0.119296 0.487434 0.013393 0.00463
0 0.092138 0.484292 0.009673 0.004299
0 0.041295 0.513558 0.023065 0.066799
0 0.716022 0.497354 0.044643 0.046296
0 0.149554 0.476025 0.021329 0.006944
0 0.829737 0.48578 0.023065 0.030423
0 0.128348 0.472884 0.005208 0.009259
0 0.943824 0.470238 0.024554 0.012566
0 0.114707 0.458168 0.005704 0.012235
0 0.674479 0.452381 0.014633 0.013228
0 0.986979 0.481316 0.026042 0.079034
0 0.198165 0.442956 0.004464 0.010913
0 0.06622 0.456019 0.020337 0.042989
0 0.438616 0.43998 0.019593 0.019511
0 0.413566 0.433697 0.013641 0.006944
0 0.167163 0.441468 0.005456 0.025794
0 0.384921 0.430225 0.015873 0.015212
0 0.434276 0.421296 0.009921 0.006614
0 0.829365 0.42543 0.02381 0.017526
0 0.09933 0.416667 0.012649 0.015873
0 0.451885 0.406085 0.008929 0.005952
0 0.996404 0.411376 0.007192 0.021164
0 0.393353 0.407242 0.009921 0.018188
0 0.149058 0.42791 0.024306 0.075397
0 0.450025 0.389881 0.014137 0.010582
0 0.219866 0.448743 0.044891 0.128968
0 0.010913 0.429894 0.021825 0.106481
0 0.03373 0.373181 0.016865 0.005622
0 0.629216 0.370536 0.013889 0.00496
0 0.645957 0.370205 0.009177 0.006944
0 0.478671 0.373512 0.040179 0.018188
0 0.455357 0.371032 0.011905 0.018519
0 0.693948 0.367394 0.03869 0.015873
0 0.72433 0.365741 0.019097 0.022487
0 0.90129 0.360119 0.005952 0.01455
0 0.432416 0.363922 0.005704 0.027447
0 0.005456 0.371362 0.010913 0.044312
0 0.169023 0.336971 0.0062 0.005952
0 0.759549 0.347057 0.016617 0.045966
0 0.977927 0.329861 0.03621 0.026786
0 0.917163 0.322751 0.003968 0.019841
0 0.712922 0.321925 0.012649 0.019511
0 0.439856 0.318122 0.012649 0.013889
0 0.371404 0.320271 0.005208 0.019511
0 0.657986 0.312335 0.005456 0.008267
0 0.922247 0.301918 0.005208 0.009921
0 0.445561 0.298942 0.0062 0.011243
0 0.685392 0.303902 0.0062 0.024471
0 0.215154 0.319444 0.014137 0.070767
0 0.395709 0.28836 0.0062 0.009921
0 0.429067 0.294478 0.014881 0.026786
0 0.65191 0.272817 0.00372 0.012566
0 0.312128 0.291667 0.010169 0.062169
0 0.46689 0.259755 0.008681 0.012235
0 0.655382 0.255291 0.004216 0.008598
0 0.453869 0.260417 0.008929 0.020172
0 0.980779 0.277612 0.023065 0.055225
0 0.955233 0.284392 0.024554 0.068783
0 0.906746 0.261078 0.041667 0.022156
0 0.395213 0.257606 0.007688 0.015212
0 0.369172 0.257937 0.013641 0.015873
0 0.240203 0.268022 0.010665 0.036045
