0 0.900422 0.98545 0.007192 0.011243
0 0.922619 0.968089 0.009425 0.00496
0 0.949405 0.969907 0.00496 0.009921
0 0.912822 0.969411 0.007192 0.010251
0 0.8187 0.963459 0.010913 0.011574
0 0.996652 0.937831 0.006696 0.007937
0 0.123636 0.951885 0.027034 0.040675
0 0.49504 0.924934 0.008929 0.009921
0 0.965402 0.924603 0.008185 0.011243
0 0.984127 0.942626 0.031746 0.049272
0 0.418279 0.858466 0.007192 0.005952
0 0.268477 0.857804 0.031498 0.021164
0 0.254712 0.852679 0.005456 0.011574
0 0.244792 0.848545 0.010417 0.009259
0 0.562376 0.793651 0.018601 0.010582
0 0.27877 0.775463 0.006448 0.005952
0 0.245288 0.7667 0.005456 0.007606
0 0.441964 0.767196 0.010913 0.013228
0 0.228423 0.761243 0.004464 0.009921
0 0.300223 0.758763 0.024058 0.02877
0 0.052827 0.767857 0.070933 0.063492
0 0.426463 0.739253 0.004216 0.01422
0 0.413566 0.709325 0.012153 0.013889
0 0.451389 0.734127 0.065476 0.065476
0 0.008185 0.70453 0.016369 0.008929
0 0.445685 0.698743 0.013393 0.015873
0 0.128596 0.687665 0.023562 0.012235
0 0.447545 0.681382 0.007688 0.006283
0 0.470114 0.672784 0.011657 0.008929
0 0.600818 0.667824 0.005208 0.011574
0 0.448537 0.666171 0.008185 0.012235
0 0.479291 0.657242 0.008681 0.015542
0 0.03249 0.63459 0.06498 0.048942
0 0.705233 0.608631 0.060764 0.065807
0 0.97619 0.571925 0.047619 0.025463
0 0.93936 0.558862 0.017609 0.009259
0 0.978671 0.549272 0.017857 0.008598
0 0.793403 0.549438 0.016369 0.012897
0 0.823909 0.546627 0.058532 0.026455
0 0.950397 0.540509 0.035218 0.022156
0 0.90625 0.533399 0.00744 0.009921
0 0.792659 0.532407 0.015873 0.007937
0 0.459325 0.514716 0.011409 0.00496
0 0.968998 0.515542 0.005952 0.009921
0 0.260541 0.512731 0.009177 0.008267
0 0.626736 0.520999 0.02629 0.025463
0 0.190972 0.505456 0.012897 0.006944
0 0.168775 0.504795 0.008185 0.006944
0 0.221354 0.505622 0.013145 0.010582
0 0.205357 0.50463 0.012401 0.011905
0 0.630084 0.500165 0.011161 0.008929
0 0.87066 0.496032 0.009673 0.006614
0 0.516865 0.507275 0.107143 0.033069
0 0.300223 0.493882 0.008185 0.006944
0 0.579861 0.498016 0.011905 0.015873
0 0.3125 0.494213 0.010417 0.008267
0 0.258433 0.489749 0.007937 0.012566
0 0.210689 0.488591 0.017609 0.010251
0 0.593998 0.488922 0.011905 0.014881
0 0.979043 0.4833 0.026042 0.01422
0 0.843626 0.479828 0.03745 0.015212
0 0.873388 0.473214 0.008185 0.006614
0 0.272445 0.471396 0.009673 0.018188
0 0.455605 0.466601 0.00744 0.010582
0 0.349702 0.479167 0.019841 0.037037
0 0.315104 0.462302 0.015129 0.042989
0 0.09995 0.438823 0.012401 0.00463
0 0.237227 0.452381 0.023562 0.039021
0 0.139385 0.436012 0.011905 0.006283
0 0.484251 0.43006 0.006696 0.00496
0 0.268477 0.430556 0.011161 0.006614
0 0.987723 0.445602 0.024554 0.038029
0 0.594866 0.42791 0.024058 0.009259
0 0.943204 0.447917 0.030754 0.060516
0 0.071677 0.419312 0.012897 0.013228
0 0.620164 0.418485 0.007688 0.021495
0 0.460441 0.402612 0.0062 0.006944
0 0.076761 0.397817 0.021081 0.008598
0 0.015625 0.399306 0.03125 0.014881
0 0.120784 0.392196 0.044147 0.013889
0 0.023189 0.375165 0.046379 0.016204
0 0.425471 0.369213 0.008185 0.008267
0 0.437128 0.365575 0.004216 0.014881
0 0.115575 0.366733 0.053075 0.017196
0 0.655506 0.390873 0.051091 0.074735
0 0.683408 0.359788 0.008681 0.013889
0 0.469866 0.354828 0.007688 0.017196
0 0.618552 0.349372 0.014385 0.011574
0 0.02505 0.351687 0.050099 0.017526
0 0.426463 0.345899 0.014137 0.01918
0 0.468006 0.338955 0.006448 0.008598
0 0.690848 0.331349 0.004712 0.010582
0 0.641741 0.342593 0.023065 0.037037
0 0.467262 0.326885 0.006944 0.010913
0 0.489211 0.328373 0.010665 0.018519
0 0.042411 0.324074 0.017361 0.012566
0 0.693204 0.31961 0.00744 0.008929
0 0.071305 0.321429 0.022569 0.013889
0 0.638021 0.317626 0.009177 0.010251
0 0.664931 0.325562 0.027282 0.027447
0 0.112599 0.316964 0.053571 0.018188
0 0.447421 0.32953 0.021329 0.044643
0 0.47123 0.314484 0.018353 0.015212
0 0.607515 0.30787 0.006696 0.008598
0 0.686012 0.305225 0.011905 0.009921
0 0.669519 0.303737 0.007192 0.008267
0 0.041791 0.300926 0.011161 0.012566
0 0.890377 0.300595 0.020833 0.012566
0 0.476687 0.302083 0.016369 0.016204
0 0.489955 0.294808 0.011657 0.010251
0 0.073289 0.296792 0.02753 0.015542
0 0.760293 0.292163 0.0062 0.008929
0 0.111483 0.292163 0.046875 0.018188
0 0.621404 0.289187 0.013641 0.01422
0 0.610491 0.284722 0.010169 0.013228
0 0.634921 0.277447 0.00744 0.008598
0 0.415923 0.277447 0.009425 0.015212
0 0.621528 0.271991 0.009921 0.00959
0 0.65811 0.270668 0.018105 0.017526
0 0.619792 0.263062 0.011409 0.004299
0 0.746156 0.265873 0.008185 0.010582
0 0.601066 0.268684 0.0062 0.016204
0 0.590154 0.263393 0.018601 0.007606
0 0.983383 0.280423 0.033234 0.044312
0 0.690352 0.258598 0.012649 0.011905
0 0.662698 0.257606 0.006448 0.010582
0 0.649926 0.256118 0.008185 0.007606
0 0.703993 0.262731 0.014633 0.023479
0 0.730407 0.252149 0.010417 0.004299
0 0.514633 0.278108 0.186508 0.056217
0 0.390377 0.258598 0.002976 0.017196
0 0.283854 0.272817 0.024058 0.045635
0 0.065724 0.268519 0.131448 0.037037
