0 0.003348 0.995536 0.006696 0.008929
0 0.512401 0.992394 0.006448 0.006614
0 0.602679 0.97619 0.010417 0.005291
0 0.492063 0.959656 0.008929 0.012566
0 0.479911 0.943122 0.019345 0.015212
0 0.517857 0.93502 0.020833 0.012897
0 0.535094 0.937004 0.030506 0.021495
0 0.486855 0.916336 0.044643 0.03373
0 0.535094 0.902943 0.0062 0.007606
0 0.487847 0.894841 0.00744 0.006614
0 0.522445 0.884425 0.007192 0.008929
0 0.501984 0.874008 0.017857 0.020503
0 0.47185 0.871362 0.028522 0.01918
0 0.488343 0.861607 0.008433 0.011574
0 0.455853 0.858631 0.009921 0.017526
0 0.520461 0.84838 0.009177 0.006944
0 0.497396 0.838294 0.014633 0.012566
0 0.526662 0.820271 0.006696 0.012897
0 0.475074 0.815146 0.007192 0.020503
0 0.516865 0.765377 0.009921 0.012235
0 0.499132 0.762566 0.022073 0.018519
0 0.487475 0.701058 0.033482 0.019841
0 0.470734 0.683036 0.010913 0.006944
0 0.472346 0.65873 0.019097 0.009259
0 0.458085 0.651124 0.007937 0.005952
0 0.382937 0.595403 0.010417 0.030093
0 0.545387 0.588294 0.010913 0.016534
0 0.744048 0.56746 0.009921 0.00463
0 0.489707 0.562004 0.009177 0.010251
0 0.446677 0.560185 0.008929 0.009921
0 0.810392 0.563327 0.015625 0.022817
0 0.74318 0.558862 0.031002 0.015212
0 0.427331 0.558862 0.00248 0.015212
0 0.474702 0.552083 0.006448 0.010913
0 0.834573 0.548446 0.008929 0.00496
0 0.831969 0.558862 0.022073 0.035714
0 0.58941 0.548115 0.008185 0.015542
0 0.4969 0.537368 0.019097 0.007275
0 0.673611 0.530754 0.017857 0.005952
0 0.643973 0.534392 0.013641 0.015873
0 0.859499 0.541336 0.019097 0.031085
0 0.537202 0.52414 0.014385 0.008598
0 0.403646 0.546627 0.018105 0.058862
0 0.559648 0.502811 0.128224 0.057209
0 0.410218 0.477844 0.003968 0.011243
0 0.21131 0.474041 0.005952 0.007606
0 0.38058 0.476521 0.010665 0.013889
0 0.418031 0.467923 0.007192 0.007275
0 0.247768 0.464616 0.008929 0.012566
0 0.358507 0.50463 0.022073 0.095899
0 0.433904 0.458499 0.004712 0.021495
0 0.421379 0.448578 0.010417 0.018188
0 0.526414 0.448909 0.015129 0.029431
0 0.112103 0.434028 0.010417 0.016204
0 0.333953 0.416171 0.009177 0.010913
0 0.536086 0.421296 0.013641 0.024471
0 0.158978 0.415509 0.014385 0.014881
0 0.750124 0.43254 0.073661 0.056878
0 0.144593 0.408399 0.00744 0.013889
0 0.168031 0.406415 0.008185 0.011243
0 0.441468 0.400463 0.005456 0.007275
0 0.074405 0.401455 0.009921 0.019841
0 0.317584 0.396164 0.021577 0.012566
0 0.270089 0.3917 0.00496 0.010251
0 0.452009 0.41369 0.025546 0.059524
0 0.057168 0.38955 0.006696 0.011243
0 0.073537 0.386243 0.010169 0.009921
0 0.469246 0.37004 0.005456 0.009259
0 0.985615 0.376323 0.02877 0.034392
0 0.490327 0.367229 0.030258 0.016204
0 0.748636 0.362269 0.0062 0.00959
0 0.794891 0.351025 0.009921 0.008929
0 0.273065 0.353009 0.016369 0.017526
0 0.883929 0.345734 0.005952 0.010913
0 0.066592 0.345073 0.007688 0.00959
0 0.242063 0.343254 0.012401 0.015212
0 0.293279 0.341104 0.010665 0.012897
0 0.453125 0.349206 0.020833 0.037037
0 0.891493 0.324405 0.005704 0.007275
0 0.248264 0.326885 0.007937 0.012235
0 0.050471 0.338955 0.012153 0.056217
0 0.996528 0.306878 0.006944 0.006614
0 0.490327 0.30043 0.014385 0.011574
0 0.270709 0.314815 0.031498 0.042989
0 0.815476 0.296296 0.012401 0.011905
0 0.276042 0.294974 0.006944 0.009259
0 0.789683 0.29332 0.034722 0.020503
0 0.826637 0.285053 0.00744 0.007275
0 0.242188 0.290509 0.015129 0.018188
0 0.988715 0.291336 0.022569 0.021164
0 0.226687 0.283399 0.005456 0.011243
0 0.467138 0.293155 0.028522 0.040675
0 0.234747 0.272321 0.016617 0.016204
0 0.15749 0.268519 0.008433 0.008598
0 0.21999 0.2667 0.011409 0.006944
0 0.97247 0.26207 0.012401 0.010913
0 0.996156 0.258763 0.007688 0.013558
0 0.798239 0.253307 0.006696 0.006614
0 0.659226 0.257606 0.014385 0.015212
0 0.53311 0.258598 0.016617 0.017196
0 0.008185 0.254299 0.005952 0.008598
