0 0.969485 0.989765 0.006618 0.009146
0 0.725245 0.8223 0.005882 0.013937
0 0.620098 0.813589 0.022059 0.014808
0 0.519363 0.811629 0.006373 0.014373
0 0.416912 0.803354 0.006373 0.010889
0 0.827206 0.80074 0.011765 0.013502
0 0.008824 0.802483 0.017647 0.023084
0 0.722672 0.791812 0.020343 0.016551
0 0.826348 0.782883 0.01299 0.01176
0 0.703922 0.780488 0.012745 0.009582
0 0.750735 0.777657 0.014216 0.014373
0 0.702451 0.761324 0.010784 0.016551
0 0.738235 0.740418 0.021569 0.008711
0 0.793015 0.733014 0.007108 0.00784
0 0.650613 0.704268 0.010049 0.008711
0 0.840564 0.695775 0.01299 0.008275
0 0.721569 0.692726 0.010294 0.008275
0 0.835049 0.686847 0.012745 0.016551
0 0.708211 0.668118 0.01152 0.011324
0 0.940319 0.653092 0.01299 0.007404
0 0.723775 0.651786 0.009314 0.006533
0 0.920221 0.653092 0.006618 0.015244
0 0.77451 0.648301 0.015196 0.006533
0 0.951348 0.649608 0.010049 0.012631
0 0.871201 0.641986 0.009069 0.010453
0 0.21152 0.638937 0.013235 0.018293
0 0.984926 0.651568 0.030147 0.046167
0 0.042647 0.63676 0.011765 0.023519
0 0.811275 0.643075 0.042647 0.038763
0 0.81826 0.614547 0.009559 0.00784
0 0.27402 0.611716 0.012255 0.016115
0 0.223652 0.596472 0.01299 0.008275
0 0.276593 0.589286 0.01201 0.013066
0 0.798284 0.57034 0.007353 0.010017
0 0.815686 0.574042 0.015196 0.045296
0 0.765809 0.552047 0.009069 0.007404
0 0.751225 0.556838 0.010784 0.016986
0 0.734314 0.549216 0.013725 0.008711
0 0.789093 0.550087 0.025735 0.027003
0 0.710417 0.550523 0.023284 0.038328
0 0.373407 0.522213 0.007108 0.012195
0 0.761152 0.514591 0.008578 0.01176
0 0.022181 0.583406 0.044363 0.155488
0 0.868873 0.570122 0.07598 0.13676
0 0.783333 0.515026 0.038235 0.029181
0 0.741299 0.481272 0.010539 0.012195
0 0.891912 0.471472 0.005392 0.015244
0 0.791176 0.45601 0.005392 0.012195
0 0.939706 0.45601 0.005882 0.028746
0 0.893382 0.448606 0.005392 0.013937
0 0.192034 0.428571 0.009069 0.009582
0 0.179412 0.420732 0.017157 0.013937
0 0.109681 0.418118 0.030637 0.016551
0 0.184926 0.403963 0.011029 0.010889
0 0.383456 0.39939 0.005637 0.00784
0 0.195833 0.396559 0.010294 0.01176
0 0.147426 0.383275 0.017402 0.017422
0 0.895833 0.39743 0.011765 0.061411
0 0.76299 0.416812 0.016176 0.124564
0 0.212623 0.36128 0.032598 0.023955
0 0.149142 0.357796 0.020343 0.024826
0 0.172672 0.355836 0.030147 0.022648
0 0.197549 0.34865 0.009804 0.01176
0 0.942157 0.353876 0.006863 0.023084
0 0.368627 0.351045 0.008824 0.018293
0 0.795466 0.381098 0.01299 0.08885
0 0.263235 0.353876 0.05098 0.042247
0 0.06777 0.407883 0.135539 0.151132
0 0.922917 0.336455 0.009069 0.016986
0 0.984436 0.331446 0.009559 0.011324
0 0.768015 0.344948 0.011029 0.047038
0 0.940564 0.329051 0.016912 0.019599
0 0.368873 0.330793 0.006863 0.02831
0 0.718382 0.322082 0.005882 0.018728
0 0.878186 0.313371 0.010784 0.017857
0 0.971569 0.318162 0.015686 0.044861
0 0.03652 0.301394 0.010784 0.013066
0 0.029657 0.318162 0.029902 0.0527
0 0.959069 0.277221 0.006373 0.012631
0 0.768015 0.271124 0.016912 0.032666
0 0.370098 0.260671 0.004412 0.015244
0 0.705392 0.258929 0.007843 0.012631
0 0.987255 0.271124 0.02549 0.042247
0 0.890686 0.275044 0.044118 0.050087
0 0.791054 0.269599 0.017402 0.039199
0 0.721078 0.255444 0.005392 0.010889
0 0.691667 0.266115 0.038725 0.03223
0 0.448775 0.271777 0.007353 0.043554
0 0.416176 0.280052 0.013235 0.060105
0 0.339706 0.274172 0.008824 0.048345
0 0.1875 0.261106 0.002941 0.022213
0 0.152696 0.276568 0.018137 0.053136
0 0.092279 0.289416 0.036029 0.078833
0 0.059191 0.287456 0.026225 0.074913
0 0.009314 0.264155 0.006863 0.02831
