0 0.345343 0.992596 0.006863 0.014808
0 0.269118 0.989765 0.015686 0.02047
0 0.324755 0.988458 0.023039 0.023084
0 0.327574 0.97953 0.006618 0.010453
0 0.310294 0.972125 0.010784 0.013066
0 0.300123 0.972343 0.010049 0.016986
0 0.116299 0.966681 0.007598 0.018728
0 0.219118 0.95993 0.010294 0.010453
0 0.280882 0.975174 0.019118 0.049652
0 0.208333 0.953833 0.008824 0.013937
0 0.18027 0.972125 0.11299 0.055749
0 0.298652 0.948824 0.007598 0.014373
0 0.303676 0.935758 0.007353 0.018728
0 0.364951 0.930531 0.005882 0.016986
0 0.284314 0.932709 0.007843 0.023084
0 0.296936 0.923127 0.011029 0.009146
0 0.16152 0.934233 0.029902 0.035714
0 0.330392 0.906359 0.005882 0.014808
0 0.372304 0.907883 0.008824 0.019599
0 0.313603 0.897648 0.007598 0.013066
0 0.188235 0.889155 0.006863 0.014373
0 0.300735 0.882622 0.014706 0.010017
0 0.064951 0.829051 0.016176 0.016115
0 0.993137 0.783537 0.013725 0.018293
0 0.994118 0.665723 0.011765 0.010017
0 0.955637 0.651786 0.007353 0.010017
0 0.973652 0.657448 0.016912 0.022213
0 0.986642 0.637848 0.016912 0.025697
0 0.968015 0.632404 0.016912 0.017422
0 0.913971 0.611498 0.011275 0.011324
0 0.925123 0.606925 0.014951 0.005662
0 0.942647 0.607143 0.046569 0.062718
0 0.873652 0.525044 0.006127 0.009146
0 0.648897 0.451655 0.014951 0.006098
0 0.670588 0.409843 0.017647 0.006969
0 0.590441 0.410497 0.013235 0.008275
0 0.712255 0.409843 0.020098 0.008711
0 0.544363 0.406577 0.022059 0.017857
0 0.793505 0.407012 0.011029 0.025697
0 0.578186 0.39351 0.015686 0.009146
0 0.04326 0.392639 0.008088 0.010889
0 0.801716 0.390026 0.007353 0.010889
0 0.253186 0.378267 0.015196 0.010017
0 0.645588 0.378049 0.012745 0.012195
0 0.472917 0.379791 0.018382 0.020906
0 0.570588 0.373476 0.008824 0.014373
0 0.13652 0.364547 0.010294 0.016551
0 0.149142 0.363894 0.005637 0.047474
0 0.66777 0.360627 0.023284 0.041812
0 0.534191 0.337544 0.008088 0.009582
0 0.236152 0.34865 0.022304 0.050958
0 0.040931 0.319251 0.009804 0.011324
0 0.53848 0.315331 0.007353 0.009582
0 0.23701 0.316202 0.009314 0.014808
0 0.149755 0.318598 0.004412 0.029181
0 0.669363 0.313153 0.015686 0.019164
0 0.458211 0.313807 0.017892 0.025697
0 0.192402 0.300087 0.009314 0.00784
0 0.676103 0.297038 0.01152 0.012195
0 0.295956 0.324913 0.027696 0.108885
0 0.460662 0.282883 0.019363 0.026568
0 0.553676 0.266551 0.007353 0.013066
0 0.459559 0.258929 0.005392 0.015244
0 0.566912 0.257404 0.010784 0.013066
0 0.511275 0.307491 0.012745 0.11324
0 0.701593 0.286585 0.014951 0.073171
0 0.606495 0.261977 0.010049 0.023955
0 0.482108 0.25392 0.013725 0.00784
0 0.172794 0.305531 0.025 0.111063
0 0.147917 0.272648 0.008578 0.045296
0 0.051225 0.292683 0.022549 0.085366
0 0.029044 0.255662 0.01152 0.011324
