0 0.404638 0.995866 0.006696 0.008267
0 0.412698 0.984788 0.006944 0.010582
0 0.514509 0.957176 0.005208 0.008929
0 0.453373 0.942295 0.006944 0.00959
0 0.43068 0.963294 0.014137 0.05291
0 0.59189 0.936012 0.009673 0.006944
0 0.483011 0.946429 0.049851 0.042989
0 0.020833 0.922288 0.010913 0.008598
0 0.512897 0.905754 0.00496 0.008598
0 0.608259 0.91369 0.021081 0.037698
0 0.496652 0.905423 0.022569 0.031746
0 0.458333 0.889716 0.005456 0.006944
0 0.599082 0.883598 0.007688 0.010582
0 0.47123 0.873347 0.017361 0.011905
0 0.607019 0.874173 0.016121 0.020172
0 0.504092 0.873512 0.038938 0.031415
0 0.119172 0.851852 0.014633 0.016534
0 0.601811 0.849206 0.019097 0.023148
0 0.106523 0.839286 0.012153 0.026455
0 0.417163 0.823413 0.005456 0.006614
0 0.605779 0.826389 0.008681 0.020503
0 0.657614 0.818783 0.005704 0.010582
0 0.457093 0.832672 0.068948 0.041667
0 0.256572 0.814649 0.005704 0.006283
0 0.139385 0.810847 0.014881 0.007937
0 0.158606 0.811508 0.017113 0.009921
0 0.37066 0.813492 0.012649 0.01455
0 0.602183 0.780093 0.017857 0.027116
0 0.170883 0.736111 0.007937 0.007937
0 0.472346 0.729332 0.009673 0.01422
0 0.592882 0.729828 0.012649 0.027116
0 0.575645 0.71627 0.005952 0.009259
0 0.480655 0.717097 0.006448 0.012897
0 0.153026 0.715443 0.015377 0.017526
0 0.086682 0.708499 0.008681 0.007606
0 0.261161 0.707507 0.008929 0.007606
0 0.43006 0.700066 0.017361 0.013228
0 0.139137 0.702216 0.017361 0.018849
0 0.170263 0.695106 0.009177 0.009259
0 0.583457 0.691799 0.008681 0.007937
0 0.461062 0.690146 0.021329 0.017857
0 0.103919 0.694279 0.02381 0.029431
0 0.401166 0.684524 0.016121 0.011905
0 0.234995 0.68287 0.022073 0.020503
0 0.596354 0.670966 0.009177 0.005952
0 0.18874 0.669147 0.010913 0.006283
0 0.436384 0.674438 0.010665 0.022817
0 0.199281 0.66584 0.009177 0.005622
0 0.138641 0.667163 0.011409 0.010913
0 0.634797 0.658069 0.007688 0.005952
0 0.414559 0.661376 0.009673 0.017196
0 0.208457 0.653274 0.010169 0.006283
0 0.288318 0.65377 0.020089 0.007937
0 0.076265 0.656746 0.011657 0.022487
0 0.013145 0.649471 0.009425 0.010582
0 0.252604 0.672288 0.074157 0.062169
0 0.048611 0.631614 0.008929 0.010582
0 0.005828 0.635913 0.011657 0.021164
0 0.253224 0.631283 0.009425 0.013228
0 0.231027 0.629299 0.005704 0.010582
0 0.605903 0.644841 0.018353 0.044974
0 0.330605 0.622354 0.010417 0.007937
0 0.613591 0.622685 0.00744 0.012566
0 0.472842 0.619048 0.016121 0.007937
0 0.34003 0.618056 0.009425 0.008598
0 0.279886 0.615245 0.006696 0.005622
0 0.28869 0.62037 0.014385 0.018519
0 0.483507 0.614418 0.0062 0.007937
0 0.623264 0.614253 0.012401 0.00959
0 0.389137 0.608631 0.010913 0.006283
0 0.066592 0.606978 0.011161 0.006283
0 0.088294 0.594577 0.009425 0.010582
0 0.220238 0.595073 0.018353 0.018849
0 0.132937 0.586475 0.011905 0.008929
0 0.201017 0.581184 0.009177 0.005622
0 0.278894 0.586144 0.013145 0.017526
0 0.186508 0.582341 0.007937 0.010582
0 0.121776 0.580853 0.00744 0.011574
0 0.146701 0.581845 0.038442 0.030754
0 0.217262 0.570271 0.02381 0.016204
0 0.239955 0.571429 0.018105 0.01918
0 0.350198 0.570602 0.008433 0.018849
0 0.96627 0.574735 0.06746 0.028439
0 0.262773 0.562996 0.018105 0.005622
0 0.594246 0.590774 0.026786 0.0625
0 0.139633 0.613757 0.108631 0.108466
0 0.572669 0.556878 0.005456 0.007937
0 0.25 0.552579 0.010913 0.009921
0 0.056424 0.553737 0.017113 0.016204
0 0.078249 0.556548 0.029018 0.026455
0 0.219618 0.5458 0.012649 0.012897
0 0.161954 0.542659 0.012401 0.006614
0 0.34747 0.543981 0.007937 0.015873
0 0.031126 0.53869 0.008185 0.005952
0 0.003348 0.535218 0.006696 0.008267
0 0.197297 0.534392 0.005208 0.011905
0 0.020337 0.530919 0.005952 0.010251
0 0.838914 0.523148 0.046379 0.01918
0 0.273189 0.517361 0.009177 0.013558
0 0.008557 0.521495 0.017113 0.025132
0 0.034598 0.521495 0.020585 0.027116
0 0.426835 0.50959 0.005952 0.007937
0 0.993304 0.503968 0.009921 0.00463
0 0.255952 0.507275 0.022817 0.011905
0 0.575397 0.525959 0.02629 0.059854
0 0.473834 0.497851 0.013641 0.007606
0 0.285714 0.496528 0.016865 0.01422
0 0.769345 0.493552 0.024306 0.010913
0 0.959201 0.489914 0.011657 0.016204
0 0.461434 0.470073 0.031002 0.048611
0 0.456225 0.452877 0.007688 0.021495
0 0.966518 0.43502 0.015377 0.00496
0 0.066096 0.422123 0.007192 0.007606
0 0.40935 0.425926 0.004216 0.015873
0 0.50434 0.421792 0.017113 0.011574
0 0.524058 0.420304 0.00744 0.010582
0 0.079737 0.41584 0.015129 0.006944
0 0.450769 0.420635 0.018105 0.020503
0 0.478547 0.41832 0.029018 0.022487
0 0.608507 0.418651 0.017113 0.027116
0 0.59003 0.408069 0.00744 0.011243
0 0.59003 0.391534 0.021825 0.021164
0 0.49442 0.384425 0.007192 0.008929
0 0.103795 0.386078 0.010169 0.015542
0 0.022321 0.383267 0.006448 0.010582
0 0.410094 0.40377 0.023065 0.059524
0 0.204489 0.388393 0.048363 0.042659
0 0.189732 0.368552 0.00744 0.005622
0 0.472222 0.372685 0.016865 0.017196
0 0.169023 0.367394 0.031002 0.016534
0 0.050223 0.377811 0.09747 0.069114
0 0.141617 0.385582 0.175099 0.087963
0 0.273065 0.342758 0.007937 0.010913
0 0.353051 0.335317 0.00372 0.010582
0 0.449033 0.340278 0.021577 0.039021
0 0.03435 0.311343 0.010665 0.011574
0 0.424851 0.310681 0.004464 0.011574
0 0.357639 0.30754 0.008929 0.013889
0 0.015377 0.305886 0.007937 0.015212
0 0.359251 0.295635 0.009177 0.007937
0 0.667535 0.292163 0.00372 0.012235
0 0.005952 0.297123 0.011905 0.026124
0 0.099206 0.310185 0.042163 0.054233
0 0.279638 0.288029 0.010665 0.019841
0 0.315724 0.299769 0.045635 0.044643
0 0.10057 0.27414 0.009177 0.013889
0 0.419891 0.268684 0.016865 0.016204
0 0.125868 0.279266 0.038938 0.044643
0 0.789187 0.259755 0.052579 0.019511
0 0.378224 0.260086 0.030258 0.020172
0 0.323041 0.255291 0.014137 0.010582
0 0.290179 0.264881 0.035714 0.029762
0 0.261409 0.269345 0.017361 0.03869
0 0.15315 0.258102 0.009673 0.016204
0 0.099082 0.258763 0.011161 0.017526
0 0.046875 0.283399 0.09375 0.066799
