0 0.542659 0.994709 0.00744 0.007275
0 0.466146 0.995536 0.020089 0.008929
0 0.426587 0.993882 0.011905 0.008929
0 0.357019 0.994378 0.023065 0.011243
0 0.499008 0.993717 0.016369 0.012566
0 0.1219 0.990245 0.004216 0.008929
0 0.524678 0.992229 0.020089 0.015542
0 0.40315 0.992063 0.028522 0.015873
0 0.383929 0.989583 0.008433 0.013558
0 0.504092 0.982474 0.0062 0.008598
0 0.491195 0.98578 0.018601 0.015212
0 0.128968 0.980489 0.009425 0.007937
0 0.448661 0.984954 0.021825 0.020833
0 0.463418 0.976852 0.014137 0.013889
0 0.47123 0.96164 0.007937 0.006614
0 0.353547 0.96131 0.013145 0.007937
0 0.374876 0.971892 0.036954 0.036376
0 0.46255 0.958003 0.006448 0.011905
0 0.449529 0.957011 0.015625 0.010582
0 0.491319 0.965939 0.034226 0.032407
0 0.390873 0.953869 0.003968 0.01422
0 0.517113 0.952712 0.014385 0.016534
0 0.459573 0.938161 0.015873 0.007275
0 0.373636 0.936343 0.009177 0.006283
0 0.491443 0.934358 0.006696 0.013558
0 0.468378 0.931052 0.006696 0.008929
0 0.41183 0.931382 0.010665 0.020172
0 0.50558 0.923776 0.005208 0.00959
0 0.443204 0.922784 0.011905 0.011574
0 0.517733 0.921958 0.011657 0.011905
0 0.487351 0.922619 0.011905 0.013228
0 0.527654 0.914352 0.006696 0.007275
0 0.473338 0.910384 0.010665 0.010582
0 0.491691 0.90873 0.007688 0.007937
0 0.540303 0.911706 0.011657 0.01455
0 0.77939 0.917328 0.017113 0.029762
0 0.4375 0.908399 0.016865 0.016534
0 0.451513 0.890212 0.018601 0.010582
0 0.527406 0.892857 0.010169 0.018519
0 0.486731 0.877976 0.011657 0.005291
0 0.537946 0.875496 0.008929 0.016204
0 0.472098 0.866071 0.03001 0.017857
0 0.445561 0.869213 0.029514 0.025463
0 0.558284 0.843419 0.005952 0.013558
0 0.601935 0.838128 0.009425 0.008929
0 0.56498 0.837798 0.006448 0.014881
0 0.556672 0.826389 0.012649 0.01455
0 0.557168 0.809193 0.008681 0.007937
0 0.528026 0.788856 0.006944 0.012235
0 0.545263 0.744048 0.011657 0.005952
0 0.588542 0.737103 0.007937 0.005291
0 0.963666 0.768849 0.072669 0.083333
0 0.587178 0.727348 0.007192 0.00959
0 0.96689 0.696098 0.013641 0.009921
0 0.532242 0.690972 0.009921 0.008929
0 0.989335 0.690642 0.021329 0.016204
0 0.968874 0.683201 0.005704 0.010582
0 0.9969 0.677414 0.0062 0.00959
0 0.548735 0.641369 0.026042 0.014881
0 0.140253 0.622354 0.010665 0.007937
0 0.249752 0.621032 0.006448 0.008598
0 0.015129 0.616402 0.014385 0.015873
0 0.46131 0.610119 0.009921 0.007275
0 0.487847 0.604663 0.024306 0.010913
0 0.461806 0.599372 0.011409 0.007606
0 0.826885 0.615575 0.060516 0.053241
0 0.019593 0.589616 0.025298 0.023148
0 0.703869 0.582176 0.012897 0.008929
0 0.473338 0.583003 0.016121 0.011243
0 0.497396 0.581349 0.014137 0.008598
0 0.917411 0.578042 0.013393 0.008598
0 0.341766 0.574239 0.007937 0.00959
0 0.299107 0.572751 0.007937 0.011905
0 0.384177 0.570106 0.019345 0.007275
0 0.801587 0.57953 0.034226 0.027447
0 0.967262 0.571098 0.065476 0.023148
0 0.176959 0.576554 0.024058 0.03869
0 0.732763 0.571925 0.024554 0.031415
0 0.400918 0.561673 0.007688 0.011574
0 0.201265 0.573413 0.023562 0.043651
0 0.785342 0.556878 0.012649 0.011243
0 0.173115 0.552083 0.012897 0.003638
0 0.821677 0.566964 0.05506 0.034061
0 0.096478 0.578373 0.022321 0.065476
0 0.048115 0.573578 0.026786 0.057209
0 0.014881 0.563657 0.029762 0.041997
0 0.703745 0.54547 0.004712 0.00959
0 0.770957 0.561673 0.041419 0.044643
0 0.202753 0.53869 0.023065 0.011243
0 0.182044 0.537368 0.00496 0.009259
0 0.976314 0.539517 0.047371 0.022156
0 0.486483 0.545139 0.114831 0.03869
0 0.031374 0.531911 0.004216 0.018188
0 0.673239 0.520833 0.008185 0.005291
0 0.169023 0.52381 0.005704 0.011243
0 0.710938 0.520007 0.007688 0.007606
0 0.72185 0.513393 0.010665 0.010913
0 0.693452 0.517526 0.021825 0.020503
0 0.004216 0.519015 0.008433 0.031415
0 0.25124 0.507275 0.00496 0.010582
0 0.898934 0.507606 0.009177 0.011905
0 0.880952 0.504134 0.016369 0.006944
0 0.12066 0.52414 0.020089 0.047619
0 0.46131 0.497024 0.011409 0.006614
0 0.484871 0.502149 0.022321 0.020172
0 0.220486 0.505291 0.005952 0.027778
0 0.433036 0.49289 0.013889 0.013558
0 0.828993 0.487103 0.011161 0.006614
0 0.153894 0.482804 0.012649 0.017196
0 0.500496 0.469246 0.008929 0.005952
0 0.442336 0.471726 0.009177 0.018849
0 0.203001 0.493221 0.022569 0.073082
0 0.272073 0.507771 0.044147 0.118717
0 0.49938 0.453208 0.011657 0.010913
0 0.015625 0.449239 0.018353 0.006944
0 0.053323 0.488426 0.048611 0.090608
0 0.048735 0.458664 0.013641 0.032407
0 0.043403 0.44461 0.015377 0.005622
0 0.089658 0.439815 0.016617 0.005291
0 0.174975 0.481151 0.030506 0.097222
0 0.124504 0.437335 0.041171 0.01422
0 0.52629 0.438988 0.041171 0.021495
0 0.654142 0.439153 0.015625 0.025132
0 0.503844 0.434358 0.012649 0.018188
0 0.030878 0.431382 0.019097 0.013558
0 0.737723 0.431713 0.050347 0.016865
0 0.699901 0.452877 0.032242 0.061839
0 0.060888 0.437169 0.011657 0.041667
0 0.774182 0.427083 0.019097 0.022156
0 0.481027 0.427083 0.005208 0.028108
0 0.953869 0.4208 0.00496 0.021495
0 0.809648 0.409226 0.017113 0.045966
0 0.762649 0.38459 0.011409 0.010582
0 0.969866 0.386078 0.004216 0.016204
0 0.420883 0.385582 0.005456 0.017857
0 0.706597 0.374835 0.005456 0.008267
0 0.975074 0.36293 0.005704 0.00959
0 0.49442 0.36293 0.005208 0.010913
0 0.734127 0.36789 0.006448 0.02877
0 0.268229 0.384094 0.012649 0.06713
0 0.445437 0.353505 0.005456 0.009259
0 0.482267 0.367394 0.024554 0.043651
0 0.007688 0.333829 0.015377 0.004299
0 0.362971 0.355324 0.011657 0.051257
0 0.700149 0.335648 0.003472 0.012566
0 0.292163 0.336806 0.010417 0.036045
0 0.997024 0.331515 0.005952 0.02877
0 0.443948 0.323082 0.006944 0.018519
0 0.420759 0.314649 0.016121 0.034722
0 0.498512 0.315807 0.011905 0.037698
0 0.512897 0.301587 0.008929 0.01455
0 0.75124 0.295966 0.006448 0.009259
0 0.646081 0.291667 0.006448 0.007937
0 0.446305 0.297784 0.017609 0.026124
0 0.997644 0.291667 0.004712 0.018519
0 0.838046 0.301422 0.018849 0.045966
0 0.643105 0.277282 0.008433 0.008267
0 0.912822 0.277943 0.012649 0.010913
0 0.447049 0.273313 0.007688 0.007606
0 0.474082 0.267361 0.011657 0.012897
0 0.805308 0.271991 0.032242 0.033399
0 0.521453 0.280093 0.048859 0.060185
0 0.455605 0.273479 0.024802 0.046958
0 0.396701 0.310185 0.078125 0.12037
0 0.313864 0.280423 0.09251 0.060847
