0 0.026593 0.993685 0.008578 0.012631
0 0.497059 0.992814 0.008824 0.014373
0 0.372794 0.991725 0.011275 0.016551
0 0.411029 0.988676 0.016667 0.018293
0 0.472794 0.989547 0.014706 0.020906
0 0.508824 0.983232 0.008333 0.009146
0 0.428922 0.988458 0.011275 0.023084
0 0.868137 0.975174 0.007353 0.012195
0 0.689706 0.983885 0.012255 0.03223
0 0.475735 0.964939 0.008824 0.008275
0 0.627328 0.971254 0.027206 0.027875
0 0.503309 0.961237 0.008088 0.008711
0 0.530637 0.960366 0.006863 0.012195
0 0.473284 0.956446 0.009804 0.011324
0 0.824142 0.956882 0.007598 0.013066
0 0.417892 0.958406 0.006373 0.016986
0 0.109559 0.95993 0.030392 0.02439
0 0.488725 0.973432 0.018627 0.053136
0 0.341299 0.951002 0.008088 0.016115
0 0.835049 0.957099 0.013235 0.029181
0 0.550613 0.955139 0.006618 0.025261
0 0.490074 0.94338 0.011029 0.013937
0 0.586642 0.967552 0.121814 0.064895
0 0.458333 0.940113 0.008333 0.012631
0 0.545588 0.930749 0.011765 0.008711
0 0.136152 0.936847 0.0125 0.021777
0 0.409314 0.932056 0.006373 0.013066
0 0.504044 0.915287 0.007108 0.013502
0 0.572672 0.914416 0.034559 0.018728
0 0.417892 0.896995 0.033333 0.022213
0 0.656985 0.88088 0.023775 0.016115
0 0.515931 0.868249 0.006863 0.009146
0 0.6 0.881969 0.055882 0.041812
0 0.411397 0.857143 0.006618 0.014808
0 0.456863 0.854747 0.02451 0.016115
0 0.424265 0.849956 0.018137 0.013502
0 0.030637 0.845819 0.008333 0.013066
0 0.689828 0.842552 0.010539 0.008275
0 0.300368 0.855618 0.049265 0.03615
0 0.336275 0.840592 0.012745 0.010453
0 0.403676 0.836455 0.012255 0.010017
0 0.483701 0.837761 0.01348 0.022213
0 0.41875 0.817291 0.025245 0.016115
0 0.639828 0.805967 0.01201 0.015244
0 0.383578 0.798127 0.017647 0.010017
0 0.278676 0.836237 0.109804 0.093206
0 0.416054 0.789634 0.014461 0.006969
0 0.13076 0.794861 0.039951 0.020906
0 0.649755 0.787456 0.009804 0.006969
0 0.348652 0.787674 0.050735 0.038763
0 0.466054 0.774172 0.010539 0.013502
0 0.489583 0.764591 0.011029 0.005662
0 0.51826 0.763066 0.025245 0.009582
0 0.225 0.766115 0.039216 0.021777
0 0.129657 0.762848 0.010784 0.021341
0 0.264093 0.754573 0.015931 0.007404
0 0.053922 0.753484 0.011765 0.005226
0 0.287255 0.750218 0.012255 0.005662
0 0.569363 0.755662 0.056863 0.021777
0 0.955392 0.743685 0.008333 0.005662
0 0.229779 0.744556 0.015441 0.007404
0 0.476103 0.745645 0.013971 0.012195
0 0.60049 0.738458 0.004412 0.010889
0 0.519363 0.733449 0.010294 0.006098
0 0.848162 0.738894 0.048775 0.02047
0 0.320588 0.736063 0.02598 0.014808
0 0.387377 0.737587 0.017892 0.019599
0 0.548039 0.731272 0.019118 0.010453
0 0.210417 0.730618 0.010539 0.010017
0 0.274265 0.726263 0.012255 0.006533
0 0.431863 0.742596 0.066176 0.051394
0 0.873039 0.717117 0.011765 0.004791
0 0.417034 0.709277 0.014951 0.010017
0 0.211642 0.711237 0.035539 0.018293
0 0.243873 0.709495 0.022549 0.016551
0 0.572304 0.705575 0.042647 0.019164
0 0.110662 0.698824 0.018873 0.01176
0 0.55098 0.696429 0.020098 0.012195
0 0.506005 0.694251 0.015931 0.013066
0 0.230147 0.692944 0.021078 0.013937
0 0.614216 0.681838 0.009804 0.005662
0 0.7125 0.680096 0.010784 0.005662
0 0.264216 0.682491 0.054412 0.023519
0 0.675368 0.678354 0.041912 0.025697
0 0.46875 0.700348 0.115441 0.070557
0 0.201471 0.656359 0.009314 0.006098
0 0.489706 0.650915 0.041667 0.015244
0 0.992402 0.645253 0.015196 0.006533
0 0.776348 0.640897 0.017892 0.007404
0 0.321936 0.629138 0.024755 0.01176
0 0.779289 0.62696 0.025735 0.010017
0 0.253064 0.636977 0.046324 0.030052
0 0.033456 0.621733 0.010049 0.008275
0 0.00723 0.623693 0.008578 0.012195
0 0.684559 0.611498 0.020098 0.00784
0 0.549877 0.608232 0.0125 0.004791
0 0.888603 0.607578 0.011029 0.017422
0 0.760294 0.601699 0.012745 0.013502
0 0.06875 0.594077 0.01201 0.008711
0 0.331985 0.593641 0.010049 0.008711
0 0.047794 0.594948 0.009314 0.017422
0 0.981373 0.589068 0.008333 0.007404
0 0.01973 0.600828 0.032108 0.039634
0 0.185417 0.583841 0.017402 0.010017
0 0.747426 0.579704 0.015441 0.006969
0 0.770833 0.575348 0.010784 0.004355
0 0.210172 0.574913 0.010539 0.00784
0 0.525 0.573171 0.013725 0.00784
0 0.318382 0.571646 0.013235 0.008275
0 0.416912 0.570557 0.010294 0.00784
0 0.118995 0.570557 0.025735 0.023519
0 0.616054 0.579704 0.143873 0.052265
0 0.363971 0.561193 0.037745 0.016986
0 0.106005 0.554443 0.010049 0.013937
0 0.71826 0.550305 0.008578 0.007404
0 0.091667 0.549652 0.008824 0.011324
0 0.033333 0.548127 0.028922 0.019599
0 0.011642 0.544425 0.01348 0.016551
0 0.153431 0.540723 0.008333 0.010017
0 0.257966 0.550087 0.060539 0.031359
0 0.64902 0.535279 0.012255 0.004355
0 0.0625 0.541594 0.014706 0.026568
0 0.043382 0.529834 0.020098 0.012631
0 0.789583 0.514373 0.018382 0.010453
0 0.832598 0.508711 0.016667 0.00784
0 0.17598 0.504791 0.017647 0.017422
0 0.689338 0.497387 0.021324 0.008711
0 0.757475 0.497605 0.027206 0.016986
0 0.908578 0.52831 0.096569 0.089721
0 0.029779 0.48149 0.017892 0.022213
0 0.052083 0.471908 0.01348 0.016986
0 0.991544 0.460801 0.016912 0.006969
0 0.912623 0.434016 0.019363 0.03615
0 0.026716 0.436847 0.053431 0.041812
0 0.302696 0.420949 0.040686 0.063153
0 0.190074 0.392857 0.024265 0.011324
0 0.16875 0.387631 0.0125 0.005226
0 0.987377 0.401568 0.025245 0.060105
0 0.829534 0.369991 0.016912 0.015244
0 0.309926 0.370645 0.057598 0.042683
0 0.364216 0.354965 0.020098 0.016551
0 0.3375 0.330357 0.018627 0.016115
0 0.997426 0.331446 0.005147 0.028746
0 0.36201 0.295296 0.014216 0.018293
0 0.193505 0.298563 0.029167 0.027439
0 0.311275 0.289199 0.025 0.013937
0 0.271814 0.281359 0.005882 0.00784
0 0.263848 0.278746 0.010049 0.009582
0 0.133211 0.278528 0.010049 0.009146
0 0.996446 0.27831 0.007108 0.015679
0 0.326716 0.275697 0.026471 0.013937
0 0.162132 0.27047 0.006618 0.006969
0 0.807108 0.291594 0.084804 0.050958
0 0.175123 0.273084 0.006127 0.015679
0 0.95098 0.279181 0.006373 0.030488
0 0.761887 0.268075 0.023775 0.01176
0 0.958456 0.26176 0.008088 0.023519
0 0.931618 0.26176 0.039706 0.023519
0 0.858456 0.259582 0.023284 0.019164
0 0.796201 0.254355 0.021324 0.008711
0 0.630147 0.258493 0.021569 0.016986
0 0.372181 0.262195 0.005637 0.02439
0 0.158456 0.258711 0.03848 0.017422
