0 0.897445 0.996197 0.008681 0.007606
0 0.004836 0.993717 0.009673 0.012566
0 0.994792 0.880456 0.010417 0.010251
0 0.995412 0.869874 0.009177 0.010251
0 0.996528 0.847553 0.006944 0.01918
0 0.003844 0.603671 0.007688 0.019511
0 0.932664 0.595569 0.009177 0.007275
0 0.949529 0.595899 0.009673 0.013889
0 0.992932 0.590443 0.014137 0.045304
0 0.876984 0.571925 0.010913 0.012897
0 0.926835 0.536706 0.012897 0.011243
0 0.890997 0.535714 0.012153 0.011905
0 0.00744 0.526786 0.008929 0.009921
0 0.834945 0.523644 0.007192 0.007606
0 0.864707 0.521991 0.011657 0.022156
0 0.016369 0.521495 0.017857 0.040344
0 0.853795 0.503638 0.011161 0.02381
0 0.996776 0.497354 0.006448 0.01918
0 0.18068 0.470734 0.010665 0.011574
0 0.018849 0.470238 0.013889 0.011243
0 0.119668 0.467262 0.012153 0.007275
0 0.03063 0.470403 0.006696 0.014881
0 0.157862 0.460979 0.008185 0.006614
0 0.139509 0.462302 0.010665 0.012566
0 0.06498 0.473049 0.03125 0.036706
0 0.169023 0.457011 0.010665 0.009259
0 0.003348 0.448413 0.006696 0.017196
0 0.166543 0.428241 0.006696 0.006614
0 0.996652 0.424603 0.006696 0.018519
0 0.005084 0.423611 0.010169 0.025132
0 0.869668 0.441138 0.033978 0.103175
0 0.929688 0.388558 0.011657 0.006614
0 0.928075 0.373016 0.00496 0.009921
0 0.877108 0.370866 0.005704 0.006944
0 0.87004 0.376323 0.006944 0.018519
0 0.371404 0.365245 0.007192 0.013558
0 0.854415 0.341104 0.002976 0.012235
0 0.328249 0.331845 0.005704 0.023479
0 0.355531 0.330522 0.031994 0.021495
0 0.62872 0.321594 0.005456 0.006944
0 0.861483 0.320437 0.0062 0.008598
0 0.428571 0.301587 0.026786 0.026455
0 0.69308 0.294478 0.009177 0.013558
0 0.96875 0.289021 0.006944 0.01455
0 0.302951 0.280754 0.010665 0.009259
0 0.242436 0.280589 0.017113 0.01422
0 0.314236 0.280754 0.005952 0.016534
0 0.943452 0.279266 0.023313 0.016204
0 0.562624 0.279597 0.011161 0.016865
0 0.181052 0.280919 0.012897 0.020172
0 0.705357 0.274636 0.006448 0.012235
0 0.908978 0.273975 0.009425 0.011574
0 0.168651 0.272156 0.008433 0.015873
0 0.295139 0.265708 0.009425 0.007606
0 0.407614 0.271164 0.014137 0.019841
0 0.923735 0.273975 0.012649 0.026124
0 0.680308 0.278108 0.027778 0.039683
0 0.357763 0.264385 0.023562 0.023479
0 0.391617 0.260417 0.009425 0.016865
0 0.906994 0.256283 0.013889 0.012566
0 0.566592 0.253638 0.011657 0.007275
0 0.235863 0.262566 0.068948 0.025132
0 0.195809 0.256614 0.010169 0.013228
0 0.180556 0.261243 0.012401 0.022487
0 0.168031 0.257275 0.010169 0.01455
