0 0.744172 0.996858 0.007192 0.006283
0 0.300595 0.991898 0.009921 0.010913
0 0.006944 0.972388 0.013889 0.016204
0 0.953869 0.896495 0.015873 0.015873
0 0.931548 0.885747 0.011905 0.008267
0 0.954985 0.824901 0.006696 0.008267
0 0.927951 0.818452 0.007192 0.006614
0 0.913566 0.81961 0.022073 0.010913
0 0.966642 0.812831 0.008681 0.007275
0 0.936756 0.813988 0.008433 0.010251
0 0.890005 0.813161 0.018105 0.012566
0 0.700149 0.81002 0.022321 0.013558
0 0.912326 0.807209 0.005704 0.013228
0 0.684524 0.800099 0.019841 0.016865
0 0.017857 0.782903 0.035714 0.01422
0 0.775422 0.779266 0.010665 0.011574
0 0.042163 0.77629 0.010913 0.006944
0 0.746032 0.770503 0.004464 0.009921
0 0.035094 0.770337 0.008681 0.012235
0 0.759921 0.771164 0.018849 0.018519
0 0.65253 0.73545 0.008433 0.006614
0 0.59189 0.724537 0.011657 0.008598
0 0.553819 0.70916 0.010417 0.006283
0 0.651786 0.708168 0.007937 0.00959
0 0.722842 0.736111 0.086062 0.066138
0 0.753844 0.694114 0.009673 0.005952
0 0.518353 0.701058 0.06498 0.025794
0 0.747768 0.684028 0.012897 0.006283
0 0.664683 0.683862 0.030258 0.009921
0 0.463046 0.688327 0.019345 0.018849
0 0.960193 0.658565 0.009177 0.010913
0 0.927951 0.653604 0.010665 0.010913
0 0.908358 0.638724 0.007688 0.006283
0 0.254216 0.630952 0.015377 0.011905
0 0.156994 0.587467 0.003472 0.010251
0 0.974206 0.58664 0.015873 0.012566
0 0.879092 0.584821 0.010169 0.00959
0 0.134673 0.582341 0.014385 0.016534
0 0.987103 0.575562 0.012401 0.008929
0 0.934524 0.577546 0.009425 0.012897
0 0.857763 0.576224 0.009177 0.010251
0 0.889385 0.574074 0.008929 0.008598
0 0.996528 0.56994 0.006944 0.008267
0 0.867188 0.565311 0.009177 0.013558
0 0.950521 0.536872 0.009177 0.008267
0 0.615451 0.530919 0.006696 0.006944
0 0.018353 0.527778 0.006944 0.007937
0 0.006448 0.530919 0.010417 0.016865
0 0.947917 0.522983 0.008929 0.012235
0 0.176711 0.545966 0.03745 0.093915
0 0.050719 0.503142 0.012649 0.014881
0 0.019345 0.501819 0.03869 0.022817
0 0.206225 0.492725 0.02505 0.043651
0 0.949033 0.488922 0.010665 0.03869
0 0.13244 0.47619 0.022817 0.015212
0 0.963046 0.482639 0.020833 0.055886
0 0.546875 0.456019 0.011409 0.007937
0 0.250248 0.453208 0.017857 0.010251
0 0.150918 0.439815 0.014137 0.019841
0 0.063864 0.456019 0.127728 0.058862
0 0.136781 0.43039 0.011657 0.008267
0 0.343626 0.441964 0.076141 0.034061
0 0.236111 0.425265 0.010913 0.007275
0 0.117436 0.425761 0.010169 0.012235
0 0.912698 0.450893 0.045139 0.068452
0 0.076265 0.418155 0.010665 0.010913
0 0.147693 0.409722 0.008185 0.009259
0 0.052703 0.378803 0.005208 0.010913
0 0.156994 0.336971 0.00496 0.012566
0 0.024058 0.339782 0.048115 0.098214
0 0.835689 0.278108 0.010169 0.017196
0 0.845858 0.277778 0.012649 0.021164
0 0.453373 0.261409 0.005952 0.008929
0 0.733755 0.256779 0.008681 0.010251
0 0.776538 0.256779 0.00496 0.011574
0 0.485367 0.255126 0.009425 0.010251
