0 0.735739 0.994489 0.010169 0.011023
0 0.748388 0.992725 0.019593 0.01455
0 0.230903 0.992063 0.014881 0.015873
0 0.178571 0.988095 0.019841 0.02381
0 0.948909 0.975309 0.005952 0.011464
0 0.001984 0.972884 0.003968 0.012787
0 0.208829 0.976631 0.016865 0.021164
0 0.206225 0.965829 0.013641 0.020723
0 0.739335 0.971561 0.023313 0.037478
0 0.186756 0.952822 0.008929 0.027337
0 0.888889 0.945988 0.010913 0.016314
0 0.71627 0.934524 0.006944 0.007496
0 0.874504 0.930996 0.008929 0.011023
0 0.592014 0.935847 0.012897 0.020723
0 0.245412 0.934524 0.009177 0.035714
0 0.591766 0.914021 0.012897 0.029982
0 0.628844 0.904982 0.008185 0.015432
0 0.6188 0.888448 0.008433 0.022928
0 0.993056 0.885362 0.013889 0.021164
0 0.837302 0.880952 0.006944 0.012346
0 0.595858 0.887346 0.013641 0.025132
0 0.237351 0.886023 0.009921 0.033069
0 0.949281 0.858686 0.028026 0.018959
0 0.583581 0.856041 0.012897 0.015432
0 0.935888 0.847884 0.011657 0.008818
0 0.965774 0.84634 0.012401 0.012787
0 0.613219 0.844356 0.006696 0.014991
0 0.908358 0.835538 0.007688 0.0097
0 0.94494 0.838404 0.00744 0.017196
0 0.217634 0.835979 0.005704 0.014991
0 0.53001 0.838183 0.020833 0.02381
0 0.233755 0.833113 0.0062 0.013668
0 0.112599 0.841931 0.03125 0.040123
0 0.622272 0.829806 0.010913 0.0194
0 0.031126 0.886023 0.062252 0.152116
0 0.577381 0.807981 0.012401 0.018959
0 0.538566 0.804233 0.010665 0.025573
0 0.519717 0.781305 0.016121 0.021164
0 0.861607 0.777337 0.03125 0.039683
0 0.008061 0.775132 0.016121 0.048501
0 0.826141 0.757716 0.015873 0.018959
0 0.256076 0.747795 0.0062 0.014109
0 0.99814 0.711199 0.00372 0.027337
0 0.805184 0.709877 0.018105 0.024691
0 0.58755 0.680776 0.015377 0.007055
0 0.152406 0.678792 0.008185 0.011905
0 0.782614 0.660273 0.004216 0.011905
0 0.194072 0.677469 0.015625 0.053351
0 0.162946 0.654101 0.010913 0.047178
0 0.693452 0.599427 0.011409 0.011905
0 0.786706 0.601411 0.010417 0.022928
0 0.773934 0.593254 0.008681 0.023369
0 0.041791 0.588183 0.009673 0.014109
0 0.026166 0.587963 0.007688 0.017196
0 0.523934 0.601852 0.051835 0.051146
0 0.499504 0.571869 0.006944 0.010582
0 0.421131 0.573633 0.005952 0.014109
0 0.583953 0.566358 0.008681 0.011023
0 0.408482 0.564815 0.005456 0.0097
0 0.549727 0.565476 0.012153 0.011905
0 0.975818 0.564153 0.007688 0.013668
0 0.08755 0.568783 0.008433 0.038801
0 0.576885 0.555115 0.00496 0.012346
0 0.012649 0.568122 0.011409 0.040123
0 0.037698 0.555776 0.011905 0.017196
0 0.788938 0.550265 0.015377 0.024691
0 0.732763 0.516093 0.009177 0.008377
0 0.701265 0.529762 0.010665 0.045414
0 0.020709 0.512566 0.010169 0.013668
0 0.515377 0.508598 0.014385 0.011905
0 0.466022 0.507937 0.019841 0.014109
0 0.755456 0.547399 0.034722 0.102734
0 0.634673 0.499118 0.005456 0.021164
0 0.68068 0.513448 0.015625 0.058642
0 0.752728 0.490961 0.005456 0.016314
0 0.765377 0.488977 0.005456 0.015873
0 0.490699 0.493607 0.026538 0.025132
0 0.667411 0.485229 0.003968 0.018078
0 0.533482 0.483245 0.008433 0.037919
0 0.687376 0.47134 0.008185 0.024691
0 0.578001 0.468034 0.006696 0.019841
0 0.454117 0.448192 0.007937 0.019841
0 0.050471 0.465168 0.032986 0.058201
0 0.06064 0.44224 0.008681 0.02381
0 0.636409 0.445988 0.010913 0.039242
0 0.038814 0.428792 0.010169 0.008377
0 0.435144 0.449735 0.024058 0.053792
0 0.247396 0.41843 0.016121 0.013228
0 0.038442 0.414242 0.005456 0.011905
0 0.056424 0.416226 0.010665 0.017637
0 0.628844 0.408289 0.012153 0.007055
0 0.53807 0.420855 0.019097 0.051587
0 0.138641 0.378968 0.006448 0.016314
0 0.00186 0.375882 0.00372 0.012787
0 0.092014 0.367945 0.011409 0.011905
0 0.536706 0.361552 0.011409 0.049383
0 0.003968 0.34149 0.007937 0.018078
0 0.067336 0.341049 0.014137 0.018959
0 0.052579 0.364638 0.054067 0.078483
0 0.117684 0.334877 0.015129 0.021605
0 0.145585 0.34612 0.016369 0.046737
0 0.130456 0.323633 0.008929 0.015873
0 0.451265 0.366843 0.058284 0.107584
0 0.819196 0.320988 0.005456 0.016755
0 0.502604 0.367945 0.044395 0.12037
0 0.027158 0.314153 0.007688 0.016314
0 0.05506 0.309965 0.009425 0.010582
0 0.046131 0.300926 0.005456 0.016314
0 0.109375 0.307099 0.011905 0.037478
0 0.791171 0.296958 0.030754 0.026896
0 0.135045 0.289903 0.013641 0.018078
0 0.039187 0.289462 0.005952 0.018959
0 0.782242 0.277337 0.010913 0.010582
0 0.792907 0.275353 0.005952 0.010141
0 0.159474 0.268519 0.009921 0.013228
0 0.09499 0.258377 0.005952 0.008818
0 0.049479 0.258157 0.007192 0.008377
0 0.131324 0.263007 0.019097 0.020723
0 0.414559 0.268298 0.008185 0.033069
0 0.915427 0.256834 0.006944 0.011023
0 0.113343 0.258598 0.009425 0.016314
0 0.431548 0.262566 0.009921 0.025132
0 0.380084 0.271164 0.036954 0.042328
0 0.329861 0.266093 0.024802 0.032187
0 0.303199 0.263007 0.029018 0.026014
0 0.14881 0.286155 0.026786 0.07231
