0 0.819853 0.985598 0.007353 0.013587
0 0.445159 0.966848 0.015319 0.066304
0 0.867341 0.926087 0.015319 0.013043
0 0.441176 0.810598 0.007353 0.016848
0 0.667126 0.867663 0.043199 0.135326
0 0.918658 0.776902 0.008885 0.016848
0 0.811275 0.767663 0.007353 0.017935
0 0.944087 0.765761 0.008272 0.015217
0 0.738817 0.758152 0.007659 0.01413
0 0.9231 0.75163 0.018995 0.017391
0 0.776348 0.739946 0.057598 0.034239
0 0.742953 0.71413 0.023897 0.031522
0 0.03079 0.708424 0.018076 0.022283
0 0.946691 0.688315 0.015931 0.015761
0 0.978401 0.702446 0.043199 0.047283
0 0.768076 0.6875 0.007966 0.023913
0 0.629442 0.733967 0.044424 0.138587
0 0.640778 0.669022 0.010723 0.011957
0 0.922641 0.657609 0.025429 0.028261
0 0.729167 0.635598 0.010417 0.0125
0 0.609681 0.632609 0.008578 0.023913
0 0.76685 0.622826 0.014093 0.01087
0 0.882353 0.628533 0.028799 0.02663
0 0.590074 0.614674 0.026961 0.045652
0 0.012255 0.461957 0.02451 0.046739
0 0.633425 0.414402 0.012561 0.010326
0 0.575061 0.412228 0.009804 0.013587
0 0.04519 0.439946 0.064645 0.077717
0 0.068321 0.410326 0.032475 0.051087
0 0.005055 0.399457 0.01011 0.030435
0 0.074449 0.363315 0.011642 0.016848
0 0.914982 0.36875 0.012561 0.029891
0 0.892463 0.357337 0.020833 0.015761
0 0.955423 0.355163 0.01011 0.014674
0 0.598652 0.378261 0.018995 0.066304
0 0.011029 0.340217 0.009191 0.016304
0 0.712776 0.363859 0.016238 0.071196
0 0.57935 0.33587 0.00674 0.019565
0 0.642004 0.342663 0.016238 0.045109
0 0.745864 0.422554 0.064645 0.22663
0 0.573376 0.308424 0.011949 0.033152
0 0.602635 0.298641 0.019608 0.034239
0 0.668964 0.291033 0.01685 0.034239
0 0.16008 0.283967 0.007047 0.020109
0 0.973192 0.282065 0.02114 0.020652
0 0.706189 0.292663 0.00674 0.045109
0 0.581955 0.277717 0.013174 0.031522
0 0.995864 0.260326 0.008272 0.013043
0 0.631434 0.290761 0.03125 0.081522
0 0.571232 0.262772 0.011949 0.025543
