0 0.959201 0.996197 0.018601 0.007606
0 0.94308 0.989253 0.014633 0.016865
0 0.369296 0.989418 0.02877 0.021164
0 0.929067 0.975364 0.020833 0.023479
0 0.960193 0.875331 0.012153 0.009259
0 0.436136 0.836971 0.012649 0.012566
0 0.405134 0.823082 0.010169 0.012566
0 0.482267 0.684358 0.006696 0.005622
0 0.963294 0.618882 0.004464 0.013558
0 0.501612 0.569279 0.007688 0.049272
0 0.009177 0.491567 0.018353 0.018188
0 0.09995 0.484788 0.005456 0.009259
0 0.113715 0.473876 0.006696 0.007275
0 0.1219 0.459491 0.011161 0.012897
0 0.175223 0.437169 0.007192 0.006614
0 0.021577 0.437665 0.006448 0.013558
0 0.18564 0.419974 0.004712 0.016534
0 0.468502 0.414848 0.017857 0.007606
0 0.296627 0.41584 0.005952 0.010913
0 0.283234 0.411541 0.014385 0.008267
0 0.39943 0.407407 0.008185 0.007275
0 0.413318 0.410053 0.016121 0.027778
0 0.370164 0.400463 0.011657 0.015212
0 0.212798 0.393684 0.006944 0.018188
0 0.376488 0.388228 0.006448 0.008598
0 0.387525 0.391369 0.012649 0.017526
0 0.352679 0.385747 0.009425 0.016865
0 0.412326 0.379299 0.009673 0.009921
0 0.337426 0.37963 0.017113 0.010582
0 0.460069 0.371858 0.006944 0.00959
0 0.161706 0.369874 0.013889 0.007606
0 0.39943 0.359292 0.007192 0.008267
0 0.794767 0.362765 0.00372 0.01918
0 0.00558 0.349702 0.011161 0.010251
0 0.326141 0.347057 0.006944 0.006944
0 0.174231 0.354001 0.011161 0.022156
0 0.527902 0.355489 0.03249 0.026455
0 0.975322 0.350529 0.0062 0.02381
0 0.546255 0.333664 0.009673 0.005291
0 0.247024 0.33631 0.013889 0.016534
0 0.550099 0.325893 0.010913 0.004299
0 0.185268 0.330688 0.012401 0.013889
0 0.230283 0.359788 0.122768 0.083333
0 0.564608 0.321594 0.018105 0.010913
0 0.111607 0.316303 0.006448 0.020833
0 0.186508 0.306548 0.016369 0.011905
0 0.668775 0.273479 0.00372 0.01918
0 0.949653 0.278604 0.100694 0.057209
0 0.855655 0.287698 0.089286 0.075397
0 0.465154 0.258763 0.008185 0.017526
0 0.18564 0.26703 0.020585 0.034061
0 0.127108 0.294974 0.081597 0.089947
