0 0.005208 0.99537 0.007937 0.009259
0 0.591642 0.988757 0.005704 0.006614
0 0.067584 0.989583 0.010169 0.010251
0 0.019097 0.992229 0.018353 0.015542
0 0.862847 0.984623 0.008929 0.006283
0 0.147693 0.986276 0.006696 0.00959
0 0.40439 0.990245 0.019097 0.019511
0 0.385913 0.984788 0.006448 0.013228
0 0.520213 0.987765 0.019097 0.024471
0 0.679315 0.977679 0.005952 0.011574
0 0.585938 0.973214 0.010665 0.012566
0 0.448165 0.971726 0.005952 0.00959
0 0.024678 0.972222 0.016121 0.010582
0 0.156126 0.972388 0.011657 0.01422
0 0.779142 0.969246 0.012153 0.008598
0 0.186136 0.970073 0.009673 0.010251
0 0.759177 0.968419 0.008929 0.010251
0 0.639757 0.974206 0.009673 0.022487
0 0.202505 0.968089 0.016617 0.016865
0 0.511285 0.969907 0.021081 0.021164
0 0.831101 0.965443 0.005456 0.01422
0 0.723586 0.959491 0.008681 0.005622
0 0.043899 0.951554 0.011409 0.005622
0 0.003844 0.951389 0.007688 0.006614
0 0.413938 0.950893 0.007937 0.00959
0 0.168155 0.953869 0.015377 0.021495
0 0.607019 0.948247 0.020089 0.018849
0 0.548487 0.941964 0.005704 0.008267
0 0.853919 0.942791 0.006448 0.010582
0 0.761161 0.939319 0.008433 0.006283
0 0.917411 0.941468 0.006448 0.01455
0 0.529142 0.937831 0.006696 0.007275
0 0.297495 0.938327 0.008185 0.010913
0 0.967882 0.940642 0.007688 0.017526
0 0.650918 0.936012 0.010169 0.00959
0 0.319444 0.936673 0.010913 0.010913
0 0.580853 0.938823 0.022321 0.015873
0 0.788442 0.933862 0.005456 0.008598
0 0.491195 0.930556 0.007192 0.005952
0 0.734747 0.928737 0.011161 0.006944
0 0.430556 0.93006 0.006944 0.010251
0 0.820685 0.92543 0.005456 0.014881
0 0.37686 0.9208 0.013641 0.006944
0 0.790055 0.921958 0.009673 0.011905
0 0.74566 0.925099 0.008681 0.018188
0 0.934524 0.917328 0.011905 0.007937
0 0.68006 0.914683 0.008433 0.007275
0 0.75744 0.911872 0.005952 0.008267
0 0.769965 0.909722 0.007192 0.007275
0 0.587426 0.913856 0.009673 0.016865
0 0.796875 0.907573 0.009425 0.008929
0 0.418527 0.914352 0.02753 0.025132
0 0.5687 0.906911 0.011409 0.010913
0 0.390377 0.904101 0.007937 0.007275
0 0.699033 0.901455 0.007192 0.007937
0 0.786334 0.903604 0.008681 0.013558
0 0.375124 0.903604 0.008185 0.014881
0 0.194196 0.901455 0.022817 0.01455
0 0.449529 0.897652 0.012649 0.008267
0 0.168899 0.884755 0.030754 0.011574
0 0.03373 0.905258 0.06746 0.063823
0 0.115451 0.877149 0.009177 0.008929
0 0.095486 0.873512 0.009425 0.007606
0 0.167287 0.870866 0.007688 0.00959
0 0.1813 0.865079 0.011409 0.011905
0 0.193204 0.86045 0.00744 0.007937
0 0.153026 0.860284 0.007937 0.010913
0 0.066468 0.875661 0.046627 0.042989
0 0.012649 0.86293 0.025298 0.025463
0 0.168403 0.852844 0.00744 0.010582
0 0.637649 0.529431 0.023313 0.006614
0 0.628968 0.503803 0.017857 0.006944
0 0.696181 0.497851 0.029762 0.011574
0 0.995536 0.486938 0.008929 0.02414
0 0.004092 0.464947 0.005704 0.009259
0 0.101811 0.460317 0.008681 0.005952
0 0.685392 0.458995 0.0563 0.025132
0 0.936136 0.436012 0.010665 0.012235
0 0.137897 0.439153 0.022817 0.028439
0 0.957589 0.437169 0.017857 0.029762
0 0.983259 0.428902 0.033482 0.019841
0 0.011409 0.423942 0.022817 0.011905
0 0.183284 0.406911 0.005952 0.006283
0 0.03125 0.408565 0.014881 0.010251
0 0.678075 0.400959 0.012897 0.008929
0 0.262525 0.402116 0.021081 0.011905
0 0.703869 0.395999 0.019841 0.010251
0 0.02691 0.390873 0.035962 0.016534
0 0.83941 0.380291 0.014137 0.013228
0 0.083457 0.383102 0.024058 0.019511
0 0.011533 0.359127 0.009177 0.007275
0 0.242684 0.369213 0.026538 0.02877
0 0.2562 0.3583 0.012401 0.011574
0 0.16369 0.351521 0.012897 0.008598
0 0.806548 0.352348 0.006944 0.014881
0 0.115203 0.329696 0.010665 0.017196
0 0.972594 0.327712 0.013145 0.013889
0 0.573909 0.321263 0.015873 0.014881
0 0.15997 0.322586 0.015873 0.02877
0 0.148934 0.301753 0.007192 0.00496
0 0.591518 0.300761 0.004464 0.00959
0 0.834077 0.298446 0.007937 0.006944
0 0.75 0.280423 0.006944 0.005952
0 0.158606 0.283069 0.012649 0.012566
0 0.201761 0.286541 0.020585 0.026786
0 0.002728 0.279101 0.005456 0.01455
0 0.896577 0.303571 0.053571 0.082011
0 0.58631 0.266534 0.007937 0.017196
0 0.460689 0.262566 0.003224 0.01455
0 0.407118 0.266369 0.0062 0.027447
0 0.834697 0.261574 0.014137 0.01918
0 0.938492 0.270833 0.039683 0.03836
0 0.416171 0.262401 0.005456 0.023479
0 0.869668 0.268353 0.011657 0.036706
0 0.512029 0.262897 0.008185 0.025794
0 0.488839 0.258598 0.012897 0.017196
0 0.453869 0.259921 0.003472 0.019841
0 0.445685 0.260251 0.003968 0.020503
0 0.374008 0.256448 0.004464 0.012897
0 0.27877 0.314319 0.021825 0.128638
0 0.226687 0.294808 0.025298 0.089616
0 0.190972 0.252149 0.014881 0.004299
0 0.147445 0.254795 0.016617 0.00959
0 0.105283 0.257606 0.016121 0.015212
0 0.083829 0.28836 0.022817 0.07672
0 0.030258 0.306382 0.025298 0.112765
0 0.010417 0.267361 0.016865 0.034722
