0 0.291667 0.992063 0.003968 0.015873
0 0.360987 0.828208 0.009673 0.014881
0 0.399802 0.795966 0.010417 0.009259
0 0.375496 0.790179 0.009921 0.01422
0 0.402282 0.747189 0.006448 0.010251
0 0.409846 0.737599 0.008185 0.008267
0 0.417287 0.702712 0.009177 0.01455
0 0.067832 0.623016 0.012649 0.005952
0 0.693452 0.606812 0.009425 0.007275
0 0.726314 0.575562 0.0062 0.016204
0 0.59251 0.522652 0.02877 0.008929
0 0.618924 0.520337 0.016617 0.04332
0 0.181176 0.495701 0.010169 0.021164
0 0.951017 0.488591 0.006696 0.010251
0 0.094494 0.489253 0.021329 0.015542
0 0.583581 0.47371 0.006448 0.006944
0 0.795387 0.473545 0.014385 0.011905
0 0.774926 0.472718 0.005208 0.010913
0 0.074529 0.484458 0.005704 0.036376
0 0.646453 0.471396 0.006696 0.010913
0 0.623884 0.471892 0.009177 0.011905
0 0.578621 0.467427 0.007937 0.008267
0 0.667907 0.466601 0.009425 0.008598
0 0.547991 0.467097 0.010665 0.010913
0 0.859375 0.463955 0.00744 0.007937
0 0.597718 0.486442 0.03869 0.056878
0 0.632937 0.464947 0.009921 0.01455
0 0.758681 0.46379 0.003472 0.01422
0 0.417535 0.448082 0.014137 0.006614
0 0.869792 0.449239 0.010417 0.010251
0 0.921255 0.438988 0.012153 0.010251
0 0.21193 0.452216 0.040923 0.036706
0 0.46565 0.436839 0.010169 0.008598
0 0.302331 0.437169 0.005456 0.010582
0 0.58817 0.439319 0.018601 0.018188
0 0.414931 0.434193 0.008929 0.007937
0 0.857887 0.43287 0.010913 0.007275
0 0.834573 0.436839 0.012401 0.015212
0 0.874008 0.429894 0.007937 0.011243
0 0.274182 0.42791 0.013641 0.010582
0 0.894841 0.428737 0.006944 0.012897
0 0.834697 0.423942 0.010665 0.005291
0 0.367436 0.424934 0.007192 0.010582
0 0.332713 0.423776 0.005704 0.008929
0 0.113343 0.449239 0.058532 0.059854
0 0.582837 0.419974 0.008929 0.00463
0 0.344494 0.42328 0.012401 0.011243
0 0.166047 0.445602 0.040923 0.065146
0 0.432664 0.414517 0.011657 0.008267
0 0.211682 0.416832 0.041915 0.030093
0 0.430184 0.402447 0.016121 0.007275
0 0.097966 0.406581 0.027778 0.021495
0 0.167659 0.404597 0.038194 0.020172
0 0.719742 0.453538 0.049603 0.122685
0 0.448661 0.396164 0.009425 0.01455
0 0.647197 0.393022 0.004216 0.022156
0 0.182044 0.377646 0.008929 0.005291
0 0.751116 0.372685 0.011161 0.006614
0 0.78869 0.368386 0.010417 0.013228
0 0.014137 0.361276 0.013393 0.010251
0 0.766617 0.36078 0.012401 0.009921
0 0.716518 0.359458 0.011409 0.012566
0 0.755952 0.356812 0.003968 0.009921
0 0.78497 0.35119 0.022321 0.010582
0 0.770461 0.346065 0.008185 0.007606
0 0.707713 0.34127 0.010169 0.007275
0 0.008185 0.339616 0.011905 0.012566
0 0.828993 0.350694 0.102431 0.094246
0 0.74566 0.324901 0.059276 0.055886
0 0.674107 0.299934 0.011905 0.008598
0 0.112351 0.284061 0.008433 0.005952
0 0.093378 0.279431 0.02505 0.009259
0 0.992063 0.267196 0.015873 0.015873
