0 0.941299 0.995645 0.006127 0.008711
0 0.45625 0.995645 0.01348 0.008711
0 0.141176 0.993685 0.006373 0.012631
0 0.956005 0.987587 0.021324 0.024826
0 0.093137 0.94926 0.010784 0.012631
0 0.137623 0.942073 0.010539 0.012195
0 0.014583 0.955139 0.029167 0.053136
0 0.033578 0.930531 0.008824 0.012631
0 0.043137 0.92966 0.008824 0.014373
0 0.166299 0.926829 0.006127 0.013937
0 0.052941 0.928354 0.011765 0.021341
0 0.84424 0.923127 0.011029 0.013502
0 0.08174 0.931838 0.040441 0.037021
0 0.090931 0.956228 0.181863 0.087544
0 0.176593 0.921603 0.01201 0.023519
0 0.231127 0.906359 0.009804 0.018293
0 0.812745 0.88284 0.006373 0.009582
0 0.088113 0.881969 0.007598 0.012195
0 0.02549 0.900479 0.05098 0.069251
0 0.070956 0.884364 0.053186 0.071864
0 0.274142 0.853876 0.005147 0.013502
0 0.116912 0.824042 0.020588 0.019164
0 0.085049 0.842988 0.035784 0.063153
0 0.141422 0.813807 0.010294 0.012631
0 0.029044 0.812718 0.007598 0.012195
0 0.071814 0.810758 0.013725 0.01176
0 0.058701 0.804007 0.008088 0.011324
0 0.02549 0.835584 0.05098 0.081446
0 0.244118 0.797692 0.005882 0.012631
0 0.074632 0.783319 0.006127 0.012631
0 0.254289 0.781794 0.01299 0.021777
0 0.008333 0.777221 0.016667 0.018728
0 0.029779 0.774608 0.008088 0.014373
0 0.280025 0.774172 0.018382 0.023084
0 0.017034 0.763284 0.007108 0.009146
0 0.288603 0.747822 0.017402 0.012195
0 0.329534 0.748258 0.007108 0.013937
0 0.024387 0.747822 0.004167 0.013937
0 0.339828 0.738023 0.008578 0.015244
0 0.049755 0.705139 0.016667 0.018293
0 0.335294 0.610192 0.004412 0.033101
0 0.627819 0.560976 0.010049 0.015679
0 0.335417 0.561411 0.004657 0.030488
0 0.314951 0.501742 0.008824 0.010453
0 0.032108 0.489547 0.010784 0.006969
0 0.313971 0.482361 0.006373 0.014373
0 0.040441 0.47953 0.013725 0.018293
0 0.647549 0.520035 0.037745 0.100174
0 0.651348 0.474739 0.011029 0.021777
0 0.098897 0.462108 0.010539 0.009582
0 0.077819 0.462979 0.013971 0.011324
0 0.809681 0.457535 0.01152 0.012631
0 0.663848 0.455357 0.005637 0.017857
0 0.143505 0.453615 0.035049 0.022213
0 0.015564 0.444251 0.006618 0.010453
0 0.967279 0.440549 0.007598 0.030052
0 0.958211 0.427265 0.011029 0.006098
0 0.857108 0.441855 0.025 0.040505
0 0.981495 0.431185 0.01201 0.021777
0 0.008211 0.422909 0.010539 0.011324
0 0.689706 0.419861 0.007843 0.034843
0 0.587745 0.404181 0.004902 0.010453
0 0.980147 0.396124 0.010784 0.012631
0 0.858701 0.397213 0.031127 0.028746
0 0.59473 0.397213 0.008088 0.028746
0 0.675245 0.375 0.017157 0.013066
0 0.659804 0.393293 0.020588 0.054007
0 0.713603 0.365418 0.008578 0.017422
0 0.68652 0.388066 0.043627 0.0723
0 0.645588 0.368685 0.005882 0.035279
0 0.569975 0.375218 0.053186 0.050087
0 0.526348 0.353441 0.004657 0.013502
0 0.262132 0.347779 0.005637 0.01176
0 0.337132 0.368467 0.0375 0.06446
0 0.138971 0.34277 0.006373 0.013066
0 0.212623 0.337326 0.009559 0.012631
0 0.053922 0.337326 0.012255 0.015244
0 0.198529 0.352134 0.017647 0.045732
0 0.380882 0.332317 0.030392 0.017422
0 0.063113 0.320122 0.011029 0.013066
0 0.701593 0.323171 0.004657 0.020906
0 0.397917 0.30074 0.028676 0.016115
0 0.145221 0.298345 0.010049 0.013066
0 0.528676 0.31054 0.032843 0.049652
0 0.153554 0.290723 0.006127 0.01176
0 0.508578 0.277221 0.005882 0.009146
0 0.552083 0.270035 0.006618 0.010453
0 0.624265 0.300087 0.047549 0.073171
0 0.325368 0.269164 0.006618 0.012195
0 0.160907 0.27047 0.0125 0.017422
0 0.341299 0.258929 0.004657 0.014373
0 0.525 0.262195 0.023039 0.022648
0 0.670098 0.296385 0.02549 0.09277
0 0.628309 0.257404 0.017402 0.014808
0 0.360662 0.268075 0.019363 0.03615
0 0.225368 0.254138 0.021324 0.008275
