0 0.599702 0.992945 0.013393 0.008818
0 0.455853 0.99052 0.00744 0.018959
0 0.440476 0.978175 0.007937 0.013668
0 0.475942 0.975309 0.015377 0.008818
0 0.574157 0.976852 0.008929 0.022487
0 0.498264 0.978616 0.026786 0.042769
0 0.434896 0.965388 0.020089 0.016314
0 0.541419 0.966931 0.02877 0.024691
0 0.492312 0.958554 0.009425 0.02381
0 0.53187 0.945988 0.007192 0.012787
0 0.466146 0.941799 0.004216 0.014109
0 0.575769 0.938492 0.018105 0.021605
0 0.49566 0.925485 0.0062 0.02381
0 0.50372 0.91336 0.006944 0.01455
0 0.539559 0.914903 0.023065 0.02381
0 0.510293 0.925705 0.013641 0.073633
0 0.471726 0.882937 0.020833 0.018078
0 0.401786 0.880071 0.037698 0.04321
0 0.5 0.85119 0.095238 0.12037
0 0.447049 0.806437 0.036954 0.046737
0 0.537574 0.760141 0.004216 0.018519
0 0.508061 0.761905 0.039435 0.056437
0 0.478175 0.745811 0.011905 0.037478
0 0.494048 0.726852 0.009921 0.009259
0 0.553075 0.710979 0.006944 0.011023
0 0.070809 0.703483 0.016121 0.012787
0 0.040179 0.695547 0.016865 0.008377
0 0.259673 0.686949 0.009425 0.015873
0 0.528522 0.691138 0.005952 0.02866
0 0.088666 0.684303 0.066716 0.026455
0 0.114831 0.669533 0.025794 0.015432
0 0.4938 0.655864 0.019841 0.018078
0 0.15935 0.650794 0.014633 0.008818
0 0.356275 0.647487 0.012153 0.010141
0 0.811508 0.602072 0.015377 0.02866
0 0.788938 0.596561 0.029266 0.022928
0 0.805556 0.553351 0.034226 0.017637
0 0.78435 0.547178 0.013145 0.011464
0 0.733135 0.541005 0.005952 0.015873
0 0.58879 0.492945 0.006944 0.035273
0 0.627728 0.455026 0.018849 0.016755
0 0.624752 0.43761 0.011905 0.019841
0 0.651166 0.42306 0.007192 0.018078
0 0.524306 0.397707 0.006944 0.022928
0 0.499008 0.348765 0.00496 0.021164
0 0.68192 0.333995 0.024058 0.03836
0 0.669147 0.327381 0.019841 0.032187
0 0.650546 0.311287 0.009921 0.025573
0 0.512029 0.301146 0.005704 0.011464
0 0.396081 0.272487 0.013889 0.044974
0 0.381324 0.292328 0.013641 0.084656
0 0.356027 0.352513 0.03249 0.205026
0 0.056176 0.255732 0.008185 0.011464
