0 0.736979 0.963128 0.008185 0.012235
0 0.931176 0.957011 0.006696 0.009259
0 0.688864 0.950397 0.02505 0.013889
0 0.867436 0.936839 0.010169 0.013889
0 0.694692 0.934358 0.013393 0.012897
0 0.65625 0.926918 0.017857 0.011905
0 0.682912 0.926753 0.017609 0.012897
0 0.917163 0.919643 0.00744 0.007275
0 0.051339 0.922454 0.006448 0.018188
0 0.663318 0.908896 0.007688 0.006283
0 0.567584 0.905093 0.0062 0.011905
0 0.679812 0.89914 0.007937 0.005291
0 0.84561 0.894676 0.015625 0.005622
0 0.687872 0.885582 0.008681 0.010582
0 0.714658 0.883763 0.03745 0.016865
0 0.171751 0.877315 0.007192 0.009259
0 0.861607 0.880456 0.032738 0.025463
0 0.78249 0.874173 0.014385 0.015542
0 0.804067 0.873347 0.03125 0.021825
0 0.938616 0.903439 0.122768 0.08664
0 0.746776 0.863261 0.007937 0.012235
0 0.852927 0.854993 0.023313 0.010251
0 0.705977 0.854663 0.010665 0.019511
0 0.720734 0.849702 0.008929 0.011574
0 0.704489 0.837632 0.0062 0.007937
0 0.564608 0.835152 0.010169 0.006283
0 0.806424 0.845569 0.058284 0.034392
0 0.767485 0.83416 0.012649 0.012897
0 0.587302 0.836806 0.022817 0.018849
0 0.581845 0.822751 0.006448 0.006614
0 0.545387 0.828208 0.029762 0.018188
0 0.607515 0.822421 0.006696 0.009921
0 0.970734 0.820602 0.011905 0.008929
0 0.527158 0.814319 0.007192 0.006944
0 0.56684 0.819444 0.014633 0.022487
0 0.002852 0.815642 0.005704 0.014881
0 0.700893 0.825562 0.025794 0.037368
0 0.553943 0.810847 0.007192 0.008598
0 0.521453 0.808862 0.005208 0.007937
0 0.588666 0.799934 0.008681 0.007275
0 0.608259 0.802579 0.02753 0.022487
0 0.636161 0.796131 0.021825 0.011574
0 0.591394 0.792493 0.007688 0.005622
0 0.602555 0.787368 0.011161 0.008598
0 0.012525 0.788194 0.005208 0.013558
0 0.994916 0.783896 0.010169 0.007606
0 0.020833 0.783399 0.013393 0.017196
0 0.579365 0.788856 0.02629 0.02877
0 0.539807 0.775132 0.0062 0.007275
0 0.833457 0.75744 0.009673 0.007606
0 0.581721 0.758267 0.007688 0.009921
0 0.567708 0.757937 0.008929 0.009259
0 0.610243 0.765046 0.039435 0.029431
0 0.013765 0.761739 0.02753 0.024802
0 0.647569 0.741237 0.005456 0.007606
0 0.007937 0.742229 0.015873 0.010913
0 0.664187 0.734623 0.024802 0.018849
0 0.745536 0.724702 0.006944 0.008929
0 0.734375 0.720569 0.011905 0.009259
0 0.708457 0.717097 0.005208 0.007606
0 0.732639 0.69461 0.010417 0.014881
0 0.753968 0.685847 0.008433 0.006614
0 0.013889 0.708333 0.027778 0.054233
0 0.711558 0.682374 0.005952 0.010251
0 0.72061 0.67295 0.015625 0.011905
0 0.976066 0.670966 0.009177 0.013228
0 0.699529 0.667493 0.009673 0.008929
0 0.943948 0.666336 0.035218 0.02381
0 0.704489 0.657903 0.010169 0.007606
0 0.971106 0.657242 0.008185 0.008267
0 0.968998 0.647817 0.00744 0.007937
0 0.964906 0.63955 0.008681 0.006614
0 0.952753 0.642196 0.015625 0.016534
0 0.814608 0.625827 0.009673 0.007606
0 0.964286 0.626984 0.004464 0.010582
0 0.119172 0.604001 0.010169 0.010251
0 0.991567 0.602679 0.016865 0.016865
0 0.984747 0.593915 0.005704 0.007275
0 0.211186 0.598876 0.011161 0.018519
0 0.941964 0.575066 0.016369 0.013889
0 0.144593 0.574735 0.00744 0.01455
0 0.02877 0.567626 0.010417 0.012897
0 0.015129 0.620866 0.030258 0.123347
0 0.134301 0.563823 0.006696 0.010582
0 0.234623 0.562335 0.009921 0.01422
0 0.953869 0.558697 0.007937 0.012235
0 0.972842 0.553075 0.008185 0.022156
0 0.132937 0.5458 0.007937 0.016204
0 0.115947 0.534226 0.013145 0.00496
0 0.170635 0.534557 0.020337 0.012235
0 0.459077 0.525959 0.00744 0.008267
0 0.470858 0.523148 0.017113 0.009921
0 0.488467 0.518849 0.007688 0.006614
0 0.994048 0.504464 0.011905 0.006283
0 0.073289 0.503968 0.022569 0.02381
0 0.044395 0.503968 0.024306 0.02381
0 0.014633 0.505456 0.029266 0.026786
0 0.110243 0.5 0.041419 0.03373
0 0.554688 0.484623 0.013641 0.008929
0 0.445561 0.485615 0.009673 0.010913
0 0.186756 0.467427 0.019345 0.013558
0 0.160466 0.46627 0.026786 0.01455
0 0.130084 0.465608 0.026538 0.016534
0 0.100322 0.463955 0.023562 0.015873
0 0.393849 0.455853 0.03373 0.017526
0 0.365823 0.453373 0.018849 0.015212
0 0.81622 0.446594 0.006944 0.008929
0 0.22247 0.448743 0.048611 0.015212
0 0.166915 0.444279 0.016369 0.01422
0 0.136409 0.441799 0.038194 0.016534
0 0.887277 0.432374 0.0062 0.008929
0 0.647197 0.451554 0.089534 0.061177
0 0.605283 0.416997 0.007688 0.011243
0 0.119048 0.409061 0.03373 0.017196
0 0.760789 0.436508 0.053819 0.083333
0 0.074529 0.403274 0.03001 0.018188
0 0.027406 0.398975 0.054812 0.018849
0 0.266617 0.378803 0.003968 0.011574
0 0.805184 0.369378 0.008681 0.007937
0 0.90005 0.356151 0.00744 0.007275
0 0.809896 0.357804 0.007192 0.012566
0 0.949901 0.356978 0.007937 0.014881
0 0.804563 0.352183 0.006448 0.006614
0 0.790427 0.322586 0.009425 0.011574
0 0.87562 0.305721 0.008681 0.006944
0 0.865079 0.303571 0.005456 0.007937
0 0.690972 0.304563 0.008929 0.009921
0 0.859375 0.299107 0.007937 0.008267
0 0.813368 0.291667 0.005208 0.011243
0 0.145461 0.279597 0.009673 0.005622
0 0.891989 0.271991 0.0062 0.008929
0 0.145585 0.270833 0.104663 0.039021
0 0.713542 0.255622 0.006448 0.011243
0 0.041171 0.252976 0.006944 0.005952
