0 0.796627 0.993607 0.016865 0.012787
0 0.882316 0.98545 0.013641 0.029101
0 0.974206 0.964065 0.051587 0.02866
0 0.884053 0.958333 0.017113 0.023369
0 0.964286 0.911376 0.007937 0.016755
0 0.882192 0.893298 0.013393 0.014109
0 0.911582 0.890212 0.012649 0.010582
0 0.880208 0.867284 0.014385 0.007937
0 0.730283 0.796296 0.011161 0.021164
0 0.899306 0.694004 0.012897 0.020282
0 0.90935 0.582231 0.010169 0.008377
0 0.844618 0.544533 0.010665 0.011464
0 0.955605 0.527557 0.010913 0.007496
0 0.837674 0.50485 0.004216 0.020282
0 0.96875 0.496032 0.016865 0.007937
0 0.970238 0.559524 0.059524 0.13933
0 0.703125 0.4806 0.017361 0.015873
0 0.841518 0.461861 0.004464 0.019841
0 0.767981 0.449074 0.005208 0.011023
0 0.717634 0.443122 0.005704 0.012346
0 0.785714 0.427249 0.005456 0.020282
0 0.606895 0.407407 0.003968 0.017637
0 0.795387 0.404982 0.005456 0.029541
0 0.385169 0.38933 0.012897 0.006173
0 0.696553 0.395062 0.007688 0.028219
0 0.423859 0.350088 0.007937 0.010582
0 0.22061 0.363536 0.030506 0.041887
0 0.636533 0.372134 0.013145 0.097884
0 0.741691 0.364198 0.019097 0.093474
0 0.433656 0.319444 0.006696 0.008377
0 0.550223 0.318122 0.007688 0.012787
0 0.652034 0.311508 0.003472 0.016314
0 0.665923 0.296076 0.015377 0.005732
0 0.652902 0.294753 0.007192 0.011905
0 0.608011 0.288801 0.006696 0.011464
0 0.813988 0.363536 0.089286 0.164462
0 0.491443 0.2694 0.009177 0.030864
0 0.5062 0.268519 0.00744 0.034392
0 0.480903 0.25948 0.00496 0.018078
0 0.456969 0.272707 0.009177 0.044533
0 0.821057 0.263228 0.018601 0.026455
0 0.747644 0.27403 0.029018 0.04806
0 0.651042 0.257055 0.015377 0.014109
0 0.471478 0.255952 0.009425 0.011905
