0 0.06633 0.986141 0.026042 0.027717
0 0.086091 0.978261 0.007966 0.015217
0 0.0144 0.815217 0.016544 0.023913
0 0.028186 0.801902 0.01348 0.022283
0 0.310968 0.794293 0.008578 0.011413
0 0.333027 0.766576 0.008578 0.010326
0 0.095895 0.774457 0.088848 0.070652
0 0.144455 0.742935 0.008272 0.01413
0 0.151961 0.730978 0.011029 0.017391
0 0.80913 0.726087 0.012255 0.013043
0 0.785692 0.714402 0.019914 0.021196
0 0.175245 0.715217 0.026348 0.023913
0 0.851716 0.71087 0.007353 0.017391
0 0.764093 0.699457 0.018382 0.016304
0 0.751072 0.688859 0.0144 0.013587
0 0.199602 0.689946 0.02114 0.017935
0 0.229473 0.67038 0.036152 0.030978
0 0.145527 0.641576 0.031863 0.016848
0 0.766085 0.641848 0.018689 0.032609
0 0.554534 0.627717 0.007353 0.020652
0 0.219056 0.625272 0.01777 0.024457
0 0.241575 0.60788 0.024203 0.030978
0 0.265012 0.59375 0.011642 0.0125
0 0.288756 0.576087 0.013174 0.015217
0 0.034314 0.61087 0.068627 0.13913
0 0.022825 0.547283 0.022978 0.019565
0 0.050398 0.539402 0.024816 0.036413
0 0.376991 0.537772 0.04136 0.052717
0 0.40671 0.517935 0.019914 0.019565
0 0.125919 0.515761 0.007353 0.018478
0 0.015472 0.520652 0.026654 0.028261
0 0.049173 0.50788 0.011336 0.011413
0 0.057445 0.500815 0.013174 0.020109
0 0.414982 0.481793 0.008272 0.0125
0 0.424479 0.485598 0.007659 0.021196
0 0.128523 0.488859 0.008272 0.029891
0 0.224112 0.46875 0.008885 0.0125
0 0.060509 0.473913 0.019301 0.022826
0 0.544118 0.464674 0.018382 0.017391
0 0.571232 0.459239 0.006434 0.016304
0 0.599571 0.456522 0.006127 0.017391
0 0.579504 0.455707 0.003983 0.022283
0 0.454657 0.461413 0.028799 0.051087
0 0.136642 0.444837 0.009804 0.028804
0 0.598346 0.447011 0.02451 0.0375
0 0.293964 0.444293 0.01011 0.036413
0 0.469975 0.429076 0.00674 0.021196
0 0.458027 0.418207 0.009804 0.022283
0 0.706648 0.408424 0.008272 0.017935
0 0.592525 0.405435 0.014093 0.011957
0 0.538603 0.405163 0.018382 0.020109
0 0.282782 0.39837 0.009191 0.009783
0 0.636795 0.400543 0.007047 0.015217
0 0.454044 0.395924 0.012255 0.010326
0 0.580423 0.4 0.003983 0.019565
0 0.505668 0.401902 0.037684 0.032065
0 0.563266 0.398098 0.019914 0.030978
0 0.70818 0.379348 0.006434 0.011957
0 0.293045 0.37663 0.018076 0.020652
0 0.219669 0.401359 0.020833 0.091848
0 0.424939 0.355978 0.00674 0.015217
0 0.205882 0.355707 0.012255 0.034239
0 0.691023 0.333424 0.010723 0.020109
0 0.161458 0.32962 0.005515 0.02337
0 0.147672 0.297283 0.020833 0.017391
0 0.00383 0.296467 0.007659 0.019022
0 0.488511 0.29212 0.01011 0.014674
0 0.854933 0.29212 0.011336 0.034239
0 0.771446 0.289946 0.050858 0.079891
0 0.715993 0.295652 0.047794 0.091304
0 0.465993 0.267391 0.018995 0.034783
0 0.247396 0.269837 0.02788 0.039674
0 0.203431 0.281793 0.032475 0.063587
0 0.172335 0.268207 0.029105 0.036413
