0 0.503968 0.994709 0.013889 0.010582
0 0.324529 0.993552 0.004216 0.012897
0 0.300719 0.991898 0.021577 0.016204
0 0.535094 0.980489 0.009673 0.017857
0 0.331597 0.975529 0.008929 0.010582
0 0.553695 0.97371 0.020585 0.016865
0 0.848834 0.977348 0.015625 0.024802
0 0.572297 0.965278 0.009177 0.006614
0 0.357639 0.979167 0.042659 0.041667
0 0.789435 0.966104 0.018849 0.016865
0 0.986731 0.962467 0.013641 0.020172
0 0.413814 0.940146 0.008185 0.008598
0 0.397569 0.882606 0.009425 0.008598
0 0.541543 0.881614 0.005704 0.01455
0 0.461682 0.881779 0.009177 0.016865
0 0.411954 0.877149 0.013889 0.008929
0 0.616319 0.871197 0.008929 0.012897
0 0.626116 0.85119 0.009177 0.009921
0 0.618924 0.815972 0.005704 0.008267
0 0.870908 0.815146 0.042907 0.032407
0 0.996032 0.797619 0.007937 0.018519
0 0.571305 0.78373 0.023562 0.016534
0 0.982639 0.785218 0.021825 0.029431
0 0.958829 0.767692 0.027282 0.020833
0 0.544147 0.757937 0.011409 0.007937
0 0.944692 0.752149 0.022321 0.010913
0 0.594246 0.740906 0.007937 0.00959
0 0.689732 0.728505 0.012897 0.017857
0 0.904266 0.721065 0.008433 0.007606
0 0.588294 0.723545 0.009921 0.017196
0 0.895461 0.707837 0.015625 0.008267
0 0.549231 0.694279 0.010169 0.008267
0 0.600818 0.693948 0.019097 0.033399
0 0.819568 0.63244 0.018105 0.007606
0 0.593874 0.585317 0.012153 0.017196
0 0.031498 0.581349 0.00744 0.010582
0 0.564732 0.558201 0.009425 0.005291
0 0.065228 0.561673 0.062996 0.061839
0 0.938492 0.527116 0.013889 0.008598
0 0.686756 0.526124 0.03125 0.024471
0 0.949653 0.542493 0.100694 0.068452
0 0.924355 0.509755 0.018353 0.010251
0 0.548115 0.506944 0.006944 0.006614
0 0.900174 0.500992 0.008185 0.007937
0 0.887153 0.513393 0.026786 0.032738
0 0.930308 0.503968 0.03621 0.027116
0 0.577009 0.465278 0.0062 0.007275
0 0.887029 0.469411 0.009673 0.018188
0 0.907614 0.460648 0.03001 0.068783
0 0.56808 0.416005 0.014633 0.005952
0 0.589534 0.416501 0.004464 0.011574
0 0.901538 0.411872 0.006448 0.008929
0 0.976314 0.403439 0.008681 0.009921
0 0.990947 0.402778 0.018105 0.013228
0 0.949529 0.402116 0.018601 0.011905
0 0.995412 0.386905 0.009177 0.008598
0 0.161582 0.382606 0.010169 0.009259
0 0.956225 0.381944 0.007192 0.013228
0 0.847222 0.388393 0.035218 0.026786
0 0.951389 0.376653 0.010417 0.010582
0 0.895585 0.378638 0.035714 0.052249
0 0.838914 0.345734 0.009177 0.006944
0 0.749752 0.35334 0.020337 0.027447
0 0.158358 0.343585 0.012649 0.011905
0 0.832465 0.327712 0.016617 0.01455
0 0.970486 0.323578 0.008929 0.017526
0 0.75682 0.310516 0.013145 0.01455
0 0.797495 0.291336 0.010169 0.015212
0 0.912078 0.316964 0.044395 0.06713
0 0.744544 0.306548 0.037202 0.053571
0 0.982763 0.282738 0.005704 0.011905
0 0.884301 0.282573 0.022073 0.014881
0 0.835317 0.284722 0.00744 0.01918
0 0.808036 0.280258 0.010913 0.010251
0 0.785714 0.28869 0.011905 0.028439
0 0.715526 0.280754 0.010913 0.012566
0 0.952629 0.281415 0.004464 0.01455
0 0.945188 0.277612 0.008433 0.00959
0 0.958209 0.270503 0.007688 0.009921
0 0.922743 0.268684 0.013641 0.016204
0 0.790923 0.262566 0.00744 0.009921
0 0.720982 0.262235 0.009425 0.011905
0 0.962798 0.257937 0.011409 0.008598
0 0.921131 0.25463 0.011409 0.007275
0 0.809772 0.261409 0.034226 0.022817
