0 0.374132 0.989087 0.012153 0.010582
0 0.369916 0.966931 0.009177 0.020503
0 0.877356 0.881944 0.009673 0.003968
0 0.404514 0.864087 0.006448 0.012566
0 0.862475 0.859292 0.015129 0.016204
0 0.374628 0.808697 0.005704 0.007606
0 0.377232 0.791336 0.00744 0.007937
0 0.386161 0.779266 0.009425 0.007606
0 0.913318 0.747189 0.011657 0.00496
0 0.978423 0.70668 0.043155 0.029762
0 0.937128 0.689319 0.025546 0.018188
0 0.050595 0.717262 0.10119 0.085979
0 0.915551 0.678241 0.020585 0.021825
0 0.892609 0.664021 0.020833 0.015873
0 0.152158 0.660384 0.010169 0.008598
0 0.036706 0.659226 0.027778 0.017526
0 0.059152 0.645999 0.016121 0.00959
0 0.741443 0.640212 0.013145 0.005952
0 0.180928 0.635086 0.019593 0.008929
0 0.815104 0.626819 0.007688 0.005622
0 0.080109 0.630126 0.010417 0.022156
0 0.178819 0.616733 0.016369 0.02381
0 0.03001 0.626323 0.06002 0.056217
0 0.069568 0.607804 0.015129 0.022487
0 0.083457 0.60119 0.008185 0.020503
0 0.133929 0.605655 0.063492 0.04795
0 0.134053 0.585979 0.0062 0.01455
0 0.112103 0.569279 0.008929 0.010251
0 0.032986 0.56713 0.005456 0.007275
0 0.732515 0.560516 0.008681 0.006614
0 0.445809 0.556217 0.010665 0.007275
0 0.197049 0.577877 0.026538 0.053902
0 0.232019 0.559689 0.032986 0.020833
0 0.273065 0.552579 0.023313 0.016534
0 0.045263 0.558201 0.090526 0.037698
0 0.784102 0.53373 0.011657 0.020503
0 0.140873 0.53588 0.040675 0.031415
0 0.189732 0.533896 0.006944 0.02877
0 0.632688 0.521825 0.011409 0.009921
0 0.339658 0.519511 0.021577 0.005952
0 0.618676 0.509921 0.011657 0.007937
0 0.437872 0.506448 0.009177 0.010913
0 0.571429 0.488426 0.010913 0.006614
0 0.495412 0.474537 0.011161 0.021825
0 0.569072 0.467262 0.021577 0.015873
0 0.446553 0.462798 0.014633 0.008929
0 0.53559 0.458664 0.004216 0.012566
0 0.508929 0.455192 0.004464 0.010251
0 0.496404 0.451389 0.016617 0.010582
0 0.260913 0.494709 0.045635 0.099868
0 0.40749 0.474537 0.059028 0.062169
0 0.620536 0.439815 0.006448 0.007937
0 0.727679 0.4375 0.008433 0.003968
0 0.38182 0.434524 0.00372 0.012566
0 0.918031 0.422454 0.034474 0.020172
0 0.944196 0.421958 0.022321 0.021825
0 0.895337 0.414021 0.011905 0.015212
0 0.976314 0.418816 0.047371 0.02877
0 0.942212 0.404266 0.006448 0.006283
0 0.927331 0.402778 0.008433 0.011905
0 0.43626 0.408234 0.015377 0.024802
0 0.628968 0.414352 0.027778 0.037698
0 0.995536 0.393188 0.008929 0.005291
0 0.892237 0.39418 0.004216 0.010582
0 0.663318 0.410549 0.010665 0.054563
0 0.941964 0.385086 0.005952 0.018188
0 0.272569 0.378142 0.008929 0.005622
0 0.920635 0.384094 0.022817 0.018188
0 0.899306 0.380622 0.005456 0.012566
0 0.988591 0.386243 0.022817 0.030423
0 0.959945 0.386905 0.03001 0.032407
0 0.794519 0.402778 0.011657 0.066138
0 0.629464 0.369048 0.027282 0.034392
0 0.292411 0.35334 0.010913 0.007606
0 0.691716 0.356978 0.011409 0.018849
0 0.244544 0.348214 0.042163 0.028439
0 0.696057 0.380787 0.036954 0.11078
0 0.220238 0.328869 0.011905 0.007606
0 0.695561 0.322255 0.004712 0.008267
0 0.485863 0.325397 0.010913 0.01455
0 0.263765 0.323743 0.002728 0.011243
0 0.201265 0.316964 0.023562 0.026124
0 0.137525 0.305225 0.011161 0.013228
0 0.1281 0.30043 0.006696 0.018188
0 0.27753 0.290179 0.010913 0.008929
0 0.165799 0.273644 0.011657 0.020833
0 0.208829 0.277116 0.060516 0.035714
0 0.079117 0.289187 0.073413 0.071759
0 0.146577 0.285384 0.081349 0.069444
0 0.374008 0.266369 0.05754 0.032738
0 0.083085 0.263889 0.055556 0.027778
