0 0.99442 0.818783 0.011161 0.015212
0 0.928571 0.800761 0.021825 0.008929
0 0.817708 0.767692 0.00744 0.011574
0 0.829737 0.763558 0.009673 0.005291
0 0.941096 0.728505 0.012649 0.009259
0 0.964038 0.72371 0.016369 0.00959
0 0.985119 0.684193 0.006448 0.017857
0 0.811756 0.678902 0.011409 0.011243
0 0.965154 0.685847 0.046875 0.055556
0 0.816344 0.663029 0.005208 0.010582
0 0.957465 0.657077 0.013641 0.009921
0 0.990079 0.63244 0.011905 0.007606
0 0.964906 0.617063 0.0062 0.005952
0 0.804563 0.587136 0.006944 0.010251
0 0.771577 0.568452 0.010417 0.007937
0 0.780258 0.555556 0.00744 0.009259
0 0.753472 0.563327 0.02877 0.030093
0 0.802331 0.532573 0.009425 0.012235
0 0.778398 0.540344 0.041915 0.029101
0 0.708829 0.496693 0.009921 0.009259
0 0.993428 0.494709 0.010169 0.009259
0 0.819444 0.523644 0.039683 0.067791
0 0.985739 0.488591 0.0062 0.00959
0 0.904762 0.484623 0.013889 0.029431
0 0.898189 0.470734 0.008185 0.010251
0 0.736483 0.459491 0.010169 0.012235
0 0.012773 0.45205 0.007688 0.007937
0 0.960069 0.482308 0.079861 0.081019
0 0.705481 0.438327 0.0062 0.010913
0 0.058036 0.441964 0.00496 0.022156
0 0.952629 0.434358 0.011905 0.016204
0 0.001488 0.431052 0.002976 0.010913
0 0.004712 0.417659 0.009425 0.003307
0 0.039683 0.418155 0.00496 0.007606
0 0.9938 0.420635 0.012401 0.015212
0 0.143849 0.416832 0.006448 0.012897
0 0.890253 0.424438 0.022569 0.032738
0 0.118428 0.41121 0.016617 0.022156
0 0.813616 0.402116 0.007192 0.007937
0 0.096602 0.398479 0.005208 0.010582
0 0.992932 0.40162 0.014137 0.020172
0 0.470238 0.395007 0.019841 0.006944
0 0.749256 0.401124 0.010913 0.019841
0 0.146205 0.390708 0.008185 0.008929
0 0.826265 0.390212 0.009673 0.01455
0 0.816096 0.386243 0.008185 0.010582
0 0.978299 0.383267 0.012649 0.015873
0 0.140997 0.378472 0.005208 0.006944
0 0.156994 0.378142 0.005952 0.010251
0 0.120164 0.380456 0.0062 0.016204
0 0.094742 0.375661 0.007937 0.007937
0 0.911954 0.393022 0.036706 0.046627
0 0.774678 0.375661 0.025546 0.015212
0 0.795263 0.371032 0.005704 0.011243
0 0.077629 0.368221 0.005456 0.007606
0 0.112971 0.36756 0.007192 0.008929
0 0.894717 0.369048 0.005704 0.01455
0 0.953001 0.364583 0.008681 0.006944
0 0.102183 0.366071 0.00744 0.009921
0 0.808904 0.365079 0.006696 0.009259
0 0.993552 0.371693 0.012897 0.03373
0 0.09189 0.356481 0.009177 0.009259
0 0.131944 0.363922 0.015377 0.024802
0 0.044023 0.353009 0.007688 0.006283
0 0.41245 0.351852 0.011905 0.005291
0 0.794891 0.353836 0.010417 0.011243
0 0.960193 0.351852 0.007688 0.009259
0 0.322669 0.345899 0.005456 0.009259
0 0.021329 0.346396 0.011409 0.015542
0 0.858135 0.339947 0.008929 0.011905
0 0.30568 0.338624 0.007688 0.009921
0 0.742808 0.338294 0.00496 0.010582
0 0.975322 0.339782 0.013145 0.01422
0 0.148313 0.337302 0.011409 0.010582
0 0.006448 0.36756 0.012897 0.071098
0 0.159846 0.335483 0.005704 0.007606
0 0.93936 0.345403 0.009673 0.032077
0 0.786086 0.332672 0.007688 0.009259
0 0.044519 0.376653 0.053819 0.10119
0 0.753844 0.333664 0.009177 0.016534
0 0.132688 0.327877 0.019841 0.008929
0 0.112847 0.333995 0.00744 0.022487
0 0.854911 0.324405 0.00744 0.005952
0 0.25248 0.341931 0.077381 0.041005
0 0.102803 0.326885 0.009177 0.018188
0 0.175843 0.320271 0.005456 0.008267
0 0.022817 0.324074 0.008433 0.015873
0 0.150174 0.31498 0.007688 0.008929
0 0.006324 0.313823 0.008185 0.006614
0 0.745908 0.315972 0.015129 0.016204
0 0.030506 0.32457 0.012897 0.035384
0 0.991691 0.324405 0.016617 0.037037
0 0.737351 0.306382 0.008433 0.010251
0 0.119916 0.301753 0.015625 0.021495
0 0.145213 0.296792 0.011657 0.015542
0 0.016493 0.295304 0.0062 0.015873
0 0.958581 0.286376 0.00496 0.006614
0 0.971974 0.305556 0.037202 0.046296
0 0.100322 0.279101 0.015129 0.010582
0 0.059028 0.27166 0.005456 0.008267
0 0.129092 0.272652 0.010169 0.012235
0 0.8094 0.267692 0.0062 0.008267
0 0.106523 0.263228 0.008185 0.011243
0 0.78001 0.275794 0.042659 0.046296
0 0.72371 0.260913 0.019841 0.020503
0 0.96689 0.259755 0.011657 0.019511
0 0.959325 0.259921 0.009921 0.019841
0 0.713418 0.25496 0.010665 0.009921
0 0.700645 0.255291 0.008433 0.010582
0 0.691096 0.254134 0.005704 0.008267
0 0.677455 0.25711 0.016617 0.01422
0 0.072793 0.265377 0.015625 0.030754
0 0.05692 0.25744 0.009673 0.014881
0 0.031126 0.289683 0.062252 0.079365
