0 0.609003 0.996693 0.011657 0.006614
0 0.462674 0.996362 0.018601 0.007275
0 0.654638 0.993717 0.010665 0.012566
0 0.646701 0.984292 0.00372 0.012897
0 0.886905 0.98545 0.017857 0.029101
0 0.682664 0.97371 0.008185 0.010251
0 0.189732 0.95453 0.02629 0.020833
0 0.63058 0.937996 0.007192 0.005622
0 0.666915 0.935516 0.008433 0.011243
0 0.591394 0.934854 0.008185 0.012566
0 0.638021 0.929563 0.004712 0.012566
0 0.622892 0.923776 0.019097 0.017526
0 0.588666 0.919147 0.010665 0.012235
0 0.109499 0.905423 0.040923 0.012566
0 0.615823 0.898644 0.010417 0.012897
0 0.644469 0.895833 0.007192 0.008598
0 0.712674 0.894841 0.009177 0.009921
0 0.658358 0.890046 0.007192 0.007606
0 0.407118 0.888062 0.006696 0.006944
0 0.620536 0.88211 0.00496 0.013558
0 0.953869 0.868386 0.012897 0.007937
0 0.626612 0.867063 0.008681 0.011905
0 0.65625 0.873347 0.020833 0.025794
0 0.650298 0.85797 0.008929 0.005622
0 0.607515 0.864418 0.007688 0.019841
0 0.589286 0.859458 0.005952 0.009921
0 0.675099 0.850198 0.008929 0.005952
0 0.688616 0.845238 0.0062 0.007937
0 0.666915 0.845899 0.00744 0.009259
0 0.697049 0.839616 0.013145 0.009921
0 0.578249 0.83912 0.005704 0.01422
0 0.65749 0.834987 0.010417 0.01918
0 0.630828 0.825066 0.005208 0.011243
0 0.569444 0.81994 0.006944 0.006283
0 0.65067 0.818452 0.007688 0.007275
0 0.696429 0.808532 0.003968 0.008598
0 0.605283 0.811343 0.00372 0.014881
0 0.601066 0.79084 0.0062 0.008267
0 0.517733 0.717923 0.008681 0.005952
0 0.422991 0.720073 0.016121 0.027447
0 0.953621 0.737765 0.092758 0.065476
0 0.576017 0.720073 0.03001 0.03869
0 0.392237 0.704034 0.010169 0.009921
0 0.4375 0.708003 0.005952 0.01918
0 0.579613 0.700397 0.008929 0.009921
0 0.725818 0.684028 0.009177 0.010913
0 0.468006 0.681713 0.013393 0.00959
0 0.702753 0.68006 0.015129 0.012897
0 0.872024 0.6708 0.005952 0.008267
0 0.590774 0.669478 0.006448 0.010251
0 0.581473 0.668816 0.006696 0.008929
0 0.885541 0.668651 0.020585 0.022487
0 0.570188 0.66121 0.005456 0.008929
0 0.443576 0.67543 0.026538 0.039352
0 0.862227 0.657573 0.010169 0.005622
0 0.846726 0.650959 0.007937 0.006283
0 0.603795 0.647156 0.012649 0.010582
0 0.688864 0.646495 0.007192 0.009921
0 0.821801 0.643684 0.011161 0.005622
0 0.734127 0.640212 0.007937 0.009921
0 0.974206 0.644511 0.027282 0.020503
0 0.441964 0.627811 0.010913 0.018849
0 0.886905 0.623181 0.003968 0.010913
0 0.720114 0.621197 0.021577 0.015542
0 0.770089 0.613922 0.016865 0.011574
0 0.966394 0.606647 0.028522 0.039352
0 0.766989 0.588955 0.009673 0.005291
0 0.808656 0.584821 0.005704 0.016865
0 0.879464 0.583499 0.012897 0.014881
0 0.824777 0.570271 0.004216 0.010913
0 0.251984 0.571594 0.007937 0.014881
0 0.584201 0.568948 0.012649 0.01422
0 0.771825 0.566634 0.007937 0.013558
0 0.198785 0.563988 0.0062 0.00959
0 0.262897 0.572751 0.009425 0.029101
0 0.684152 0.553075 0.012649 0.008929
0 0.774678 0.551918 0.005704 0.011243
0 0.849578 0.552249 0.017609 0.013228
0 0.810764 0.543651 0.009921 0.015873
0 0.866939 0.535053 0.021081 0.007275
0 0.981151 0.549769 0.010417 0.039352
0 0.847098 0.538194 0.016121 0.016865
0 0.750496 0.538029 0.015873 0.016534
0 0.718006 0.53621 0.011409 0.019511
0 0.342882 0.541667 0.006696 0.030423
0 0.271205 0.532903 0.015129 0.015542
0 0.978919 0.51703 0.016865 0.008267
0 0.268725 0.515212 0.007192 0.009259
0 0.936012 0.524471 0.019345 0.029101
0 0.225074 0.514385 0.004712 0.013558
0 0.764757 0.508598 0.005208 0.015873
0 0.255704 0.51207 0.011409 0.024802
0 0.265253 0.498016 0.007192 0.007275
0 0.807292 0.506448 0.008433 0.025463
0 0.778398 0.504134 0.010665 0.035384
0 0.265377 0.481647 0.007937 0.007606
0 0.523686 0.481812 0.007688 0.009921
0 0.868924 0.485946 0.012649 0.039352
0 0.265377 0.46627 0.006944 0.007937
0 0.213294 0.466104 0.008929 0.007606
0 0.227679 0.464947 0.007937 0.008598
0 0.850818 0.474702 0.019593 0.033399
0 0.113219 0.460979 0.018105 0.007937
0 0.204861 0.458995 0.006448 0.010582
0 0.259673 0.449239 0.004464 0.007606
0 0.518229 0.457011 0.023562 0.030423
0 0.21317 0.450728 0.020089 0.021825
0 0.924107 0.48297 0.058036 0.111442
0 0.004712 0.439815 0.006448 0.025132
0 0.265129 0.432374 0.015873 0.011574
0 0.445561 0.43502 0.005704 0.021495
0 0.759797 0.448909 0.026042 0.058532
0 0.264261 0.417989 0.016617 0.007275
0 0.97123 0.417989 0.016369 0.013228
0 0.233011 0.43039 0.047371 0.051918
0 0.84251 0.425926 0.037698 0.053571
0 0.268849 0.402943 0.018849 0.008929
0 0.943204 0.416005 0.020833 0.039021
0 0.979291 0.402116 0.00372 0.021825
0 0.343254 0.396825 0.014385 0.013889
0 0.872768 0.400463 0.010417 0.021825
0 0.623264 0.39203 0.006448 0.010913
0 0.77815 0.434689 0.020089 0.098876
0 0.27381 0.388558 0.004464 0.006614
0 0.220114 0.395668 0.007688 0.025463
0 0.858011 0.388228 0.009673 0.01455
0 0.624008 0.413194 0.028274 0.064484
0 0.609623 0.382275 0.008929 0.011905
0 0.609499 0.368552 0.012153 0.011574
0 0.967014 0.386243 0.010913 0.047619
0 0.333705 0.382771 0.016617 0.041997
0 0.130456 0.389054 0.025794 0.065807
0 0.651538 0.355985 0.005952 0.007606
0 0.377604 0.361111 0.0062 0.017857
0 0.641865 0.358796 0.011905 0.018519
0 0.872768 0.356481 0.011905 0.015873
0 0.332589 0.351356 0.009921 0.013558
0 0.216394 0.335813 0.006696 0.007606
0 0.659598 0.336971 0.00372 0.011243
0 0.131696 0.325231 0.018353 0.020833
0 0.475818 0.321429 0.018601 0.017857
0 0.661086 0.315311 0.0062 0.010251
0 0.764633 0.349702 0.042659 0.087632
0 0.354787 0.330192 0.052827 0.054563
0 0.309028 0.320602 0.013393 0.059193
0 0.978175 0.298115 0.043651 0.016204
0 0.231275 0.329696 0.014137 0.084656
0 0.980903 0.283069 0.00744 0.008598
0 0.972098 0.283896 0.009673 0.010251
0 0.997644 0.279762 0.004712 0.010582
0 0.581225 0.284722 0.022569 0.025794
0 0.574033 0.27662 0.018105 0.012897
0 0.56126 0.270833 0.009425 0.010582
0 0.341394 0.291501 0.02505 0.081019
0 0.78559 0.274967 0.093998 0.049934
0 0.698413 0.309358 0.050099 0.118717
0 0.632688 0.303902 0.068948 0.107804
0 0.551463 0.252811 0.010169 0.005622
0 0.37562 0.252811 0.009177 0.005622
0 0.366319 0.284061 0.022321 0.068122
0 0.247024 0.251488 0.010913 0.002976
0 0.145709 0.258763 0.019097 0.017526
0 0.098586 0.256779 0.0062 0.013558
