0 0.005208 0.986938 0.010417 0.006944
0 0.198537 0.99041 0.021577 0.01918
0 0.166791 0.988757 0.02753 0.022487
0 0.044395 0.987269 0.027282 0.025463
0 0.160466 0.972222 0.017361 0.007937
0 0.084945 0.963624 0.0062 0.011243
0 0.021949 0.961475 0.016617 0.011574
0 0.511657 0.957011 0.012401 0.009921
0 0.045387 0.959656 0.03621 0.024471
0 0.523313 0.938327 0.005952 0.01422
0 0.156126 0.930556 0.008681 0.009259
0 0.540551 0.92328 0.010169 0.011905
0 0.551091 0.920304 0.009921 0.018519
0 0.06002 0.91336 0.008929 0.009259
0 0.014013 0.911872 0.010665 0.010251
0 0.527158 0.912037 0.017113 0.01918
0 0.510913 0.909226 0.013889 0.01422
0 0.540427 0.906415 0.004464 0.009921
0 0.028522 0.907573 0.008433 0.012235
0 0.038566 0.900628 0.007688 0.005622
0 0.521205 0.898644 0.010169 0.006944
0 0.023438 0.890212 0.008681 0.013228
0 0.00186 0.883598 0.00372 0.01455
0 0.051091 0.875661 0.008929 0.011905
0 0.008309 0.859954 0.016617 0.018188
0 0.053943 0.845734 0.018105 0.013558
0 0.035714 0.816634 0.007937 0.016204
0 0.016865 0.815972 0.013889 0.016204
0 0.311384 0.805225 0.019097 0.009921
0 0.270337 0.803737 0.011905 0.015542
0 0.28249 0.801422 0.011409 0.012897
0 0.051587 0.799107 0.015873 0.008267
0 0.526166 0.787533 0.005208 0.007606
0 0.217262 0.786541 0.009425 0.006283
0 0.246156 0.78836 0.019593 0.015873
0 0.06064 0.781085 0.005208 0.013228
0 0.226811 0.779762 0.0062 0.015873
0 0.248388 0.772487 0.011161 0.009921
0 0.267981 0.767361 0.004712 0.011574
0 0.293527 0.768849 0.040923 0.03373
0 0.072421 0.760251 0.015377 0.017857
0 0.347966 0.75496 0.006944 0.020503
0 0.372768 0.748016 0.007937 0.01455
0 0.298735 0.743552 0.031498 0.031415
0 0.359995 0.730985 0.009177 0.023479
0 0.345858 0.725364 0.023065 0.02414
0 0.362103 0.704696 0.006448 0.009921
0 0.379712 0.696759 0.007937 0.009921
0 0.071925 0.695767 0.005456 0.011905
0 0.604291 0.69246 0.006696 0.009259
0 0.163318 0.688823 0.018601 0.024471
0 0.667287 0.677745 0.007688 0.010913
0 0.210565 0.672288 0.009425 0.012566
0 0.333085 0.665509 0.009425 0.00496
0 0.184152 0.671627 0.026538 0.031085
0 0.235987 0.659722 0.010169 0.009921
0 0.22185 0.66336 0.026538 0.020503
0 0.764137 0.658069 0.03621 0.023148
0 0.722222 0.656085 0.041171 0.023148
0 0.739955 0.64881 0.007192 0.009921
0 0.293775 0.676257 0.035466 0.064815
0 0.687996 0.646164 0.006448 0.007937
0 0.696553 0.647156 0.0062 0.010582
0 0.255084 0.633929 0.009673 0.011243
0 0.731523 0.620205 0.019097 0.008267
0 0.050967 0.623677 0.013641 0.022487
0 0.131324 0.574735 0.077629 0.051587
0 0.08693 0.547619 0.010169 0.037698
0 0.910466 0.522321 0.010913 0.008929
0 0.22061 0.524306 0.011161 0.016865
0 0.204365 0.520999 0.011409 0.011574
0 0.40563 0.513558 0.010169 0.012566
0 0.081597 0.510747 0.008929 0.016204
0 0.961806 0.503142 0.007937 0.016204
0 0.167287 0.519345 0.024058 0.050595
0 0.218254 0.502976 0.020833 0.019841
0 0.117808 0.507771 0.029266 0.034722
0 0.262649 0.502811 0.012401 0.026124
0 0.279762 0.561839 0.050595 0.159392
0 0.985367 0.495866 0.029266 0.034061
0 0.117808 0.477679 0.00496 0.008267
0 0.38182 0.481481 0.017609 0.026455
0 0.294767 0.47586 0.007192 0.025132
0 0.21999 0.474372 0.021825 0.026124
0 0.27753 0.465443 0.010417 0.012235
0 0.265005 0.46379 0.008185 0.016865
0 0.414683 0.462798 0.017361 0.026786
0 0.337302 0.450562 0.008433 0.028108
0 0.195188 0.447421 0.022817 0.025132
0 0.945437 0.439815 0.007937 0.010582
0 0.244048 0.448082 0.029762 0.029101
0 0.204985 0.435681 0.00372 0.010251
0 0.331473 0.434358 0.010169 0.017526
0 0.851811 0.430721 0.005704 0.012235
0 0.18998 0.425265 0.005952 0.011243
0 0.906994 0.424769 0.013393 0.011574
0 0.887773 0.426091 0.022073 0.018188
0 0.292411 0.474206 0.076389 0.116402
0 0.392981 0.440146 0.026538 0.051587
0 0.199033 0.419478 0.012153 0.018849
0 0.722718 0.414683 0.006448 0.011905
0 0.812996 0.442626 0.052083 0.070437
0 0.804936 0.41088 0.010665 0.00959
0 0.380456 0.410218 0.00744 0.011574
0 0.84127 0.404597 0.015873 0.017526
0 0.670015 0.399636 0.005208 0.007606
0 0.892857 0.400298 0.013393 0.014881
0 0.68192 0.39881 0.014633 0.012566
0 0.506696 0.394511 0.013889 0.016534
0 0.863591 0.431382 0.041667 0.095569
0 0.75062 0.38955 0.029514 0.015873
0 0.097718 0.386243 0.005952 0.009921
0 0.389509 0.386409 0.011161 0.027447
0 0.989831 0.382275 0.017361 0.021164
0 0.720858 0.381283 0.031994 0.02381
0 0.781746 0.371528 0.009921 0.016204
0 0.851562 0.379134 0.041419 0.032738
0 0.863963 0.363261 0.006696 0.006283
0 0.47433 0.378968 0.022569 0.037698
0 0.997024 0.362599 0.005952 0.006944
0 0.736855 0.364914 0.011409 0.016865
0 0.762153 0.356978 0.004464 0.012897
0 0.715278 0.351852 0.012897 0.011243
0 0.011161 0.350694 0.012401 0.00959
0 0.976562 0.348049 0.024058 0.016865
0 0.823661 0.368386 0.054067 0.059524
0 0.883557 0.339286 0.005704 0.007275
0 0.808904 0.339782 0.008681 0.012897
0 0.11942 0.336971 0.009177 0.009259
0 0.784722 0.343419 0.013393 0.026786
0 0.018353 0.331515 0.007937 0.005622
0 0.345734 0.332011 0.008929 0.011905
0 0.849578 0.33664 0.024058 0.026455
0 0.597222 0.329365 0.008433 0.01455
0 0.985243 0.333829 0.029514 0.02414
0 0.218254 0.328208 0.002976 0.014881
0 0.821925 0.330192 0.010913 0.025463
0 0.265005 0.323247 0.004712 0.016865
0 0.466394 0.323247 0.008681 0.017526
0 0.805804 0.320437 0.014881 0.012566
0 0.354415 0.321429 0.005952 0.01455
0 0.540055 0.317626 0.0062 0.007606
0 0.833705 0.318452 0.007192 0.011905
0 0.562872 0.321263 0.0062 0.018188
0 0.50062 0.321925 0.020089 0.019511
0 0.344866 0.316468 0.008185 0.009259
0 0.011161 0.313657 0.00744 0.011574
0 0.273065 0.312665 0.004464 0.011574
0 0.846726 0.308697 0.008433 0.007606
0 0.083581 0.307209 0.00744 0.005952
0 0.370536 0.311839 0.005952 0.015873
0 0.08941 0.303075 0.008681 0.007606
0 0.295511 0.301091 0.006696 0.011574
0 0.920511 0.302745 0.012649 0.021495
0 0.069444 0.299438 0.018353 0.015542
0 0.766865 0.315146 0.042659 0.054233
0 0.844618 0.293981 0.008681 0.013228
0 0.993676 0.296792 0.012649 0.019511
0 0.198041 0.293816 0.006696 0.015542
0 0.790179 0.291005 0.008433 0.011243
0 0.830233 0.298446 0.024554 0.02877
0 0.082589 0.291832 0.010417 0.016204
0 0.977803 0.289021 0.016617 0.017196
0 0.443576 0.287202 0.007688 0.017526
0 0.924231 0.282738 0.004216 0.011905
0 0.912574 0.287698 0.015625 0.025132
0 0.950893 0.282903 0.015873 0.016865
0 0.364335 0.28125 0.015377 0.022156
0 0.851066 0.274636 0.018105 0.00959
0 0.395337 0.280093 0.013889 0.023148
0 0.37438 0.276951 0.006696 0.019511
0 0.964782 0.271495 0.021825 0.010582
0 0.826761 0.269345 0.006696 0.013558
0 0.16307 0.268849 0.0062 0.016534
0 0.014137 0.269676 0.016865 0.018188
0 0.219618 0.263889 0.005704 0.007275
0 0.832465 0.265212 0.004216 0.011905
0 0.492684 0.258763 0.016617 0.010913
0 0.149306 0.261905 0.004464 0.017857
0 0.201761 0.25463 0.008681 0.006614
0 0.156622 0.25711 0.005208 0.013558
0 0.94246 0.258267 0.010913 0.016534
0 0.685144 0.260251 0.029018 0.020503
0 0.41307 0.252976 0.007192 0.005952
0 0.362351 0.258763 0.018849 0.017526
0 0.314732 0.258433 0.021329 0.016865
0 0.233631 0.25711 0.009425 0.01422
0 0.062624 0.259921 0.031002 0.019841
