0 0.690104 0.983967 0.007659 0.016848
0 0.129442 0.953261 0.008885 0.009783
0 0.676317 0.959511 0.010723 0.033152
0 0.268229 0.942391 0.020527 0.034783
0 0.974265 0.927446 0.014706 0.016848
0 0.650582 0.926087 0.01011 0.015217
0 0.077206 0.916848 0.011029 0.01087
0 0.601256 0.915489 0.009498 0.024457
0 0.302083 0.905707 0.011029 0.0125
0 0.664216 0.903261 0.011029 0.033696
0 0.291054 0.894293 0.011029 0.015761
0 0.287377 0.864402 0.010417 0.020109
0 0.007812 0.856793 0.007047 0.014674
0 0.040901 0.860054 0.013174 0.02337
0 0.802849 0.847826 0.0144 0.007609
0 0.05193 0.84375 0.009498 0.009239
0 0.316789 0.841033 0.008578 0.011413
0 0.743719 0.809239 0.013174 0.01087
0 0.575521 0.786141 0.008272 0.021196
0 0.367647 0.78125 0.012255 0.011413
0 0.386795 0.77038 0.024203 0.015761
0 0.608915 0.771467 0.011949 0.019022
0 0.632506 0.78913 0.029718 0.065217
0 0.590074 0.772283 0.025123 0.036957
0 0.95818 0.747554 0.0144 0.010326
0 0.362592 0.751087 0.011949 0.020652
0 0.392157 0.74538 0.022059 0.022283
0 0.55913 0.755163 0.01777 0.04837
0 0.370558 0.73125 0.011336 0.014674
0 0.606311 0.717935 0.007353 0.023913
0 0.861213 0.715217 0.015319 0.030435
0 0.512561 0.701359 0.009804 0.010326
0 0.627298 0.702446 0.01011 0.013587
0 0.658241 0.68913 0.013787 0.011957
0 0.684743 0.697011 0.025123 0.0375
0 0.906097 0.684239 0.01011 0.015217
0 0.907322 0.651359 0.011336 0.0125
0 0.943474 0.66875 0.05239 0.064674
0 0.873775 0.644293 0.020221 0.017935
0 0.986826 0.669837 0.026348 0.070109
0 0.183824 0.669293 0.07598 0.082065
0 0.96538 0.569293 0.007966 0.011413
0 0.800398 0.565761 0.030944 0.03913
0 0.423254 0.54375 0.011336 0.024457
0 0.147365 0.582065 0.095588 0.144565
0 0.389246 0.525272 0.022978 0.0375
0 0.706495 0.553804 0.150735 0.109783
0 0.011336 0.566848 0.022672 0.161957
0 0.638174 0.490217 0.009804 0.013043
0 0.360754 0.483424 0.008885 0.016848
0 0.785846 0.478261 0.010417 0.015217
0 0.664675 0.488043 0.030331 0.03587
0 0.30867 0.492663 0.031556 0.057065
0 0.750919 0.464674 0.005515 0.026087
0 0.951746 0.471739 0.013787 0.05
0 0.389859 0.448913 0.007659 0.013043
0 0.032629 0.582337 0.065257 0.284239
0 0.58318 0.453804 0.018076 0.028261
0 0.98606 0.483424 0.02788 0.097283
0 0.443015 0.434783 0.01348 0.018478
0 0.761489 0.41875 0.024203 0.017935
0 0.136795 0.417935 0.005208 0.022826
0 0.110907 0.416304 0.023897 0.022826
0 0.671722 0.438315 0.075061 0.094022
0 0.417433 0.399457 0.01011 0.017391
0 0.761336 0.391848 0.022059 0.029348
0 0.385417 0.400543 0.005515 0.046739
0 0.054688 0.389402 0.06587 0.038587
0 0.005821 0.380435 0.011642 0.023913
0 0.659926 0.372554 0.028799 0.019022
0 0.680453 0.363315 0.030637 0.028804
0 0.392004 0.35163 0.008885 0.021739
0 0.364124 0.341033 0.037684 0.034239
0 0.679688 0.330163 0.024203 0.019022
0 0.974571 0.342663 0.050858 0.05163
0 0.384498 0.313859 0.016544 0.013587
0 0.609988 0.316304 0.019608 0.021739
0 0.358915 0.31413 0.005208 0.018478
0 0.370404 0.307609 0.008578 0.020652
0 0.342218 0.29375 0.008578 0.015761
0 0.743719 0.290489 0.017463 0.0125
0 0.355086 0.295924 0.007353 0.029891
0 0.731158 0.27337 0.006434 0.011957
0 0.586244 0.269565 0.010723 0.013043
0 0.357537 0.259783 0.011642 0.009783
0 0.447763 0.262228 0.0144 0.017935
0 0.238358 0.26413 0.008578 0.026087
0 0.261795 0.261413 0.008885 0.021739
0 0.947457 0.255978 0.019301 0.011957
0 0.774969 0.264674 0.025429 0.029348
0 0.761029 0.25625 0.016544 0.0125
0 0.659007 0.257065 0.009191 0.01413
0 0.643536 0.256793 0.01685 0.013587
0 0.612439 0.257065 0.011642 0.01413
0 0.552083 0.265761 0.034314 0.031522
0 0.405025 0.25625 0.008578 0.0125
0 0.208487 0.265489 0.022978 0.030978
0 0.013634 0.305707 0.027267 0.111413
