0 0.80816 0.574074 0.005704 0.006614
0 0.986979 0.567295 0.008185 0.011574
0 0.087426 0.563988 0.018601 0.006283
0 0.968378 0.559028 0.009177 0.00959
0 0.092634 0.553075 0.021577 0.013558
0 0.945809 0.552414 0.022569 0.015542
0 0.037698 0.54547 0.006944 0.007606
0 0.119916 0.550099 0.025546 0.017526
0 0.812748 0.543981 0.006448 0.006614
0 0.986359 0.549272 0.019841 0.017857
0 0.964534 0.542824 0.010913 0.008929
0 0.969866 0.53836 0.007192 0.006614
0 0.710193 0.543981 0.015129 0.017857
0 0.825521 0.536541 0.012153 0.006944
0 0.796503 0.538029 0.009673 0.010582
0 0.049603 0.536045 0.011409 0.009259
0 0.148065 0.533234 0.010417 0.007606
0 0.914062 0.553737 0.051835 0.053241
0 0.905754 0.528439 0.010913 0.011905
0 0.117684 0.520007 0.009177 0.00496
0 0.940848 0.518353 0.010169 0.008929
0 0.892113 0.515708 0.00744 0.00959
0 0.076017 0.514716 0.03249 0.026786
0 0.647445 0.500992 0.010665 0.009921
0 0.093874 0.500992 0.015129 0.009921
0 0.653398 0.486772 0.008185 0.005952
0 0.128224 0.498347 0.063988 0.054894
0 0.628472 0.466601 0.017857 0.011905
0 0.729911 0.427745 0.011409 0.006283
0 0.616815 0.411706 0.014385 0.021164
0 0.611235 0.393022 0.0062 0.007606
0 0.659226 0.390212 0.008929 0.011905
0 0.601811 0.388393 0.005208 0.012235
0 0.695809 0.386574 0.06374 0.032407
0 0.706225 0.364418 0.015625 0.009259
0 0.634301 0.369709 0.009177 0.022487
0 0.625744 0.362269 0.008929 0.010913
0 0.865451 0.363426 0.028026 0.015873
0 0.718626 0.359623 0.008681 0.008929
0 0.612971 0.354332 0.006696 0.008929
0 0.703001 0.354332 0.021081 0.010913
0 0.666171 0.36045 0.052579 0.029101
0 0.967138 0.344742 0.007192 0.008267
0 0.609003 0.345734 0.004712 0.010251
0 0.020213 0.34375 0.006696 0.008267
0 0.06312 0.348214 0.029514 0.018519
0 0.660094 0.342593 0.009177 0.013889
0 0.640625 0.341766 0.011409 0.018849
0 0.100818 0.330357 0.008681 0.010582
0 0.402158 0.33168 0.004712 0.013889
0 0.111359 0.328538 0.007937 0.010251
0 0.414062 0.32705 0.015129 0.01455
0 0.087426 0.327216 0.018105 0.017526
0 0.127232 0.325893 0.019841 0.016865
0 0.143601 0.31994 0.011409 0.005622
0 0.638641 0.323247 0.006944 0.01422
0 0.616443 0.333664 0.026538 0.035053
0 0.121776 0.316799 0.010417 0.005952
0 0.87314 0.314815 0.008185 0.008598
0 0.690104 0.311012 0.013145 0.00959
0 0.678819 0.312996 0.010417 0.01422
0 0.606771 0.306382 0.008681 0.00959
0 0.97061 0.315146 0.030506 0.034392
0 0.995412 0.301422 0.009177 0.00959
0 0.961558 0.301257 0.009425 0.01455
0 0.164931 0.29828 0.008929 0.009921
0 0.080977 0.29828 0.028026 0.011905
0 0.873512 0.298115 0.016369 0.012897
0 0.245908 0.294643 0.017609 0.007275
0 0.044519 0.2958 0.021577 0.010913
0 0.893477 0.294478 0.009673 0.008929
0 0.429191 0.296792 0.011161 0.01422
0 0.617312 0.29332 0.00744 0.009921
0 0.606523 0.292328 0.013641 0.019841
0 0.956969 0.283234 0.006696 0.00959
0 0.020337 0.288525 0.040675 0.021495
0 0.585565 0.284722 0.013393 0.016534
0 0.111979 0.286376 0.035466 0.022487
0 0.152282 0.287368 0.024306 0.032407
0 0.951761 0.275463 0.005208 0.011243
0 0.901042 0.278108 0.015377 0.017196
0 0.229663 0.278439 0.009425 0.025794
0 0.28745 0.26918 0.006944 0.007937
0 0.030506 0.270337 0.006944 0.012235
0 0.308284 0.266865 0.011409 0.007937
0 0.625744 0.265873 0.009425 0.007937
0 0.220858 0.269015 0.005208 0.016204
0 0.233011 0.266369 0.006696 0.012235
0 0.209697 0.263062 0.007688 0.008267
0 0.197049 0.279927 0.064236 0.049272
0 0.940476 0.266204 0.00744 0.030423
0 0.135169 0.263228 0.032738 0.024471
0 0.284722 0.256779 0.014385 0.012897
0 0.837674 0.270833 0.097966 0.041667
0 0.366567 0.252646 0.007937 0.005291
0 0.309276 0.275132 0.10119 0.050265
0 0.161706 0.25496 0.014881 0.009921
0 0.113095 0.261905 0.009425 0.02381
0 0.052579 0.263062 0.037202 0.026124
0 0.020833 0.25496 0.005952 0.009921
0 0.011657 0.254134 0.00744 0.008267
