0 0.301838 0.996298 0.009069 0.007404
0 0.748039 0.994991 0.016176 0.010017
0 0.326225 0.992378 0.009804 0.015244
0 0.656985 0.990854 0.009069 0.013066
0 0.700368 0.988894 0.017402 0.022213
0 0.314216 0.983885 0.014706 0.019164
0 0.344608 0.983449 0.012745 0.022648
0 0.71973 0.984321 0.015441 0.031359
0 0.680882 0.983014 0.016667 0.029617
0 0.379534 0.974521 0.007108 0.014373
0 0.726961 0.968423 0.007353 0.019599
0 0.345833 0.964286 0.007353 0.014808
0 0.375735 0.958841 0.011275 0.015244
0 0.638113 0.957317 0.024755 0.023519
0 0.715196 0.946429 0.005392 0.00784
0 0.72549 0.943815 0.007353 0.011324
0 0.088725 0.944904 0.009314 0.015244
0 0.565686 0.944251 0.007353 0.014808
0 0.128309 0.9473 0.01201 0.02439
0 0.072426 0.949477 0.028676 0.030488
0 0.325245 0.942291 0.005392 0.016986
0 0.367279 0.937936 0.010049 0.012631
0 0.687377 0.952962 0.042892 0.045296
0 0.056495 0.940113 0.018382 0.022213
0 0.709559 0.933145 0.006373 0.010889
0 0.38174 0.936629 0.014461 0.018728
0 0.719485 0.931838 0.008578 0.013502
0 0.700123 0.931838 0.009069 0.015244
0 0.756618 0.926394 0.010294 0.012195
0 0.325123 0.92574 0.006127 0.014373
0 0.291789 0.911803 0.008578 0.010017
0 0.070588 0.915287 0.003431 0.018728
0 0.046569 0.910932 0.007353 0.010017
0 0.381373 0.914199 0.015686 0.017422
0 0.583578 0.907883 0.007843 0.010889
0 0.643873 0.902439 0.007353 0.006098
0 0.137132 0.90919 0.01299 0.021341
0 0.698284 0.901786 0.015196 0.01176
0 0.241299 0.895253 0.011029 0.007404
0 0.102574 0.917901 0.051716 0.061411
0 0.081127 0.893293 0.005392 0.013937
0 0.003799 0.889808 0.007598 0.012195
0 0.165931 0.887631 0.010294 0.011324
0 0.293137 0.883711 0.009804 0.013066
0 0.229902 0.886542 0.008824 0.018728
0 0.645588 0.883929 0.012745 0.015244
0 0.655637 0.877178 0.006373 0.008711
0 0.135294 0.882404 0.009804 0.022648
0 0.61201 0.934887 0.067647 0.130226
0 0.641789 0.871298 0.01348 0.017857
0 0.618627 0.864111 0.005882 0.00784
0 0.546446 0.862152 0.006618 0.010017
0 0.16299 0.86324 0.009804 0.012195
0 0.645343 0.853659 0.007353 0.009582
0 0.372059 0.855401 0.008824 0.013066
0 0.467279 0.854747 0.011029 0.02831
0 0.284926 0.843641 0.010049 0.009582
0 0.639216 0.846472 0.005882 0.016986
0 0.302206 0.844077 0.006373 0.020906
0 0.657721 0.837326 0.01152 0.013502
0 0.311275 0.832535 0.005392 0.013502
0 0.234314 0.830357 0.007353 0.012631
0 0.53799 0.827744 0.014216 0.01176
0 0.245711 0.826437 0.010049 0.014373
0 0.251348 0.81642 0.007598 0.018728
0 0.304902 0.816202 0.006863 0.019164
0 0.448529 0.808798 0.005392 0.013937
0 0.320833 0.801611 0.006373 0.013502
0 0.333701 0.802483 0.01152 0.02831
0 0.631985 0.791594 0.006618 0.010889
0 0.500123 0.785497 0.011029 0.010017
0 0.274755 0.784408 0.009804 0.009582
0 0.478186 0.788763 0.029412 0.020906
0 0.341667 0.78223 0.007353 0.00784
0 0.311152 0.790723 0.018873 0.027439
0 0.514706 0.786368 0.006373 0.021341
0 0.290074 0.783972 0.01201 0.02439
0 0.039461 0.775697 0.008824 0.013066
0 0.636397 0.765026 0.010049 0.014373
0 0.277083 0.763502 0.005147 0.013937
0 0.49277 0.763284 0.005637 0.016115
0 0.346569 0.765026 0.011765 0.021341
0 0.456985 0.760453 0.01152 0.014808
0 0.481005 0.758929 0.010049 0.015244
0 0.467892 0.75784 0.008824 0.013066
0 0.503554 0.765679 0.009069 0.033101
0 0.323897 0.7598 0.009069 0.021341
0 0.23848 0.751524 0.011275 0.008275
0 0.058946 0.745645 0.010049 0.010453
0 0.409191 0.738023 0.009069 0.008275
0 0.429534 0.738894 0.010539 0.013502
0 0.627328 0.733449 0.009069 0.010453
0 0.489461 0.732143 0.008824 0.021777
0 0.064461 0.723432 0.020098 0.017422
0 0.472426 0.722779 0.015441 0.044861
0 0.397426 0.710584 0.01299 0.030923
0 0.303186 0.691855 0.011275 0.009146
0 0.654289 0.6777 0.008578 0.008711
0 0.601348 0.680967 0.024755 0.022213
0 0.98223 0.676176 0.035539 0.031794
0 0.403064 0.661585 0.010049 0.013937
0 0.046936 0.658319 0.03652 0.013502
0 0.18125 0.664852 0.026716 0.02831
0 0.093015 0.648301 0.015441 0.008275
0 0.950123 0.652439 0.015931 0.017422
0 0.08027 0.656577 0.028186 0.037021
0 0.053064 0.637413 0.014461 0.010017
0 0.237623 0.637195 0.01201 0.022648
0 0.438235 0.67574 0.059314 0.122387
0 0.155392 0.625218 0.036275 0.023955
0 0.337745 0.611716 0.006863 0.014373
0 0.223284 0.607578 0.011275 0.016551
0 0.181618 0.603876 0.014216 0.027439
0 0.441912 0.569469 0.006863 0.014373
0 0.114216 0.562282 0.008333 0.006098
0 0.033701 0.55662 0.067402 0.03223
0 0.149387 0.52047 0.014461 0.013066
0 0.766912 0.517857 0.007353 0.011324
0 0.972794 0.565549 0.054412 0.110192
0 0.839828 0.500436 0.004167 0.028746
0 0.647426 0.48628 0.009559 0.010889
0 0.215564 0.478659 0.006618 0.013066
0 0.668995 0.477134 0.01152 0.02047
0 0.726961 0.472343 0.011765 0.016115
0 0.510294 0.469294 0.005392 0.022213
0 0.983088 0.475828 0.020588 0.045732
0 0.966176 0.477787 0.027451 0.052265
0 0.668015 0.455139 0.01348 0.013937
0 0.501838 0.462108 0.006618 0.033972
0 0.556618 0.451655 0.011275 0.015679
0 0.815196 0.453833 0.003922 0.027003
0 0.387868 0.426829 0.010049 0.014808
0 0.535784 0.453397 0.035294 0.068815
0 0.01201 0.433798 0.02402 0.031359
0 0.965441 0.433362 0.016176 0.038328
0 0.978676 0.426176 0.016176 0.025697
0 0.877819 0.412239 0.011029 0.01176
0 0.966544 0.408537 0.008578 0.008711
0 0.542647 0.410279 0.003922 0.015679
0 0.877941 0.385671 0.011275 0.015244
0 0.040564 0.379138 0.01348 0.014373
0 0.571691 0.38676 0.029657 0.03223
0 0.092279 0.375436 0.01201 0.015679
0 0.509191 0.387195 0.021324 0.043554
0 0.629657 0.397213 0.015686 0.074042
0 0.590074 0.362805 0.010049 0.011324
0 0.470098 0.365854 0.016176 0.02439
0 0.989706 0.373476 0.020588 0.041376
0 0.982475 0.368031 0.01348 0.033972
0 0.513603 0.357796 0.009559 0.013502
0 0.915809 0.372387 0.021324 0.045296
0 0.874877 0.361716 0.018873 0.024826
0 0.965686 0.361498 0.009804 0.044425
0 0.489583 0.355836 0.018873 0.036585
0 0.534314 0.347561 0.004902 0.021777
0 0.480637 0.347125 0.011275 0.020906
0 0.952574 0.362152 0.016422 0.057056
0 0.99473 0.339503 0.010539 0.019599
0 0.933578 0.334713 0.013725 0.017857
0 0.579534 0.34277 0.042402 0.04007
0 0.164828 0.327526 0.011029 0.011324
0 0.606127 0.38284 0.030392 0.129791
0 0.866054 0.319033 0.006127 0.008275
0 0.790809 0.420949 0.049265 0.215592
0 0.48652 0.32034 0.013725 0.02047
0 0.212255 0.390897 0.04902 0.166812
0 0.774755 0.329486 0.017157 0.051829
0 0.137868 0.307491 0.006127 0.008711
0 0.746446 0.310758 0.007108 0.016986
0 0.483211 0.301176 0.007108 0.012631
0 0.648529 0.311847 0.010294 0.036585
0 0.027574 0.31642 0.034559 0.055314
0 0.550123 0.284408 0.008578 0.008711
0 0.131495 0.295514 0.022304 0.031794
0 0.604902 0.290941 0.014706 0.047909
0 0.969853 0.264155 0.010294 0.021341
0 0.745711 0.263937 0.008088 0.020906
0 0.49424 0.261977 0.017892 0.021341
0 0.470343 0.263937 0.031373 0.025261
0 0.981005 0.264155 0.010049 0.026568
0 0.789583 0.275697 0.021324 0.051394
0 0.771201 0.265462 0.009559 0.030923
