0 0.97433 0.909061 0.009673 0.007937
0 0.950769 0.865741 0.005704 0.010582
0 0.983011 0.85119 0.012649 0.008598
0 0.968502 0.848545 0.006944 0.008598
0 0.969742 0.833829 0.008433 0.014881
0 0.980159 0.797123 0.009425 0.008929
0 0.956969 0.788525 0.007688 0.011574
0 0.578745 0.784061 0.005704 0.008598
0 0.940972 0.774802 0.007937 0.005952
0 0.592758 0.770503 0.008433 0.007275
0 0.662202 0.743552 0.007937 0.006944
0 0.536706 0.743552 0.023313 0.018188
0 0.664807 0.721561 0.016121 0.016534
0 0.555928 0.721065 0.012649 0.015542
0 0.727555 0.716435 0.011657 0.010251
0 0.588666 0.719081 0.011657 0.018188
0 0.675347 0.71412 0.006448 0.011574
0 0.50434 0.711806 0.005704 0.008267
0 0.724826 0.707672 0.009673 0.007275
0 0.682664 0.710152 0.007192 0.015542
0 0.512773 0.704696 0.008681 0.011905
0 0.525918 0.698082 0.006696 0.02381
0 0.611731 0.684524 0.009177 0.009921
0 0.582341 0.687665 0.015377 0.019511
0 0.480655 0.677083 0.006944 0.008929
0 0.756076 0.677579 0.011657 0.011243
0 0.523934 0.674934 0.008681 0.011243
0 0.62872 0.668485 0.009921 0.016865
0 0.636905 0.663856 0.00744 0.00959
0 0.763393 0.657573 0.00496 0.011574
0 0.497396 0.649636 0.011161 0.010251
0 0.74256 0.64914 0.005456 0.011243
0 0.470114 0.645007 0.014137 0.00959
0 0.617684 0.652447 0.030506 0.03373
0 0.748636 0.636739 0.005208 0.007606
0 0.758309 0.649802 0.027034 0.040344
0 0.006696 0.596561 0.010417 0.007937
0 0.077009 0.562004 0.004712 0.016865
0 0.08693 0.556713 0.005208 0.027447
0 0.067956 0.548446 0.006944 0.010913
0 0.036954 0.562831 0.073909 0.046958
0 0.31684 0.544478 0.004712 0.011574
0 0.749628 0.542328 0.021577 0.012566
0 0.061508 0.539848 0.008929 0.011574
0 0.787946 0.538029 0.019841 0.008598
0 0.413194 0.534226 0.007937 0.005622
0 0.038194 0.522983 0.005952 0.008929
0 0.075645 0.522321 0.004464 0.010913
0 0.09189 0.515542 0.004712 0.011243
0 0.765873 0.516038 0.017361 0.014881
0 0.986235 0.510582 0.012649 0.010582
0 0.983259 0.501984 0.007688 0.005952
0 0.102555 0.508267 0.004712 0.020503
0 0.148065 0.503142 0.009921 0.012235
0 0.817584 0.498347 0.005208 0.009259
0 0.093502 0.5 0.005456 0.016534
0 0.586558 0.497685 0.056052 0.022487
0 0.21503 0.485284 0.008929 0.00496
0 0.076141 0.494874 0.009921 0.026124
0 0.268229 0.488922 0.013641 0.016865
0 0.299603 0.485615 0.007937 0.02877
0 0.816592 0.47371 0.009673 0.010251
0 0.518477 0.475198 0.002728 0.015873
0 0.019841 0.465112 0.014385 0.007606
0 0.981275 0.453538 0.004712 0.016204
0 0.678695 0.446098 0.010665 0.010582
0 0.773562 0.443948 0.015377 0.007606
0 0.204365 0.438823 0.003968 0.009259
0 0.641617 0.433862 0.023313 0.018519
0 0.304067 0.428241 0.010417 0.017857
0 0.158978 0.425761 0.024802 0.014881
0 0.469866 0.42543 0.0062 0.014881
0 0.041295 0.424769 0.009177 0.016204
0 0.593626 0.443122 0.074157 0.060185
0 0.285466 0.417163 0.005952 0.010251
0 0.761285 0.41121 0.027034 0.008267
0 0.801959 0.417328 0.005208 0.022487
0 0.435268 0.408234 0.00744 0.006283
0 0.450397 0.404762 0.014881 0.011905
0 0.324281 0.395503 0.013641 0.011905
0 0.466518 0.376323 0.011905 0.009259
0 0.480283 0.375165 0.008681 0.008267
0 0.449281 0.376488 0.015129 0.011574
0 0.826637 0.404597 0.026786 0.069775
0 0.781746 0.376323 0.016369 0.017196
0 0.929067 0.379299 0.00496 0.033069
0 0.75682 0.370866 0.019097 0.023479
0 0.397445 0.362765 0.006696 0.009921
0 0.338418 0.357474 0.005208 0.008598
0 0.258929 0.37963 0.013889 0.053571
0 0.562748 0.358135 0.008433 0.012566
0 0.365451 0.359788 0.008185 0.018519
0 0.235863 0.380456 0.022321 0.061839
0 0.410466 0.35797 0.009921 0.018188
0 0.537946 0.354001 0.014881 0.01422
0 0.96441 0.370536 0.016121 0.048611
0 0.412574 0.348049 0.006696 0.008929
0 0.485863 0.340443 0.012897 0.005622
0 0.338294 0.341435 0.00744 0.010913
0 0.364831 0.33879 0.009921 0.010913
0 0.267857 0.335317 0.037698 0.015212
0 0.448413 0.32672 0.021825 0.009259
0 0.941592 0.334821 0.0062 0.030093
0 0.477307 0.323909 0.033482 0.020172
0 0.02567 0.333333 0.051339 0.041005
0 0.546751 0.317956 0.023065 0.016865
0 0.513641 0.323082 0.032738 0.049603
0 0.964906 0.301091 0.007192 0.008929
0 0.993428 0.289021 0.007688 0.009259
0 0.935888 0.277612 0.014137 0.005622
0 0.97061 0.272817 0.026042 0.018519
0 0.926711 0.258102 0.014137 0.010913
0 0.909474 0.260086 0.013889 0.016204
0 0.039311 0.253638 0.013145 0.007275
0 0.015129 0.255787 0.030258 0.011574
