0 0.972222 0.737434 0.012401 0.013889
0 0.880084 0.727844 0.014137 0.009921
0 0.902654 0.720734 0.010665 0.014881
0 0.973958 0.714947 0.008433 0.009259
0 0.885913 0.711971 0.003968 0.009921
0 0.615823 0.710483 0.005952 0.011574
0 0.976314 0.703704 0.020585 0.010582
0 0.665923 0.706349 0.018849 0.015873
0 0.689236 0.698247 0.007937 0.006944
0 0.878224 0.673942 0.00744 0.009259
0 0.915055 0.687831 0.051835 0.047619
0 0.854043 0.684689 0.042411 0.051918
0 0.90253 0.65873 0.011409 0.005952
0 0.9938 0.655093 0.012401 0.011243
0 0.892237 0.651951 0.007688 0.012897
0 0.868304 0.657903 0.032242 0.024802
0 0.864211 0.63922 0.005704 0.009921
0 0.87066 0.634094 0.006696 0.00959
0 0.949281 0.63244 0.008185 0.013558
0 0.96193 0.650298 0.018601 0.05787
0 0.984499 0.661706 0.031002 0.089947
0 0.883309 0.628307 0.016617 0.023148
0 0.899678 0.621197 0.018601 0.027447
0 0.955357 0.61293 0.003472 0.012235
0 0.993304 0.609292 0.013393 0.025463
0 0.876116 0.597718 0.014137 0.018188
0 0.745536 0.591104 0.017361 0.020172
0 0.55568 0.580357 0.005208 0.009921
0 0.761533 0.580192 0.013145 0.023479
0 0.785714 0.574735 0.011409 0.019841
0 0.77505 0.563492 0.012401 0.010582
0 0.834697 0.58168 0.022569 0.052249
0 0.8094 0.54332 0.005208 0.009921
0 0.734003 0.558862 0.030506 0.041667
0 0.757688 0.518353 0.008929 0.006944
0 0.81808 0.518849 0.013145 0.008598
0 0.967014 0.517196 0.006944 0.013228
0 0.787078 0.506118 0.0062 0.006944
0 0.80506 0.505952 0.023313 0.017857
0 0.864707 0.500331 0.008185 0.013889
0 0.792163 0.492063 0.009921 0.00463
0 0.337922 0.491071 0.006696 0.006614
0 0.960193 0.491898 0.016617 0.020833
0 0.670015 0.488757 0.012153 0.01455
0 0.695809 0.479167 0.0062 0.007937
0 0.828373 0.476852 0.012401 0.006614
0 0.706597 0.477017 0.00496 0.012235
0 0.862599 0.481316 0.015377 0.023479
0 0.844246 0.478175 0.013393 0.017196
0 0.83817 0.47123 0.005704 0.012566
0 0.806424 0.46875 0.007688 0.013558
0 0.156374 0.465278 0.002232 0.01455
0 0.969618 0.46875 0.017113 0.022156
0 0.81932 0.457341 0.0062 0.010582
0 0.980531 0.45668 0.007688 0.01455
0 0.249132 0.450231 0.010169 0.008267
0 0.230407 0.450231 0.008929 0.008267
0 0.296751 0.464616 0.018105 0.040344
0 0.205605 0.449074 0.027282 0.009921
0 0.268105 0.442956 0.006448 0.008267
0 0.171751 0.440972 0.021577 0.011574
0 0.071305 0.439815 0.013641 0.011243
0 0.847222 0.43998 0.018849 0.02414
0 0.175719 0.43006 0.012649 0.005622
0 0.087922 0.434358 0.009673 0.01422
0 0.285094 0.428902 0.011657 0.011905
0 0.073909 0.427414 0.011409 0.00959
0 0.270833 0.427249 0.012897 0.011905
0 0.986979 0.426918 0.008681 0.013889
0 0.311384 0.426587 0.032986 0.025132
0 0.400174 0.419808 0.007688 0.021495
0 0.345238 0.423776 0.03373 0.035384
0 0.384549 0.413194 0.004216 0.016204
0 0.072917 0.399967 0.00744 0.008267
0 0.409102 0.400463 0.005704 0.01455
0 0.177703 0.407738 0.03001 0.032407
0 0.705605 0.390046 0.008433 0.005622
0 0.456597 0.392196 0.009425 0.012566
0 0.18378 0.391534 0.019345 0.012566
0 0.032242 0.388889 0.008929 0.010582
0 0.003596 0.379299 0.007192 0.010582
0 0.833581 0.374173 0.007937 0.007606
0 0.771825 0.380291 0.019841 0.023148
0 0.368428 0.366567 0.007688 0.008929
0 0.3781 0.365575 0.006696 0.008929
0 0.033358 0.368386 0.009177 0.017196
0 0.283482 0.363095 0.010417 0.011905
0 0.166915 0.361938 0.008433 0.00959
0 0.307416 0.358962 0.013641 0.00959
0 0.839038 0.360946 0.011905 0.01422
0 0.007564 0.357143 0.006696 0.008598
0 0.18254 0.348214 0.009425 0.008598
0 0.003472 0.349702 0.006944 0.011574
0 0.464534 0.345569 0.006448 0.013228
0 0.627852 0.349206 0.020585 0.024471
0 0.978795 0.371362 0.042411 0.074735
0 0.179688 0.336971 0.0062 0.008598
0 0.443204 0.336971 0.013889 0.011905
0 0.310516 0.337302 0.010913 0.01455
0 0.65439 0.332341 0.014633 0.007937
0 0.191096 0.333995 0.013641 0.01455
0 0.258309 0.331349 0.014633 0.017857
0 0.236855 0.331845 0.018353 0.019511
0 0.217758 0.324239 0.008929 0.013558
0 0.269593 0.321925 0.013393 0.011574
0 0.997148 0.319279 0.005704 0.010251
0 0.970114 0.31746 0.005704 0.009259
0 0.735367 0.318452 0.013889 0.013889
0 0.190352 0.314319 0.031994 0.016865
0 0.334821 0.3125 0.013393 0.01918
0 0.15997 0.320271 0.032738 0.036706
0 0.258929 0.305721 0.010417 0.010251
0 0.711434 0.303902 0.010665 0.007275
0 0.685888 0.30291 0.011657 0.01455
0 0.644717 0.298115 0.008681 0.010251
0 0.965526 0.297454 0.009921 0.012897
0 0.166791 0.296296 0.007192 0.010582
0 0.312376 0.303571 0.018601 0.03373
0 0.24566 0.292163 0.009177 0.012235
0 0.051339 0.285218 0.007937 0.005622
0 0.420511 0.292989 0.019593 0.029762
0 0.170139 0.284722 0.016865 0.015212
0 0.99504 0.292163 0.009921 0.034061
0 0.452009 0.293651 0.048363 0.041005
0 0.480407 0.276786 0.00744 0.007937
0 0.187252 0.277447 0.02381 0.02381
0 0.985863 0.268022 0.009921 0.006283
0 0.251736 0.270833 0.004464 0.013889
0 0.997272 0.264054 0.005456 0.017526
0 0.46751 0.259755 0.006944 0.00959
0 0.430432 0.256779 0.005704 0.006944
0 0.505208 0.257937 0.010417 0.012566
0 0.886409 0.252976 0.006944 0.005952
0 0.807788 0.255622 0.009921 0.011243
0 0.711682 0.258102 0.015625 0.016204
0 0.687004 0.272487 0.060516 0.044974
0 0.644717 0.256283 0.009673 0.012566
0 0.411458 0.254464 0.007937 0.008929
0 0.318328 0.268353 0.03249 0.036706
0 0.290923 0.253968 0.005952 0.007937
0 0.277034 0.255126 0.009425 0.010251
0 0.267361 0.256448 0.010417 0.012897
0 0.244296 0.25711 0.010417 0.01422
0 0.220982 0.254464 0.008433 0.008929
0 0.196925 0.263393 0.061508 0.026786
