0 0.721814 0.96581 0.044118 0.06838
0 0.331373 0.920514 0.008824 0.01176
0 0.705147 0.915941 0.02402 0.038328
0 0.340564 0.902657 0.005637 0.012631
0 0.940074 0.881751 0.008088 0.012631
0 0.388603 0.903746 0.034069 0.058362
0 0.957353 0.875871 0.009314 0.011324
0 0.908946 0.888066 0.029657 0.04007
0 0.923407 0.863458 0.01152 0.008275
0 0.864828 0.868902 0.01348 0.021777
0 0.898039 0.860192 0.004902 0.013066
0 0.76777 0.857361 0.008578 0.009146
0 0.838725 0.855401 0.017647 0.017422
0 0.985049 0.872822 0.029902 0.06446
0 0.950613 0.847343 0.010539 0.02047
0 0.838725 0.83493 0.006373 0.009582
0 0.817892 0.846472 0.025 0.037021
0 0.519485 0.83297 0.005637 0.010889
0 0.934681 0.825566 0.01348 0.015244
0 0.910294 0.834713 0.017647 0.034408
0 0.761275 0.812064 0.006863 0.010889
0 0.98076 0.817509 0.01152 0.022648
0 0.919975 0.814895 0.015931 0.019164
0 0.950613 0.809669 0.015931 0.013937
0 0.898039 0.800958 0.02549 0.019164
0 0.869118 0.794207 0.029902 0.031794
0 0.844975 0.78223 0.015931 0.011324
0 0.78652 0.806838 0.053431 0.063153
0 0.822059 0.778092 0.008824 0.01176
0 0.813358 0.767204 0.01348 0.009146
0 0.855392 0.765026 0.017157 0.016115
0 0.735784 0.756969 0.005882 0.010453
0 0.76777 0.749564 0.009559 0.013937
0 0.794608 0.75392 0.027941 0.025261
0 0.862745 0.748258 0.018627 0.021777
0 0.884926 0.740854 0.013971 0.012195
0 0.814093 0.734321 0.0125 0.006098
0 0.822181 0.730618 0.009069 0.012631
0 0.759436 0.732796 0.019363 0.016986
0 0.679657 0.805749 0.060294 0.1777
0 0.68701 0.71973 0.010294 0.013502
0 0.965441 0.724085 0.008333 0.023955
0 0.888358 0.713632 0.010539 0.01176
0 0.905882 0.702091 0.012255 0.006969
0 0.698039 0.700348 0.010784 0.010453
0 0.782353 0.707753 0.047549 0.033101
0 0.814583 0.695775 0.010539 0.01176
0 0.869118 0.694686 0.009804 0.011324
0 0.652083 0.700784 0.016422 0.023519
0 0.845956 0.69534 0.013971 0.013502
0 0.923897 0.690549 0.006127 0.027439
0 0.648162 0.678136 0.01152 0.00784
0 0.837132 0.671821 0.010049 0.009146
0 0.768873 0.681402 0.046078 0.037021
0 0.921201 0.66703 0.008088 0.016986
0 0.341544 0.659625 0.005637 0.014373
0 0.836275 0.653963 0.007843 0.007404
0 0.353309 0.652439 0.009559 0.011324
0 0.649142 0.649826 0.009069 0.013937
0 0.822672 0.638937 0.009069 0.006098
0 0.68799 0.637631 0.006373 0.010453
0 0.367157 0.619774 0.006373 0.012195
0 0.632966 0.619774 0.01152 0.031359
0 0.958456 0.603223 0.018873 0.018293
0 0.76152 0.595819 0.015686 0.012195
0 0.940196 0.592552 0.008824 0.012631
0 0.63027 0.591028 0.017402 0.018293
0 0.610907 0.58885 0.023775 0.018293
0 0.934314 0.552047 0.013235 0.010017
0 0.842892 0.555749 0.005392 0.019164
0 0.922426 0.536368 0.025735 0.022213
0 0.076225 0.461019 0.019118 0.022213
0 0.09326 0.452526 0.008578 0.013066
0 0.061397 0.448606 0.005147 0.031359
0 0.152941 0.412892 0.013725 0.017422
0 0.04424 0.412892 0.008088 0.017422
0 0.068015 0.421821 0.006618 0.0527
0 0.030025 0.45122 0.060049 0.111498
0 0.012377 0.432056 0.024755 0.090592
0 0.055392 0.397648 0.007843 0.061847
0 0.108088 0.40331 0.027451 0.095819
0 0.251593 0.356707 0.006618 0.011324
0 0.362623 0.351481 0.006127 0.00784
0 0.565441 0.351916 0.005882 0.013066
0 0.562255 0.335366 0.004902 0.012195
0 0.263235 0.33689 0.005882 0.02047
0 0.604779 0.327744 0.007598 0.007404
0 0.356495 0.312064 0.008088 0.01176
0 0.603431 0.309233 0.012745 0.008711
0 0.087745 0.29878 0.006373 0.008711
0 0.440564 0.315331 0.120343 0.047038
0 0.329779 0.283319 0.011029 0.012631
0 0.380882 0.289634 0.014216 0.053136
0 0.29277 0.267204 0.009559 0.008275
0 0.33027 0.266551 0.010049 0.016551
0 0.404167 0.266333 0.003922 0.019599
0 0.218995 0.271341 0.0125 0.037456
0 0.309069 0.254138 0.006863 0.006533
0 0.804167 0.270688 0.015196 0.041376
0 0.642034 0.279181 0.033578 0.058362
0 0.605515 0.258711 0.010049 0.017422
0 0.590809 0.256533 0.010539 0.013066
0 0.553922 0.287674 0.092647 0.075348
0 0.458946 0.272213 0.101716 0.044425
0 0.35576 0.269164 0.035049 0.038328
0 0.255025 0.255226 0.011029 0.010453
0 0.231495 0.255444 0.007598 0.010889
0 0.151716 0.274826 0.020588 0.049652
0 0.134436 0.275044 0.013971 0.050087
0 0.011887 0.258057 0.005637 0.016115
