0 0.045883 0.93254 0.009425 0.005291
0 0.087674 0.880952 0.010665 0.005952
0 0.084945 0.866071 0.012649 0.005291
0 0.076885 0.853671 0.008929 0.006283
0 0.125992 0.852348 0.013889 0.008929
0 0.291543 0.846726 0.017113 0.006283
0 0.013889 0.846892 0.011409 0.011243
0 0.145337 0.833499 0.007937 0.006944
0 0.109623 0.828869 0.006448 0.007606
0 0.24814 0.828208 0.021081 0.00959
0 0.2562 0.821594 0.011409 0.007606
0 0.118428 0.817791 0.016121 0.015212
0 0.27567 0.812169 0.016617 0.009259
0 0.306548 0.804894 0.014881 0.003968
0 0.275422 0.777447 0.010169 0.005291
0 0.358135 0.759921 0.006944 0.006614
0 0.030258 0.757771 0.011409 0.00496
0 0.08693 0.755126 0.015625 0.006283
0 0.127108 0.750331 0.053323 0.029762
0 0.933284 0.729828 0.009921 0.010582
0 0.0625 0.724868 0.029266 0.017196
0 0.160714 0.723214 0.008929 0.02381
0 0.066468 0.707176 0.008929 0.012235
0 0.232143 0.702877 0.010417 0.008929
0 0.994172 0.705192 0.011657 0.018849
0 0.887029 0.70172 0.0062 0.012566
0 0.489335 0.70205 0.025794 0.015873
0 0.222842 0.695271 0.010169 0.00496
0 0.026538 0.693122 0.015377 0.015873
0 0.043899 0.68998 0.013393 0.010251
0 0.25124 0.697751 0.033234 0.026455
0 0.21131 0.686177 0.021825 0.011243
0 0.229043 0.68254 0.008185 0.005952
0 0.159598 0.690476 0.036458 0.021825
0 0.859003 0.683697 0.006696 0.010913
0 0.936012 0.677414 0.007937 0.008267
0 0.237599 0.676918 0.012897 0.009259
0 0.21813 0.676091 0.010665 0.010913
0 0.110491 0.682209 0.029018 0.027116
0 0.941344 0.681713 0.035466 0.032738
0 0.009301 0.679398 0.018601 0.032077
0 0.297495 0.666832 0.017609 0.007606
0 0.566468 0.66584 0.009425 0.006283
0 0.082713 0.66369 0.007192 0.005952
0 0.53435 0.662368 0.019097 0.011243
0 0.963666 0.66088 0.035466 0.024802
0 0.158358 0.650959 0.017113 0.010251
0 0.868056 0.652282 0.018353 0.016204
0 0.767237 0.650463 0.004216 0.01455
0 0.842882 0.656746 0.033978 0.03373
0 0.491195 0.662037 0.062252 0.049603
0 0.963914 0.640212 0.008185 0.008598
0 0.99256 0.63922 0.014881 0.011243
0 0.132812 0.631614 0.010169 0.007275
0 0.106399 0.637731 0.035218 0.019511
0 0.985491 0.631283 0.010665 0.010582
0 0.081845 0.630291 0.010913 0.011243
0 0.144717 0.633102 0.019097 0.020833
0 0.21193 0.656415 0.087054 0.071429
0 0.375496 0.625992 0.004464 0.011243
0 0.063864 0.627646 0.015129 0.015873
0 0.543279 0.631448 0.034474 0.025463
0 0.237723 0.620866 0.012649 0.004299
0 0.169643 0.623843 0.02877 0.01422
0 0.788938 0.621693 0.009425 0.010582
0 0.115451 0.619213 0.029514 0.014881
0 0.515997 0.617725 0.008185 0.012566
0 0.934648 0.614418 0.013145 0.006614
0 0.484995 0.622685 0.034474 0.027116
0 0.424727 0.633102 0.031994 0.063823
0 0.312996 0.604663 0.014881 0.012235
0 0.293527 0.60334 0.014633 0.012897
0 0.332837 0.604167 0.014385 0.016534
0 0.792659 0.600198 0.014881 0.010582
0 0.450645 0.602844 0.006448 0.018519
0 0.373388 0.601852 0.009177 0.016534
0 0.462922 0.60119 0.018105 0.01918
0 0.573041 0.594081 0.028522 0.012897
0 0.399926 0.592923 0.019593 0.013228
0 0.358507 0.591601 0.007192 0.013889
0 0.332961 0.585979 0.013145 0.00463
0 0.313988 0.584821 0.014385 0.00496
0 0.03063 0.631283 0.06126 0.098545
0 0.295015 0.583003 0.013641 0.005291
0 0.110739 0.590939 0.017609 0.025794
0 0.124504 0.585813 0.015873 0.018188
0 0.373884 0.583664 0.004216 0.017196
0 0.464038 0.573082 0.008433 0.009259
0 0.109995 0.570767 0.005704 0.006614
0 0.500496 0.576058 0.06994 0.071429
0 0.987475 0.579861 0.02505 0.091601
0 0.230655 0.539683 0.005952 0.017196
0 0.717386 0.53621 0.012153 0.01422
0 0.666915 0.530423 0.006944 0.005952
0 0.161582 0.538194 0.0062 0.026786
0 0.066964 0.531085 0.021825 0.016534
0 0.692088 0.524967 0.014633 0.006283
0 0.228175 0.564484 0.068948 0.087963
0 0.009425 0.52414 0.018849 0.01918
0 0.134177 0.543485 0.011905 0.058532
0 0.71379 0.518519 0.012897 0.013228
0 0.079861 0.571429 0.075397 0.125
0 0.899182 0.515873 0.012153 0.019841
0 0.06002 0.509755 0.006448 0.013558
0 0.692832 0.50463 0.005704 0.013889
0 0.733383 0.50496 0.009425 0.035053
0 0.621156 0.492229 0.008185 0.01422
0 0.228175 0.494544 0.009921 0.020833
0 0.604787 0.486938 0.010169 0.010251
0 0.458953 0.485119 0.005704 0.011905
0 0.596354 0.468089 0.004712 0.018849
0 0.617188 0.458664 0.007688 0.007275
0 0.925471 0.52877 0.026538 0.160714
0 0.222718 0.45916 0.00744 0.02877
0 0.959697 0.438823 0.00372 0.018519
0 0.249256 0.422619 0.009921 0.00463
0 0.970362 0.425265 0.003224 0.016534
0 0.992063 0.42791 0.003968 0.022487
0 0.546255 0.431548 0.028026 0.037037
0 0.136905 0.415509 0.008433 0.016204
0 0.576389 0.412037 0.005456 0.013228
0 0.52443 0.41336 0.02505 0.018519
0 0.555556 0.404266 0.009425 0.00959
0 0.188864 0.400463 0.008185 0.007275
0 0.528894 0.395007 0.010169 0.006283
0 0.672743 0.40162 0.022569 0.023479
0 0.102307 0.393849 0.010665 0.007937
0 0.557912 0.393188 0.00372 0.013228
0 0.482019 0.391369 0.007688 0.012897
0 0.543775 0.388889 0.005704 0.008598
0 0.50062 0.397156 0.03497 0.029762
0 0.950149 0.3917 0.049107 0.024802
0 0.543031 0.379299 0.011657 0.007937
0 0.942212 0.375992 0.006448 0.009259
0 0.93068 0.374669 0.008681 0.011243
0 0.576513 0.373512 0.025546 0.013558
0 0.954985 0.37252 0.016121 0.012235
0 0.705977 0.371032 0.012153 0.009259
0 0.547867 0.368056 0.009425 0.011905
0 0.132564 0.367725 0.012153 0.013228
0 0.971726 0.364253 0.00744 0.016865
0 0.724826 0.359292 0.009177 0.006944
0 0.254216 0.364749 0.016369 0.017857
0 0.110243 0.358466 0.009673 0.006614
0 0.555432 0.360119 0.005704 0.011243
0 0.450149 0.360119 0.009425 0.012566
0 0.651786 0.354993 0.007937 0.006283
0 0.068328 0.35086 0.010169 0.005291
0 0.118676 0.351687 0.008681 0.008267
0 0.941716 0.356316 0.013393 0.018849
0 0.664435 0.35086 0.00496 0.007937
0 0.454985 0.351356 0.011657 0.012235
0 0.958705 0.35334 0.016121 0.016865
0 0.543031 0.34127 0.008185 0.007275
0 0.642609 0.344577 0.009425 0.015212
0 0.436756 0.354167 0.024306 0.035714
0 0.131944 0.341435 0.011409 0.010913
0 0.382068 0.342923 0.007192 0.015212
0 0.366443 0.361111 0.051339 0.058862
0 0.53001 0.333664 0.006448 0.007275
0 0.369916 0.333333 0.008185 0.012566
0 0.430432 0.334491 0.020585 0.016865
0 0.579489 0.335483 0.013641 0.020833
0 0.651166 0.3292 0.008185 0.01422
0 0.344866 0.325728 0.024554 0.013889
0 0.574405 0.325728 0.008433 0.015212
0 0.007316 0.340939 0.014633 0.049603
0 0.21813 0.31994 0.005704 0.010251
0 0.355035 0.314815 0.008185 0.005952
0 0.003968 0.313492 0.007937 0.007937
0 0.968254 0.320106 0.026786 0.026455
0 0.892485 0.311839 0.016617 0.009921
0 0.030506 0.391038 0.030754 0.170304
0 0.606771 0.384425 0.069692 0.161045
0 0.019097 0.301753 0.010417 0.015542
0 0.052331 0.301918 0.016369 0.021825
0 0.215898 0.292493 0.010665 0.012235
0 0.977555 0.289683 0.005704 0.009921
0 0.377232 0.305225 0.035218 0.04828
0 0.971602 0.284061 0.006696 0.007275
0 0.56932 0.291997 0.033482 0.02381
0 0.653274 0.281415 0.005952 0.007275
0 0.498016 0.283234 0.00744 0.011574
0 0.455853 0.284226 0.010913 0.014881
0 0.9344 0.29084 0.065724 0.035384
0 0.518105 0.286706 0.027282 0.036376
0 0.232267 0.277447 0.023562 0.023148
0 0.65811 0.271329 0.012649 0.012897
0 0.625496 0.267526 0.012897 0.007937
0 0.132068 0.269015 0.013641 0.010913
0 0.642857 0.270007 0.012897 0.016865
0 0.59561 0.281085 0.054812 0.041005
0 0.373512 0.26455 0.015377 0.022487
0 0.675595 0.256448 0.005456 0.008267
0 0.601314 0.262731 0.015625 0.021495
0 0.990203 0.260913 0.019593 0.021825
0 0.690104 0.255126 0.005704 0.010251
0 0.658978 0.253472 0.011409 0.006944
0 0.646825 0.255622 0.009921 0.011243
0 0.626116 0.256118 0.020585 0.012235
0 0.524182 0.26455 0.044891 0.029101
0 0.490327 0.265873 0.020337 0.031746
0 0.433904 0.267196 0.054812 0.034392
0 0.203497 0.259259 0.013145 0.018519
0 0.192088 0.253472 0.010665 0.006944
0 0.08817 0.252976 0.008185 0.005952
0 0.021205 0.278108 0.042411 0.056217
