0 0.019593 0.997189 0.00744 0.005622
0 0.93998 0.995866 0.005456 0.008267
0 0.955605 0.992725 0.00744 0.01455
0 0.007812 0.991402 0.013145 0.017196
0 0.99566 0.983796 0.008681 0.021164
0 0.014013 0.84871 0.028026 0.020172
0 0.036086 0.844742 0.009673 0.012897
0 0.833457 0.841766 0.008681 0.010913
0 0.823413 0.833664 0.010417 0.010582
0 0.040055 0.824074 0.008185 0.009259
0 0.024554 0.818618 0.021329 0.022156
0 0.089658 0.810185 0.008681 0.013889
0 0.104043 0.798115 0.010169 0.007606
0 0.113219 0.79084 0.009673 0.006283
0 0.170015 0.791171 0.013145 0.007606
0 0.12128 0.787864 0.008433 0.010913
0 0.605407 0.780093 0.014881 0.01455
0 0.143849 0.77662 0.016369 0.008929
0 0.823909 0.771991 0.007937 0.007606
0 0.576389 0.765377 0.008929 0.016865
0 0.972594 0.760747 0.010665 0.010913
0 0.517733 0.757937 0.006696 0.006614
0 0.164683 0.755291 0.019345 0.009921
0 0.113467 0.751984 0.013641 0.009259
0 0.191468 0.752976 0.027282 0.019841
0 0.40005 0.747851 0.011409 0.011574
0 0.137897 0.729332 0.013889 0.008267
0 0.792163 0.727679 0.018849 0.021495
0 0.90439 0.71627 0.005704 0.010582
0 0.580977 0.708829 0.010169 0.007606
0 0.712302 0.707507 0.007937 0.010913
0 0.590526 0.699239 0.008433 0.008929
0 0.536334 0.698743 0.024058 0.023148
0 0.506076 0.690311 0.007192 0.008267
0 0.34623 0.687335 0.008433 0.010913
0 0.356647 0.685351 0.007937 0.008267
0 0.454365 0.685185 0.009921 0.011243
0 0.767733 0.684854 0.010169 0.011243
0 0.676339 0.686508 0.010417 0.028439
0 0.603671 0.675595 0.005456 0.009921
0 0.529638 0.676257 0.014633 0.011905
0 0.568328 0.688988 0.034474 0.038029
0 0.513145 0.674934 0.004464 0.011905
0 0.397321 0.668155 0.00496 0.012897
0 0.854043 0.677083 0.024058 0.032077
0 0.905754 0.674934 0.043155 0.028439
0 0.843998 0.664517 0.006944 0.008267
0 0.821057 0.662202 0.015129 0.010913
0 0.588418 0.660218 0.010169 0.006944
0 0.416915 0.65162 0.036706 0.026124
0 0.974578 0.642857 0.008185 0.012566
0 0.348586 0.657573 0.094494 0.044643
0 0.783358 0.640046 0.007688 0.012235
0 0.850198 0.630291 0.006944 0.007937
0 0.99628 0.630126 0.00744 0.012235
0 0.828745 0.626819 0.016617 0.007606
0 0.39943 0.624173 0.005704 0.010913
0 0.917163 0.602348 0.007937 0.007606
0 0.893973 0.631614 0.107887 0.066799
0 0.401662 0.602183 0.007688 0.011905
0 0.736111 0.606316 0.008433 0.021495
0 0.452629 0.599041 0.008433 0.008929
0 0.424851 0.599206 0.008929 0.013889
0 0.158358 0.59375 0.022073 0.011574
0 0.62624 0.589947 0.00496 0.010582
0 0.211434 0.590443 0.009673 0.01422
0 0.939236 0.589616 0.010913 0.01455
0 0.337798 0.592593 0.016865 0.022487
0 0.586062 0.585979 0.012897 0.01455
0 0.180432 0.589451 0.039435 0.021495
0 0.917287 0.582011 0.016617 0.013889
0 0.585938 0.576885 0.007192 0.00959
0 0.617932 0.582341 0.013145 0.021825
0 0.953497 0.58168 0.022073 0.021825
0 0.741567 0.582176 0.014881 0.028108
0 0.548363 0.583995 0.012401 0.036376
0 0.099702 0.568948 0.005952 0.012235
0 0.123264 0.56994 0.008433 0.018188
0 0.962302 0.566468 0.005456 0.013228
0 0.717262 0.575728 0.028274 0.035714
0 0.602431 0.565807 0.023313 0.017196
0 0.211682 0.562004 0.012153 0.00959
0 0.075769 0.573082 0.044891 0.047619
0 0.940724 0.561673 0.033234 0.031415
0 0.993428 0.546627 0.010665 0.006614
0 0.983631 0.546792 0.006448 0.010913
0 0.09189 0.541832 0.008185 0.010913
0 0.837178 0.536706 0.008681 0.01455
0 0.932664 0.532407 0.010665 0.009259
0 0.482267 0.534722 0.012649 0.013889
0 0.954117 0.531085 0.005952 0.011243
0 0.850074 0.528108 0.006696 0.006614
0 0.097346 0.528935 0.00372 0.012897
0 0.133681 0.538856 0.020833 0.036045
0 0.892609 0.527116 0.010417 0.01455
0 0.122768 0.524306 0.006944 0.008929
0 0.929688 0.515212 0.007688 0.007275
0 0.644841 0.532573 0.027778 0.04332
0 0.825149 0.515873 0.004464 0.012566
0 0.412574 0.517196 0.013641 0.023148
0 0.941468 0.500331 0.00496 0.008598
0 0.809152 0.497024 0.004712 0.01455
0 0.476935 0.494048 0.011409 0.008598
0 0.412946 0.497685 0.011905 0.016534
0 0.454613 0.499504 0.025298 0.023479
0 0.820561 0.499008 0.014137 0.025794
0 0.903522 0.489087 0.010417 0.015212
0 0.795263 0.477513 0.012649 0.009259
0 0.462674 0.472884 0.005704 0.009259
0 0.697049 0.472884 0.015129 0.010582
0 0.74628 0.471396 0.006944 0.008929
0 0.975446 0.487269 0.049107 0.044643
0 0.81312 0.469246 0.004216 0.011905
0 0.994916 0.469742 0.010169 0.020833
0 0.723462 0.462302 0.006944 0.006614
0 0.716022 0.462632 0.006448 0.008598
0 0.909226 0.459987 0.005952 0.007275
0 0.828001 0.462963 0.008681 0.017196
0 0.781498 0.460317 0.007937 0.016534
0 0.899926 0.457507 0.014137 0.012897
0 0.872024 0.455688 0.005952 0.012566
0 0.02877 0.462302 0.009921 0.025794
0 0.088666 0.459987 0.016121 0.035714
0 0.912822 0.444775 0.005208 0.008598
0 0.797247 0.44709 0.023562 0.01455
0 0.105655 0.435847 0.00496 0.013228
0 0.147073 0.446925 0.031746 0.045304
0 0.159102 0.417328 0.008185 0.011243
0 0.87934 0.416832 0.026538 0.024802
0 0.198909 0.441138 0.073909 0.081349
0 0.862971 0.399636 0.005704 0.007606
0 0.164683 0.399471 0.009921 0.012566
0 0.908358 0.399636 0.004712 0.015542
0 0.884549 0.389881 0.008185 0.008598
0 0.196181 0.394676 0.022817 0.019511
0 0.231895 0.390212 0.015377 0.012566
0 0.227431 0.373016 0.010417 0.011243
0 0.246404 0.374669 0.018601 0.017857
0 0.834077 0.412864 0.068948 0.097553
0 0.091146 0.37996 0.020585 0.035053
0 0.183656 0.375661 0.019097 0.028439
0 0.805556 0.389054 0.018353 0.061177
0 0.214658 0.361607 0.0062 0.00959
0 0.249008 0.351025 0.009425 0.006944
0 0.037326 0.397156 0.031498 0.101852
0 0.271453 0.351356 0.010169 0.013558
0 0.0031 0.344411 0.0062 0.011574
0 0.15935 0.342758 0.012153 0.016204
0 0.935764 0.344577 0.00496 0.020503
0 0.931548 0.364583 0.040675 0.063161
0 0.301215 0.34375 0.02505 0.026786
0 0.311632 0.333664 0.009177 0.012566
0 0.983631 0.330026 0.011905 0.008598
0 0.93068 0.328538 0.006696 0.00959
0 0.864583 0.335813 0.025794 0.024802
0 0.344246 0.331349 0.012897 0.019841
0 0.226066 0.336144 0.024058 0.035384
0 0.256076 0.333995 0.033978 0.033069
0 0.995164 0.306217 0.009673 0.013889
0 0.024802 0.306052 0.019345 0.023479
0 0.846106 0.296627 0.015129 0.009259
0 0.140501 0.298115 0.005208 0.012235
0 0.830977 0.300099 0.007192 0.018188
0 0.969618 0.302414 0.020089 0.023479
0 0.227679 0.296792 0.008929 0.012235
0 0.009797 0.305225 0.019593 0.030423
0 0.301711 0.290344 0.012153 0.008598
0 0.902654 0.290344 0.018601 0.01455
0 0.103547 0.320767 0.042907 0.087963
0 0.030134 0.287202 0.013641 0.022817
0 0.34685 0.274967 0.008185 0.008929
0 0.814732 0.277447 0.009425 0.016534
0 0.843378 0.272652 0.005704 0.010251
0 0.362847 0.275463 0.008929 0.021825
0 0.824529 0.256448 0.004712 0.008929
0 0.93502 0.25496 0.00744 0.008598
0 0.804439 0.258598 0.015129 0.017196
0 0.33941 0.254464 0.010665 0.008929
