0 0.413318 0.94709 0.009673 0.013889
0 0.751984 0.8917 0.007937 0.006944
0 0.00744 0.838294 0.008929 0.013889
0 0.205233 0.811343 0.0062 0.00959
0 0.084821 0.808366 0.010417 0.00959
0 0.038194 0.811177 0.021329 0.015212
0 0.064236 0.797288 0.011905 0.006614
0 0.009177 0.803571 0.018353 0.037037
0 0.394221 0.784722 0.031002 0.011243
0 0.46131 0.780423 0.006448 0.013228
0 0.061508 0.777282 0.007937 0.00959
0 0.052579 0.77629 0.010913 0.01422
0 0.328249 0.768353 0.012649 0.007606
0 0.438988 0.776455 0.020833 0.024471
0 0.070188 0.758433 0.013393 0.011574
0 0.010913 0.726356 0.021825 0.040675
0 0.045635 0.695437 0.012401 0.005291
0 0.013765 0.68998 0.008185 0.021495
0 0.312004 0.684028 0.008929 0.012235
0 0.005456 0.68998 0.010913 0.03869
0 0.387525 0.659557 0.007688 0.007606
0 0.363839 0.655258 0.016865 0.006283
0 0.764385 0.640046 0.008929 0.005622
0 0.027282 0.626819 0.005456 0.008267
0 0.382564 0.624835 0.011161 0.006944
0 0.005952 0.624669 0.011905 0.036376
0 0.792039 0.706845 0.163442 0.216601
0 0.188244 0.587963 0.015873 0.027116
0 0.210069 0.571263 0.019841 0.040675
0 0.982143 0.560351 0.035714 0.033399
0 0.25124 0.535384 0.015377 0.019841
0 0.892609 0.526455 0.010417 0.003307
0 0.264509 0.526951 0.0062 0.012235
0 0.458209 0.510417 0.004712 0.006944
0 0.996156 0.501488 0.007688 0.010913
0 0.649926 0.504464 0.018601 0.024802
0 0.840278 0.487599 0.013889 0.00496
0 0.944816 0.479828 0.110367 0.044312
0 0.795015 0.462963 0.03745 0.021825
0 0.885913 0.447751 0.016369 0.020503
0 0.743924 0.430556 0.018601 0.006614
0 0.498512 0.429563 0.021329 0.010582
0 0.517609 0.426753 0.008433 0.006944
0 0.856523 0.406415 0.014633 0.009921
0 0.303819 0.402282 0.005952 0.010913
0 0.760293 0.398148 0.0062 0.009921
0 0.864211 0.393022 0.007688 0.008929
0 0.327009 0.383433 0.005208 0.01422
0 0.350074 0.38922 0.014633 0.037037
0 0.90315 0.381118 0.020585 0.023479
0 0.613715 0.360119 0.026538 0.037698
0 0.392113 0.359954 0.018849 0.061177
0 0.745412 0.343254 0.011161 0.036376
0 0.487847 0.320271 0.007937 0.007606
0 0.702257 0.322255 0.003224 0.016204
0 0.109251 0.309524 0.017113 0.00463
0 0.084325 0.309358 0.008929 0.004299
0 0.649926 0.337467 0.047371 0.063161
0 0.673115 0.309524 0.005456 0.008598
0 0.43626 0.372354 0.074901 0.134259
0 0.683036 0.302745 0.007937 0.010913
0 0.520089 0.32953 0.096726 0.070437
0 0.701513 0.299438 0.006696 0.016204
0 0.487227 0.290344 0.0062 0.008598
0 0.943948 0.312169 0.008929 0.053571
0 0.435268 0.288525 0.009425 0.012897
0 0.633433 0.285714 0.006944 0.007937
0 0.688244 0.288029 0.020833 0.01455
0 0.214534 0.279266 0.012897 0.006283
0 0.68316 0.279927 0.006696 0.008267
0 0.777778 0.359292 0.051587 0.167659
0 0.414807 0.284557 0.012649 0.026786
0 0.454861 0.275463 0.00496 0.009921
0 0.873512 0.305225 0.024802 0.081349
0 0.452009 0.265542 0.008185 0.015873
0 0.054191 0.258763 0.022569 0.006283
0 0.111359 0.255456 0.011409 0.006944
0 0.874504 0.255787 0.015377 0.011574
0 0.772569 0.270668 0.063988 0.041336
0 0.392361 0.275298 0.027282 0.050595
0 0.21441 0.253307 0.009673 0.006614
