0 0.137773 0.995536 0.005704 0.008929
0 0.794767 0.995205 0.016121 0.00959
0 0.260417 0.990575 0.00496 0.006944
0 0.840402 0.991402 0.015625 0.009921
0 0.21627 0.992725 0.024802 0.01455
0 0.289187 0.99256 0.017361 0.014881
0 0.751736 0.991237 0.011905 0.017526
0 0.835193 0.984954 0.011161 0.015542
0 0.116443 0.986276 0.031498 0.019511
0 0.770213 0.979663 0.004712 0.006944
0 0.354167 0.97834 0.014881 0.012897
0 0.302827 0.977679 0.00744 0.012897
0 0.84561 0.977844 0.0062 0.01455
0 0.34189 0.971396 0.007192 0.008267
0 0.790179 0.978175 0.017361 0.028439
0 0.34375 0.96412 0.009425 0.010913
0 0.729043 0.977844 0.039435 0.044312
0 0.629712 0.959325 0.014881 0.013889
0 0.777034 0.959821 0.021825 0.019511
0 0.423239 0.955853 0.013145 0.011574
0 0.722966 0.955192 0.009425 0.012235
0 0.599578 0.956349 0.019097 0.017196
0 0.34437 0.951554 0.007192 0.00959
0 0.733507 0.94957 0.007688 0.008267
0 0.589534 0.946098 0.00744 0.007275
0 0.503596 0.948413 0.0062 0.015212
0 0.749628 0.951224 0.014137 0.021495
0 0.640873 0.94709 0.014881 0.013228
0 0.711558 0.942791 0.006944 0.009259
0 0.624256 0.941468 0.008433 0.006614
0 0.616071 0.945602 0.009425 0.015542
0 0.584945 0.939153 0.007688 0.008598
0 0.739335 0.937996 0.013889 0.00959
0 0.701885 0.932374 0.006448 0.006944
0 0.799851 0.933036 0.009921 0.008929
0 0.494172 0.931548 0.0062 0.007937
0 0.389757 0.949239 0.064732 0.045966
0 0.725322 0.932705 0.010665 0.022817
0 0.5031 0.922454 0.007192 0.010251
0 0.513269 0.91832 0.007688 0.006614
0 0.995908 0.918651 0.008185 0.010582
0 0.65687 0.912037 0.010169 0.015212
0 0.332713 0.907903 0.005704 0.006944
0 0.992312 0.904431 0.015377 0.007275
0 0.511781 0.905258 0.011161 0.010913
0 0.592138 0.905258 0.011657 0.016204
0 0.610987 0.896164 0.005704 0.005952
0 0.472594 0.923942 0.040923 0.062169
0 0.626984 0.891534 0.006944 0.015212
0 0.579489 0.891534 0.011657 0.015873
0 0.605035 0.884425 0.011161 0.010913
0 0.480159 0.885086 0.011905 0.016865
0 0.343998 0.910549 0.039187 0.075728
0 0.569568 0.876984 0.007688 0.012566
0 0.560144 0.87037 0.008681 0.008598
0 0.639757 0.868221 0.008185 0.007606
0 0.340154 0.86789 0.009177 0.007606
0 0.395461 0.865079 0.016617 0.013228
0 0.044271 0.862765 0.008681 0.011905
0 0.050471 0.849868 0.015625 0.015212
0 0.893601 0.846396 0.009921 0.010913
0 0.520585 0.835317 0.009921 0.011243
0 0.415427 0.834325 0.005952 0.009921
0 0.396329 0.831845 0.012401 0.00959
0 0.512649 0.829861 0.00496 0.010913
0 0.510169 0.841435 0.022817 0.036706
0 0.098586 0.824074 0.013145 0.01455
0 0.958457 0.820106 0.008185 0.007275
0 0.529266 0.887731 0.084821 0.146495
0 0.989211 0.802579 0.021577 0.012566
0 0.675099 0.79795 0.012401 0.006614
0 0.754712 0.792989 0.009921 0.005291
0 0.960441 0.794147 0.005704 0.010251
0 0.617808 0.794478 0.020337 0.01422
0 0.551587 0.792328 0.007937 0.009921
0 0.638145 0.793981 0.021825 0.015212
0 0.922867 0.803241 0.036706 0.039021
0 0.002728 0.787202 0.005456 0.010913
0 0.526538 0.799438 0.035714 0.038029
0 0.592758 0.791336 0.02381 0.022487
0 0.020709 0.786045 0.012153 0.013228
0 0.572173 0.791501 0.023313 0.026124
0 0.719122 0.780919 0.010665 0.010251
0 0.055308 0.784392 0.019841 0.018519
0 0.741939 0.789021 0.03745 0.029101
0 0.419767 0.794808 0.055804 0.041336
0 0.469122 0.787533 0.039435 0.028108
0 0.141493 0.776455 0.006696 0.007937
0 0.041295 0.777943 0.022073 0.013558
0 0.167535 0.770337 0.005208 0.007606
0 0.687872 0.774636 0.026042 0.018849
0 0.054936 0.766038 0.010169 0.00959
0 0.149182 0.764716 0.009673 0.007606
0 0.065724 0.761574 0.015377 0.009259
0 0.028398 0.76422 0.043403 0.021825
0 0.674975 0.754464 0.007192 0.007606
0 0.512153 0.751323 0.012401 0.005291
0 0.464782 0.752646 0.012401 0.009259
0 0.898686 0.75 0.008185 0.006614
0 0.054688 0.751323 0.014633 0.009921
0 0.434896 0.752811 0.041915 0.020833
0 0.035838 0.746362 0.012649 0.009259
0 0.420883 0.743717 0.007937 0.008598
0 0.508805 0.741733 0.010169 0.005952
0 0.714038 0.751488 0.036706 0.031415
0 0.547867 0.732804 0.008433 0.009921
0 0.869668 0.726521 0.004712 0.007937
0 0.529142 0.727513 0.008185 0.015873
0 0.877728 0.714782 0.008433 0.00959
0 0.460441 0.726687 0.034474 0.04332
0 0.245288 0.708664 0.009921 0.010582
0 0.449777 0.700397 0.010169 0.005291
0 0.533358 0.682044 0.012649 0.007606
0 0.100694 0.667824 0.008433 0.00959
0 0.484003 0.664517 0.008681 0.010251
0 0.044271 0.667989 0.008185 0.021825
0 0.361235 0.662533 0.009177 0.013558
0 0.334945 0.660053 0.014137 0.009921
0 0.140005 0.656415 0.009673 0.007937
0 0.521329 0.660549 0.005952 0.016865
0 0.485615 0.652116 0.014881 0.005291
0 0.40873 0.648644 0.006448 0.007606
0 0.298363 0.650463 0.011905 0.011905
0 0.490327 0.643353 0.012897 0.011574
0 0.046131 0.643684 0.005952 0.01422
0 0.237227 0.637897 0.006696 0.007275
0 0.107887 0.632937 0.00744 0.010582
0 0.74876 0.624504 0.006448 0.011574
0 0.53187 0.620866 0.012649 0.005622
0 0.394965 0.626653 0.014137 0.021164
0 0.83693 0.618717 0.008681 0.005952
0 0.234623 0.623677 0.008929 0.016534
0 0.170511 0.621197 0.014633 0.013558
0 0.702877 0.642692 0.03125 0.059193
0 0.249132 0.617725 0.009673 0.009259
0 0.995784 0.621032 0.008433 0.017857
0 0.223462 0.618056 0.012897 0.012566
0 0.078621 0.615741 0.008929 0.008598
0 0.329613 0.624008 0.03869 0.031085
0 0.147693 0.614749 0.014137 0.017196
0 0.099206 0.622354 0.02381 0.032407
0 0.423983 0.614418 0.019097 0.021825
0 0.125124 0.609954 0.011161 0.018849
0 0.230779 0.604167 0.011161 0.009921
0 0.038814 0.602513 0.010169 0.013228
0 0.305432 0.601356 0.007688 0.011574
0 0.288318 0.602679 0.007688 0.01422
0 0.866443 0.59871 0.008185 0.010251
0 0.053943 0.600364 0.007192 0.014881
0 0.497396 0.604001 0.017609 0.024802
0 0.227679 0.596561 0.009425 0.009921
0 0.103299 0.59838 0.007192 0.01422
0 0.260789 0.59838 0.008681 0.015542
0 0.93688 0.591931 0.013145 0.005291
0 0.172743 0.599372 0.031498 0.022817
0 0.445561 0.591435 0.014633 0.008267
0 0.425471 0.595073 0.015625 0.016865
0 0.882564 0.590774 0.010665 0.010913
0 0.332217 0.594577 0.016617 0.028439
0 0.393229 0.603671 0.039435 0.047288
0 0.023189 0.585317 0.008681 0.010582
0 0.012773 0.59127 0.009177 0.023148
0 0.273562 0.587632 0.015873 0.016534
0 0.241071 0.587302 0.00744 0.015873
0 0.114459 0.592427 0.014633 0.032077
0 0.260789 0.580026 0.008681 0.008598
0 0.101935 0.581349 0.010417 0.01918
0 0.932044 0.573082 0.011905 0.005952
0 0.007564 0.575893 0.0062 0.012897
0 0.513889 0.579861 0.032242 0.030754
0 0.206473 0.575728 0.023065 0.026455
0 0.153026 0.578869 0.049107 0.041336
0 0.014137 0.561839 0.008433 0.007275
0 0.93564 0.561508 0.005704 0.010582
0 0.242436 0.5625 0.0062 0.015212
0 0.25062 0.566138 0.012649 0.032407
0 0.029142 0.562004 0.016617 0.02414
0 0.387649 0.55291 0.009425 0.009921
0 0.361979 0.553075 0.006696 0.011574
0 0.192088 0.556548 0.021577 0.021825
0 0.935888 0.549769 0.007192 0.010251
0 0.365947 0.54332 0.010169 0.008598
0 0.06064 0.538856 0.015129 0.01422
0 0.698909 0.531746 0.00744 0.009921
0 0.968998 0.538194 0.042163 0.024802
0 0.985243 0.529597 0.011161 0.00959
0 0.082465 0.520833 0.012649 0.013228
0 0.066344 0.515212 0.021577 0.005952
0 0.917907 0.523644 0.021329 0.023479
0 0.760913 0.52662 0.046131 0.036045
0 0.990699 0.517692 0.018601 0.023479
0 0.707961 0.528274 0.037946 0.05787
0 0.019097 0.499008 0.017361 0.007275
0 0.558904 0.493386 0.009673 0.006614
0 0.947793 0.490741 0.0062 0.006614
0 0.742684 0.495866 0.013641 0.017526
0 0.791915 0.488261 0.005456 0.01422
0 0.274554 0.48578 0.009425 0.010582
0 0.290799 0.480985 0.009177 0.012235
0 0.771205 0.48793 0.031002 0.030754
0 0.705357 0.484292 0.029266 0.035384
0 0.668651 0.467923 0.009425 0.010582
0 0.772693 0.466435 0.006696 0.008267
0 0.753472 0.464947 0.00744 0.013889
0 0.726314 0.466601 0.008681 0.026455
0 0.633185 0.455192 0.010417 0.006944
0 0.616443 0.457341 0.018601 0.027778
0 0.754464 0.442791 0.010417 0.013889
0 0.741071 0.457507 0.017857 0.045304
0 0.699405 0.431713 0.009425 0.008267
0 0.676091 0.434358 0.008929 0.016204
0 0.735243 0.42791 0.007192 0.011905
0 0.715774 0.427083 0.020337 0.018188
0 0.738839 0.408399 0.009425 0.013889
0 0.773934 0.409226 0.013641 0.017526
0 0.638765 0.402282 0.008185 0.00959
0 0.829861 0.400298 0.009425 0.012235
0 0.755208 0.40162 0.021825 0.015542
0 0.702629 0.400794 0.012401 0.024471
0 0.78683 0.393849 0.009177 0.011905
0 0.691096 0.392526 0.0062 0.009921
0 0.626736 0.390046 0.007937 0.008267
0 0.640377 0.38707 0.018353 0.008929
0 0.812624 0.377811 0.018601 0.026786
0 0.695561 0.373181 0.015129 0.017526
0 0.74876 0.369213 0.009921 0.011574
0 0.849454 0.361276 0.012401 0.016865
0 0.715526 0.347884 0.00744 0.012566
0 0.381448 0.287037 0.011409 0.01455
