0 0.998016 0.981978 0.003968 0.01422
0 0.268353 0.963955 0.019841 0.050926
0 0.455977 0.90162 0.008681 0.017526
0 0.956597 0.926918 0.086806 0.102513
0 0.011781 0.916501 0.023562 0.091601
0 0.912946 0.864749 0.006944 0.007275
0 0.391989 0.868717 0.012649 0.027116
0 0.361111 0.856481 0.028274 0.011905
0 0.658234 0.838128 0.017361 0.00959
0 0.048115 0.871858 0.042659 0.122685
0 0.886533 0.813823 0.028026 0.021825
0 0.092014 0.835813 0.038194 0.105489
0 0.479415 0.783234 0.006448 0.008929
0 0.508557 0.767526 0.007192 0.007937
0 0.396577 0.76703 0.017361 0.020172
0 0.412326 0.755787 0.0062 0.006944
0 0.321429 0.723876 0.031746 0.023148
0 0.833333 0.784722 0.148313 0.159392
0 0.267981 0.706019 0.042411 0.041667
0 0.377356 0.67543 0.019097 0.011574
0 0.337054 0.662698 0.011409 0.013228
0 0.408606 0.653935 0.007688 0.016865
0 0.544519 0.638393 0.009673 0.006283
0 0.372892 0.655258 0.055308 0.04332
0 0.151166 0.635251 0.007688 0.005952
0 0.37252 0.627149 0.015873 0.014881
0 0.279266 0.625 0.035218 0.032407
0 0.442336 0.629795 0.059276 0.04795
0 0.477555 0.603836 0.048363 0.041667
0 0.828993 0.583168 0.007192 0.008267
0 0.645089 0.568783 0.00744 0.006614
0 0.825893 0.552579 0.008929 0.006614
0 0.990203 0.543651 0.011657 0.005291
0 0.768849 0.535218 0.011409 0.005622
0 0.620784 0.544312 0.036706 0.042989
0 0.859871 0.520668 0.005952 0.006283
0 0.751364 0.502315 0.016617 0.011243
0 0.790675 0.501819 0.012401 0.015542
0 0.85057 0.496528 0.035962 0.01422
0 0.517733 0.484788 0.049851 0.01455
0 0.1813 0.489253 0.077381 0.039352
0 0.766245 0.471726 0.012649 0.007606
0 0.254712 0.502149 0.058532 0.071759
0 0.385913 0.468419 0.00496 0.00959
0 0.709077 0.460317 0.004464 0.010582
0 0.36818 0.45916 0.012153 0.012235
0 0.773313 0.45172 0.015377 0.016534
0 0.295883 0.441468 0.013393 0.007275
0 0.154638 0.440146 0.021577 0.007275
0 0.312996 0.440146 0.016865 0.007937
0 0.746776 0.450397 0.016865 0.033069
0 0.185144 0.437831 0.029018 0.007937
0 0.208085 0.436177 0.00744 0.006614
0 0.251612 0.43254 0.020089 0.007937
0 0.286954 0.43039 0.013889 0.00496
0 0.557912 0.438327 0.039435 0.022817
0 0.153894 0.429067 0.022569 0.007606
0 0.305308 0.428075 0.016369 0.007606
0 0.184276 0.426587 0.029266 0.008598
0 0.206845 0.424603 0.006944 0.006614
0 0.320437 0.452381 0.06994 0.064153
0 0.251984 0.420304 0.015873 0.007937
0 0.152902 0.417824 0.022569 0.007606
0 0.183408 0.414848 0.029018 0.008929
0 0.303323 0.414683 0.03373 0.010582
0 0.514881 0.428902 0.055556 0.051587
0 0.151786 0.406581 0.022321 0.007606
0 0.253596 0.407407 0.029514 0.009921
0 0.041419 0.414517 0.082837 0.02877
0 0.182416 0.402943 0.029018 0.008929
0 0.209201 0.400132 0.015625 0.006614
0 0.299107 0.40162 0.040179 0.010913
0 0.227183 0.397817 0.011905 0.007937
0 0.243924 0.395668 0.012153 0.006944
0 0.150794 0.395172 0.02381 0.008598
0 0.49814 0.397321 0.012649 0.01422
0 0.267237 0.393188 0.011161 0.008598
0 0.181424 0.391534 0.03001 0.009921
0 0.206597 0.388228 0.012401 0.007937
0 0.298239 0.388062 0.040427 0.010913
0 0.476438 0.3917 0.010417 0.020172
0 0.595486 0.386409 0.011905 0.012235
0 0.009549 0.381118 0.006696 0.005622
0 0.582217 0.3917 0.011657 0.030754
0 0.267237 0.37996 0.009673 0.008598
0 0.296627 0.374835 0.038194 0.010913
0 0.032614 0.373512 0.004712 0.00959
0 0.065848 0.373347 0.019593 0.011905
0 0.493428 0.367063 0.019097 0.013228
0 0.571057 0.356481 0.005704 0.007937
0 0.037202 0.362765 0.074405 0.027116
0 0.591394 0.354497 0.009177 0.011243
0 0.118428 0.351687 0.0062 0.010251
0 0.585317 0.346892 0.006448 0.009259
0 0.607639 0.344907 0.00744 0.013889
0 0.389509 0.354993 0.017113 0.03869
0 0.678695 0.337467 0.008681 0.008929
0 0.651662 0.331184 0.004712 0.008267
0 0.115575 0.331019 0.008929 0.009259
0 0.561384 0.328538 0.007192 0.010913
0 0.664062 0.324901 0.006696 0.008267
0 0.009549 0.325728 0.011657 0.011243
0 0.59995 0.326554 0.015377 0.020172
0 0.738839 0.372189 0.051091 0.112765
0 0.544643 0.316964 0.00744 0.008929
0 0.587178 0.313327 0.007192 0.008267
0 0.43378 0.326554 0.018849 0.034722
0 0.561012 0.313823 0.011409 0.011905
0 0.623884 0.32672 0.03001 0.042328
0 0.234375 0.316964 0.021825 0.024802
0 0.425099 0.305721 0.005456 0.010251
0 0.652406 0.305225 0.015129 0.016534
0 0.766493 0.320933 0.020089 0.049272
0 0.689608 0.315642 0.029514 0.03869
0 0.548735 0.297454 0.028026 0.02414
0 0.363219 0.301091 0.02753 0.035384
0 0.032986 0.296792 0.065972 0.027447
0 0.395833 0.300595 0.011409 0.039683
0 0.679563 0.284888 0.022817 0.016865
0 0.374256 0.278604 0.005952 0.007606
0 0.544643 0.273479 0.00744 0.007937
0 0.005704 0.273148 0.011409 0.012566
0 0.234499 0.269676 0.009673 0.00959
0 0.054688 0.266369 0.008681 0.00959
0 0.668031 0.263228 0.008185 0.009259
0 0.648562 0.265377 0.017361 0.013558
0 0.399554 0.265708 0.010913 0.019511
0 0.71751 0.253142 0.006944 0.006283
0 0.699405 0.260582 0.018849 0.021164
0 0.656622 0.252646 0.009177 0.005291
0 0.466022 0.275959 0.048611 0.051918
0 0.41183 0.301091 0.019097 0.102183
0 0.392733 0.254134 0.007688 0.008267
0 0.383309 0.265377 0.010169 0.030754
0 0.36756 0.261078 0.012897 0.022156
0 0.362103 0.273479 0.043155 0.046958
