0 0.100942 0.993717 0.011409 0.012566
0 0.086434 0.966931 0.009177 0.008598
0 0.10119 0.967923 0.011905 0.013228
0 0.11818 0.97371 0.02753 0.029431
0 0.081225 0.958829 0.007688 0.006944
0 0.129464 0.94494 0.008929 0.012897
0 0.139509 0.937169 0.007688 0.013889
0 0.113839 0.925926 0.006448 0.011243
0 0.155258 0.915344 0.00496 0.007937
0 0.166667 0.899306 0.010417 0.010913
0 0.125868 0.892196 0.015129 0.025132
0 0.024554 0.88459 0.015377 0.009921
0 0.134549 0.873016 0.008185 0.008598
0 0.019345 0.856481 0.008929 0.022487
0 0.031498 0.799934 0.011409 0.012566
0 0.942584 0.770833 0.008681 0.01455
0 0.246156 0.760251 0.005208 0.008598
0 0.948165 0.76455 0.017361 0.024471
0 0.106027 0.742725 0.015129 0.010582
0 0.289683 0.739418 0.011409 0.007275
0 0.265873 0.73297 0.005952 0.010251
0 0.292659 0.729663 0.008929 0.008267
0 0.982887 0.720899 0.034226 0.026455
0 0.94122 0.704034 0.011905 0.003968
0 0.919891 0.706515 0.018849 0.010251
0 0.896205 0.701389 0.008681 0.012566
0 0.877728 0.693948 0.011905 0.010251
0 0.866443 0.686177 0.011657 0.009921
0 0.321677 0.686508 0.006944 0.010582
0 0.313368 0.686673 0.008681 0.013558
0 0.940848 0.69494 0.046875 0.034061
0 0.855159 0.675595 0.031746 0.011243
0 0.813616 0.659061 0.007688 0.006614
0 0.947421 0.65162 0.012401 0.008267
0 0.835069 0.649471 0.009921 0.010582
0 0.776166 0.638889 0.009177 0.006614
0 0.40563 0.630787 0.011657 0.012897
0 0.802207 0.611607 0.009177 0.006944
0 0.989831 0.609623 0.020337 0.010251
0 0.399554 0.609127 0.004464 0.009259
0 0.858135 0.624504 0.038194 0.04332
0 0.790179 0.604001 0.027778 0.011574
0 0.396329 0.593585 0.00496 0.011905
0 0.709697 0.59127 0.007192 0.007937
0 0.407366 0.583499 0.006696 0.00959
0 0.941344 0.602348 0.117312 0.055886
0 0.726687 0.581515 0.006448 0.015542
0 0.743428 0.577216 0.008185 0.012897
0 0.755208 0.561012 0.019345 0.010913
0 0.062624 0.597388 0.06622 0.088955
0 0.852679 0.561673 0.015377 0.020172
0 0.394097 0.565146 0.012401 0.03836
0 0.942708 0.56713 0.114583 0.044974
0 0.423611 0.581349 0.023313 0.07672
0 0.77381 0.541336 0.008929 0.008598
0 0.370784 0.542328 0.017361 0.013889
0 0.71689 0.542989 0.016617 0.016534
0 0.864583 0.535714 0.008929 0.009259
0 0.733879 0.529431 0.023313 0.011905
0 0.238715 0.525628 0.019593 0.014881
0 0.208085 0.51918 0.016865 0.007937
0 0.702009 0.519841 0.0062 0.010582
0 0.711062 0.521329 0.006448 0.01422
0 0.774554 0.518684 0.013889 0.011574
0 0.360615 0.519015 0.018849 0.023479
0 0.776414 0.50744 0.017609 0.006944
0 0.430804 0.510417 0.021329 0.013558
0 0.441468 0.529597 0.038194 0.055886
0 0.938864 0.513062 0.03249 0.023479
0 0.694568 0.508763 0.0062 0.016865
0 0.686632 0.502315 0.012153 0.016534
0 0.359871 0.496858 0.007937 0.006283
0 0.732019 0.509921 0.043899 0.035053
0 0.435392 0.493221 0.004712 0.010913
0 0.699157 0.492229 0.00496 0.00959
0 0.91059 0.48793 0.007688 0.00496
0 0.690972 0.478009 0.013889 0.008929
0 0.227927 0.47586 0.009425 0.010582
0 0.474578 0.472718 0.008185 0.010251
0 0.453249 0.48082 0.038938 0.027116
0 0.589162 0.469246 0.008681 0.011243
0 0.364707 0.471396 0.009673 0.017526
0 0.908358 0.470238 0.00372 0.023148
0 0.719618 0.45916 0.015129 0.008267
0 0.556796 0.460483 0.013393 0.010913
0 0.455605 0.457507 0.014385 0.008267
0 0.436012 0.458168 0.019345 0.00959
0 0.597346 0.458664 0.0062 0.011243
0 0.735491 0.452381 0.014633 0.005952
0 0.616443 0.458829 0.019097 0.019511
0 0.945561 0.471396 0.043899 0.053241
0 0.402778 0.488261 0.051587 0.086971
0 0.90067 0.453869 0.003224 0.018849
0 0.872768 0.447586 0.006944 0.006283
0 0.866567 0.464947 0.03125 0.042328
0 0.427207 0.439649 0.010169 0.012897
0 0.219866 0.44213 0.017609 0.025132
0 0.337798 0.436673 0.022817 0.029431
0 0.707961 0.422123 0.004712 0.013558
0 0.204489 0.413856 0.015129 0.007606
0 0.741939 0.414352 0.023562 0.010582
0 0.5563 0.414021 0.005952 0.01455
0 0.686632 0.426753 0.029514 0.043981
0 0.709945 0.405258 0.009673 0.008267
0 0.405506 0.416832 0.019841 0.04332
0 0.719122 0.399471 0.00372 0.015873
0 0.560144 0.388558 0.004216 0.010582
0 0.389261 0.404597 0.013145 0.065146
0 0.19246 0.373016 0.005952 0.010582
0 0.358011 0.37004 0.021577 0.01918
0 0.729911 0.361442 0.011905 0.02381
0 0.242188 0.343254 0.011657 0.010582
0 0.002232 0.342758 0.004464 0.010913
0 0.203125 0.340278 0.009425 0.009921
0 0.732267 0.326554 0.017609 0.012897
0 0.40501 0.344411 0.024802 0.049934
0 0.797991 0.322917 0.020089 0.019511
0 0.228795 0.312335 0.010665 0.005622
0 0.814236 0.412698 0.062004 0.253307
0 0.321305 0.26207 0.010665 0.007606
0 0.338418 0.261078 0.012649 0.011574
0 0.802083 0.287864 0.15377 0.075728
