0 0.185907 0.995862 0.009069 0.008275
0 0.220711 0.991943 0.005637 0.008275
0 0.735172 0.98149 0.0125 0.008275
0 0.190441 0.975174 0.010294 0.019164
0 0.199755 0.979965 0.014216 0.04007
0 0.746691 0.964068 0.007108 0.015244
0 0.717279 0.967117 0.022794 0.037021
0 0.189706 0.954486 0.009804 0.013502
0 0.775123 0.946864 0.005637 0.012195
0 0.714828 0.945775 0.014461 0.015244
0 0.231373 0.940331 0.007843 0.008711
0 0.176838 0.966899 0.021324 0.066202
0 0.820221 0.942509 0.045343 0.029617
0 0.193873 0.932491 0.021078 0.027003
0 0.760907 0.927047 0.0125 0.016986
0 0.747059 0.929225 0.012745 0.025697
0 0.730392 0.935758 0.033333 0.064895
0 0.686642 0.90919 0.023775 0.050087
0 0.695221 0.897213 0.006127 0.029617
0 0.715196 0.89351 0.020588 0.027439
0 0.734069 0.884364 0.006863 0.01176
0 0.761275 0.872387 0.006863 0.015679
0 0.766789 0.868031 0.008088 0.020035
0 0.659069 0.84277 0.013235 0.015679
0 0.659681 0.742596 0.008578 0.010453
0 0.350123 0.718641 0.003676 0.021777
0 0.691054 0.70993 0.011029 0.015679
0 0.351348 0.692073 0.002696 0.022648
0 0.332475 0.682274 0.0125 0.026568
0 0.469853 0.632186 0.006863 0.008275
0 0.371446 0.65919 0.026225 0.082317
0 0.690564 0.596037 0.006127 0.01176
0 0.291299 0.595819 0.027206 0.017422
0 0.722426 0.577308 0.018382 0.009146
0 0.006863 0.574042 0.007843 0.006969
0 0.693873 0.576437 0.021569 0.018728
0 0.481495 0.56838 0.017892 0.021777
0 0.499142 0.532883 0.014461 0.022213
0 0.012255 0.53811 0.010294 0.072735
0 0.503431 0.502395 0.007353 0.013502
0 0.42451 0.496951 0.008333 0.00784
0 0.697672 0.483014 0.008088 0.026132
0 0.657108 0.471472 0.005392 0.009146
0 0.688235 0.474085 0.004902 0.02047
0 0.524877 0.46385 0.008578 0.014808
0 0.667402 0.491725 0.023529 0.079268
0 0.724265 0.444904 0.015686 0.012631
0 0.552083 0.453397 0.007598 0.03223
0 0.651103 0.447953 0.010539 0.035279
0 0.746324 0.43946 0.019118 0.021777
0 0.540074 0.433798 0.005147 0.010453
0 0.564093 0.429878 0.008088 0.010453
0 0.543015 0.418118 0.007108 0.009582
0 0.767892 0.413763 0.008824 0.014808
0 0.422304 0.433145 0.013235 0.064024
0 0.433701 0.396559 0.016912 0.007404
0 0.554657 0.388284 0.004412 0.022213
0 0.540564 0.380444 0.005637 0.010017
0 0.800858 0.385235 0.051716 0.053571
0 0.350735 0.337761 0.004412 0.024826
0 0.57451 0.327744 0.010784 0.010017
0 0.432721 0.35257 0.018873 0.067509
0 0.446691 0.337326 0.005147 0.038763
0 0.735784 0.306402 0.013235 0.022213
0 0.567525 0.288763 0.017892 0.014808
0 0.529044 0.284625 0.009069 0.022213
0 0.708946 0.268946 0.006618 0.017857
0 0.541299 0.2598 0.007108 0.016115
0 0.77451 0.260889 0.054412 0.021777
0 0.598529 0.323606 0.079412 0.147213
0 0.552206 0.275915 0.018137 0.051829
