0 0.038194 0.99504 0.011409 0.009921
0 0.081845 0.99256 0.00496 0.006944
0 0.065104 0.99289 0.005208 0.007606
0 0.078373 0.979828 0.014385 0.013228
0 0.12624 0.983135 0.013889 0.03373
0 0.097346 0.967262 0.009673 0.011243
0 0.150546 0.960483 0.008929 0.010251
0 0.411582 0.956349 0.0062 0.005291
0 0.196181 0.951554 0.026786 0.030093
0 0.220362 0.94494 0.021577 0.020172
0 0.196181 0.933697 0.02877 0.016204
0 0.031746 0.960483 0.063492 0.079034
0 0.03497 0.922784 0.020337 0.012897
0 0.221478 0.912864 0.008929 0.012897
0 0.055308 0.913194 0.015873 0.01422
0 0.13244 0.944775 0.145833 0.085317
0 0.073413 0.911872 0.018849 0.023479
0 0.031002 0.903274 0.00744 0.008929
0 0.464162 0.896991 0.007688 0.008267
0 0.43564 0.903935 0.023065 0.030754
0 0.006944 0.894015 0.013889 0.011574
0 0.445437 0.893849 0.011409 0.011905
0 0.465898 0.889881 0.007192 0.009259
0 0.147693 0.895007 0.014633 0.020833
0 0.233507 0.885913 0.004712 0.009259
0 0.209945 0.884425 0.008185 0.00959
0 0.241691 0.881944 0.010665 0.009921
0 0.424603 0.872851 0.007937 0.006944
0 0.084077 0.87252 0.00496 0.012235
0 0.139013 0.86756 0.004216 0.016865
0 0.305556 0.861607 0.007937 0.010251
0 0.267981 0.858631 0.006696 0.008267
0 0.294891 0.856316 0.008433 0.011574
0 0.247644 0.854828 0.016617 0.011243
0 0.083333 0.855985 0.00744 0.013558
0 0.280258 0.852348 0.011905 0.016204
0 0.427827 0.844577 0.007937 0.009259
0 0.446677 0.85334 0.03125 0.030093
0 0.117932 0.873347 0.035466 0.070106
0 0.202381 0.839286 0.007937 0.008598
0 0.22495 0.838459 0.033234 0.017526
0 0.014881 0.832176 0.010913 0.008929
0 0.247768 0.8292 0.010913 0.012897
0 0.231523 0.82457 0.015129 0.007606
0 0.165303 0.843254 0.046379 0.044974
0 0.260665 0.81994 0.005952 0.010251
0 0.28497 0.824405 0.040179 0.027778
0 0.465526 0.801091 0.010417 0.017526
0 0.278522 0.800265 0.022321 0.017857
0 0.122148 0.802745 0.018105 0.023479
0 0.24318 0.805886 0.013145 0.037698
0 0.285466 0.783565 0.008433 0.012235
0 0.448165 0.776455 0.006944 0.006614
0 0.00744 0.776786 0.009921 0.011243
0 0.46627 0.774802 0.003968 0.013228
0 0.043527 0.768849 0.008681 0.009259
0 0.247768 0.76703 0.03869 0.028108
0 0.197173 0.781415 0.077877 0.059524
0 0.480531 0.754134 0.008681 0.006283
0 0.208085 0.754299 0.005952 0.015212
0 0.25744 0.741071 0.007937 0.005291
0 0.183036 0.740906 0.006944 0.010251
0 0.1188 0.728836 0.004464 0.008598
0 0.340154 0.724372 0.010169 0.011574
0 0.124256 0.721065 0.015377 0.008929
0 0.31002 0.722057 0.016865 0.018188
0 0.242684 0.720403 0.017113 0.032738
0 0.261781 0.715774 0.019593 0.024802
0 0.184896 0.717427 0.037946 0.02877
0 0.167535 0.705026 0.008185 0.005952
0 0.232763 0.705357 0.008185 0.010582
0 0.208333 0.704861 0.012401 0.010251
0 0.3156 0.701885 0.015129 0.014881
0 0.343502 0.696594 0.009921 0.007606
0 0.010045 0.698743 0.020089 0.023148
0 0.2469 0.69709 0.024554 0.02381
0 0.082961 0.685681 0.007192 0.005622
0 0.307788 0.685351 0.008433 0.006283
0 0.216766 0.686508 0.013393 0.010582
0 0.250372 0.681548 0.006696 0.011243
0 0.006448 0.671627 0.012897 0.005291
0 0.320561 0.668651 0.009673 0.009921
0 0.477059 0.66088 0.007688 0.023479
0 0.130208 0.634259 0.006448 0.009921
0 0.023065 0.630291 0.005456 0.010582
0 0.14943 0.630787 0.009177 0.012897
0 0.492312 0.650463 0.023313 0.058201
0 0.466146 0.623016 0.008681 0.007937
0 0.80568 0.622851 0.107887 0.059854
0 0.143353 0.57953 0.009425 0.01422
0 0.989335 0.571759 0.021329 0.006614
0 0.942336 0.559854 0.071181 0.01918
0 0.034846 0.554067 0.010169 0.007606
0 0.147073 0.55539 0.010417 0.015542
0 0.241195 0.550595 0.009673 0.009921
0 0.201389 0.557044 0.029762 0.032077
0 0.687004 0.55043 0.03621 0.020172
0 0.106027 0.558036 0.062748 0.041336
0 0.095858 0.529927 0.026042 0.016204
0 0.223338 0.534557 0.03497 0.033399
0 0.640005 0.521825 0.017113 0.009921
0 0.132316 0.521991 0.0062 0.010251
0 0.030258 0.532903 0.021825 0.035384
0 0.009301 0.532407 0.018601 0.03836
0 0.99566 0.516369 0.008681 0.02877
0 0.022569 0.508929 0.037202 0.013889
0 0.977307 0.514054 0.021081 0.027447
0 0.958209 0.511078 0.017113 0.025463
0 0.233135 0.503142 0.011905 0.010913
0 0.938988 0.509425 0.015377 0.02414
0 0.921627 0.507275 0.014385 0.022487
0 0.907986 0.505456 0.008433 0.021495
0 0.888641 0.503638 0.008433 0.020503
0 0.876364 0.502149 0.011657 0.019511
0 0.165799 0.495205 0.005704 0.006283
0 0.863219 0.500992 0.010665 0.018519
0 0.073165 0.513062 0.021329 0.043981
0 0.850942 0.499504 0.009921 0.018188
0 0.840278 0.498347 0.009425 0.016534
0 0.830481 0.496858 0.008681 0.015542
0 0.821429 0.495536 0.007937 0.01422
0 0.812004 0.494874 0.008433 0.014881
0 0.744172 0.492725 0.00372 0.01455
0 0.555184 0.490079 0.042411 0.013889
0 0.349826 0.479497 0.009673 0.006614
0 0.703125 0.485946 0.044643 0.020172
0 0.608631 0.475529 0.020337 0.008598
0 0.154266 0.480985 0.011905 0.020172
0 0.825645 0.474041 0.015873 0.010251
0 0.495412 0.470899 0.014137 0.00463
0 0.587426 0.471065 0.013641 0.006283
0 0.47123 0.474206 0.046627 0.025794
0 0.628596 0.467262 0.028522 0.017196
0 0.654514 0.460648 0.014385 0.018519
0 0.58941 0.457837 0.012649 0.015542
0 0.674355 0.448909 0.00744 0.008929
0 0.913318 0.445106 0.005208 0.011905
0 0.532738 0.451224 0.09623 0.032738
0 0.284474 0.434524 0.02381 0.009921
0 0.358259 0.431382 0.011161 0.020172
0 0.012649 0.424934 0.005456 0.007275
0 0.287326 0.421958 0.008185 0.011243
0 0.434772 0.421958 0.00744 0.012566
0 0.199405 0.41832 0.007937 0.021164
0 0.046379 0.408069 0.00744 0.007937
0 0.534598 0.410714 0.062252 0.025132
0 0.836558 0.397652 0.014385 0.00959
0 0.334697 0.394345 0.010665 0.015542
0 0.662078 0.387401 0.005208 0.00959
0 0.90005 0.373016 0.007937 0.010582
0 0.057664 0.373347 0.009177 0.012566
0 0.041915 0.358796 0.016369 0.02381
0 0.738963 0.338128 0.007688 0.010251
0 0.748884 0.329861 0.006696 0.014881
0 0.192956 0.275794 0.016865 0.051587
0 0.171503 0.26703 0.021577 0.034061
