0 0.621032 0.997354 0.008433 0.005291
0 0.992188 0.993056 0.015625 0.013889
0 0.858011 0.975198 0.013145 0.005291
0 0.676835 0.974702 0.014881 0.006944
0 0.891493 0.972057 0.044395 0.021495
0 0.214906 0.962136 0.021081 0.031415
0 0.911334 0.946098 0.012649 0.005952
0 0.873884 0.946429 0.014137 0.009921
0 0.932416 0.945767 0.020089 0.010582
0 0.776786 0.937335 0.015873 0.007606
0 0.887401 0.93502 0.009425 0.006283
0 0.755208 0.924438 0.012401 0.006283
0 0.201265 0.917824 0.010169 0.010251
0 0.75372 0.912202 0.008929 0.008929
0 0.72371 0.909226 0.030754 0.020172
0 0.625992 0.899471 0.00744 0.007275
0 0.760541 0.895833 0.007688 0.005952
0 0.645461 0.898479 0.014137 0.011243
0 0.785094 0.896825 0.015625 0.011905
0 0.734871 0.895668 0.008433 0.00959
0 0.96565 0.897156 0.031498 0.015212
0 0.818576 0.897487 0.018105 0.01918
0 0.750372 0.892526 0.009177 0.015212
0 0.731275 0.887401 0.005208 0.008267
0 0.828993 0.881118 0.050347 0.023479
0 0.074281 0.871032 0.008681 0.015212
0 0.912078 0.879134 0.09251 0.048611
0 0.909598 0.855655 0.011161 0.006283
0 0.972966 0.855655 0.022817 0.016204
0 0.808656 0.852844 0.042411 0.021825
0 0.632068 0.853836 0.073165 0.024471
0 0.202753 0.859458 0.007192 0.039683
0 0.639633 0.838294 0.006944 0.007275
0 0.951761 0.828538 0.009177 0.006283
0 0.841146 0.833664 0.070685 0.03373
0 0.664311 0.828208 0.048363 0.027447
0 0.739459 0.802579 0.011161 0.009259
0 0.204861 0.809193 0.006944 0.027778
0 0.642237 0.798115 0.010665 0.010251
0 0.188988 0.800595 0.009425 0.015212
0 0.607639 0.792989 0.024802 0.009259
0 0.748016 0.787864 0.020337 0.017526
0 0.215774 0.785714 0.026786 0.018519
0 0.704861 0.819114 0.12004 0.089947
0 0.101935 0.751653 0.012897 0.012566
0 0.081597 0.727348 0.009921 0.00959
0 0.768725 0.698909 0.010169 0.006283
0 0.228423 0.698247 0.025298 0.00959
0 0.742188 0.696925 0.007688 0.011574
0 0.707961 0.693287 0.010169 0.006944
0 0.856151 0.703869 0.031746 0.030093
0 0.252604 0.694114 0.017609 0.016534
0 0.68812 0.676918 0.008185 0.007275
0 0.744916 0.67791 0.018105 0.009921
0 0.705233 0.677579 0.014633 0.012566
0 0.795759 0.696098 0.100446 0.062831
0 0.696801 0.666832 0.008681 0.007606
0 0.722594 0.665344 0.028026 0.007937
0 0.194816 0.673115 0.007192 0.039352
0 0.74566 0.650298 0.0062 0.006944
0 0.003968 0.643188 0.007937 0.021164
0 0.196925 0.619048 0.006448 0.008598
0 0.351438 0.618221 0.008929 0.014881
0 0.308656 0.615245 0.011161 0.023479
0 0.359375 0.605985 0.00744 0.007606
0 0.797495 0.606316 0.018105 0.011574
0 0.839286 0.634755 0.024306 0.073743
0 0.856151 0.618717 0.022817 0.047619
0 0.457589 0.596065 0.015377 0.008929
0 0.286706 0.593585 0.016369 0.017196
0 0.270089 0.59127 0.011409 0.013889
0 0.414062 0.584656 0.008185 0.011243
0 0.350818 0.590774 0.020089 0.028108
0 0.793403 0.580522 0.016865 0.018188
0 0.21503 0.597222 0.02629 0.066799
0 0.289311 0.570437 0.014633 0.013889
0 0.353919 0.569775 0.012897 0.016534
0 0.782242 0.566799 0.008929 0.012566
0 0.333581 0.568122 0.003472 0.016534
0 0.376364 0.566138 0.020585 0.013228
0 0.464286 0.566964 0.018353 0.019511
0 0.200025 0.564815 0.013145 0.021164
0 0.486731 0.560516 0.011657 0.015212
0 0.33631 0.554729 0.00744 0.01422
0 0.712302 0.551587 0.003968 0.013228
0 0.270957 0.559524 0.009673 0.030423
0 0.425967 0.584491 0.035962 0.083003
0 0.680308 0.542493 0.005456 0.007606
0 0.266989 0.541832 0.00372 0.01422
0 0.562376 0.54547 0.021081 0.026124
0 0.830109 0.54547 0.010417 0.026786
0 0.414931 0.533399 0.012897 0.019841
0 0.758557 0.523975 0.012649 0.006944
0 0.745412 0.52381 0.009177 0.008598
0 0.347966 0.536706 0.017361 0.039683
0 0.476935 0.517857 0.007937 0.005952
0 0.12748 0.518022 0.005456 0.008267
0 0.322297 0.517857 0.00372 0.011243
0 0.832589 0.509921 0.006448 0.006614
0 0.421503 0.510913 0.008185 0.011905
0 0.862103 0.529431 0.03373 0.052249
0 0.168403 0.514054 0.038194 0.023479
0 0.43874 0.504795 0.005456 0.008929
0 0.15067 0.505291 0.007688 0.010582
0 0.354663 0.506118 0.009921 0.021495
0 0.805556 0.500165 0.008929 0.010251
0 0.753224 0.498181 0.030258 0.012897
0 0.408482 0.501157 0.003472 0.020172
0 0.254464 0.543981 0.020833 0.107804
0 0.592138 0.495866 0.009177 0.012235
0 0.161334 0.494874 0.008681 0.021495
0 0.348462 0.489914 0.009425 0.014881
0 0.460565 0.498677 0.044643 0.048942
0 0.268353 0.477513 0.016865 0.013228
0 0.585441 0.472884 0.004216 0.009921
0 0.403274 0.476852 0.009921 0.024471
0 0.19122 0.509921 0.0625 0.090608
0 0.281126 0.506944 0.024554 0.097222
0 0.889385 0.461475 0.005456 0.011574
0 0.598462 0.457507 0.008929 0.004299
0 0.582713 0.457011 0.0062 0.008598
0 0.553943 0.453208 0.010665 0.006944
0 0.304688 0.452712 0.0062 0.009921
0 0.149554 0.44957 0.032242 0.017526
0 0.305556 0.436673 0.008929 0.011574
0 0.429067 0.43998 0.008433 0.024802
0 0.393477 0.443948 0.031002 0.034061
0 0.157614 0.432705 0.020089 0.012235
0 0.990327 0.430886 0.012897 0.013228
0 0.259549 0.429729 0.012649 0.012235
0 0.347842 0.450893 0.021081 0.055225
0 0.960938 0.433366 0.038938 0.022156
0 0.696305 0.483796 0.026042 0.132275
0 0.598834 0.425265 0.015129 0.018519
0 0.333705 0.465112 0.031498 0.102183
0 0.523189 0.485119 0.109871 0.145503
0 0.411334 0.417328 0.005704 0.015212
0 0.62872 0.417989 0.003472 0.022487
0 0.647445 0.408565 0.010665 0.018188
0 0.27753 0.425595 0.047619 0.059524
0 0.71813 0.403274 0.005704 0.016204
0 0.610491 0.400959 0.007688 0.012235
0 0.597222 0.397983 0.009921 0.026124
0 0.448785 0.386574 0.004216 0.015212
0 0.601811 0.377315 0.006696 0.007937
0 0.703869 0.38707 0.020337 0.02877
0 0.611235 0.369874 0.006696 0.010251
0 0.593874 0.364418 0.014633 0.012566
0 0.284598 0.373181 0.028026 0.036045
0 0.558904 0.36789 0.008185 0.032738
0 0.399802 0.354332 0.015377 0.014881
0 0.471106 0.408565 0.05878 0.129299
0 0.075769 0.352679 0.003224 0.019511
0 0.597222 0.34838 0.009425 0.012235
0 0.463542 0.34375 0.009425 0.006944
0 0.50434 0.346396 0.004712 0.020172
0 0.312128 0.345238 0.015625 0.02381
0 0.481027 0.329034 0.008681 0.007275
0 0.5 0.331349 0.013889 0.025132
0 0.014261 0.338459 0.028522 0.040675
0 0.571801 0.377976 0.024058 0.125
0 0.589534 0.323413 0.00744 0.019841
0 0.513517 0.320437 0.008681 0.020503
0 0.408358 0.338459 0.081597 0.079034
0 0.269841 0.277447 0.008929 0.00463
0 0.561632 0.282242 0.007688 0.039352
0 0.312376 0.271991 0.044891 0.020172
0 0.085441 0.256614 0.007192 0.009921
0 0.964906 0.255787 0.006696 0.011574
0 0.770709 0.266865 0.088046 0.03373
0 0.584697 0.279101 0.040923 0.058201
0 0.116567 0.261409 0.030258 0.022817
0 0.066592 0.25959 0.00372 0.01918
