0 0.645957 0.997189 0.006696 0.005622
0 0.041543 0.991733 0.056796 0.016534
0 0.361235 0.974206 0.006696 0.006614
0 0.336558 0.962963 0.014881 0.015873
0 0.413442 0.911376 0.010417 0.008598
0 0.687872 0.899636 0.009673 0.006944
0 0.713046 0.858466 0.021329 0.01455
0 0.429191 0.852017 0.017113 0.018849
0 0.72433 0.815476 0.0062 0.009259
0 0.697917 0.706349 0.012897 0.017196
0 0.541543 0.655093 0.008185 0.007937
0 0.530878 0.638889 0.015625 0.022487
0 0.963418 0.644345 0.073165 0.063823
0 0.670139 0.611607 0.017857 0.008267
0 0.705481 0.607143 0.009177 0.005952
0 0.173735 0.608631 0.0062 0.00959
0 0.027406 0.602017 0.018601 0.005622
0 0.149926 0.605489 0.013641 0.013889
0 0.438244 0.592427 0.010913 0.011574
0 0.329737 0.592262 0.018601 0.015212
0 0.085565 0.588624 0.021825 0.008598
0 0.816964 0.591931 0.038194 0.028439
0 0.747148 0.599206 0.113343 0.043651
0 0.658978 0.586144 0.012897 0.017526
0 0.920759 0.581184 0.014633 0.00959
0 0.858383 0.586475 0.02381 0.023479
0 0.208333 0.569444 0.006944 0.01918
0 0.878348 0.574239 0.035466 0.032077
0 0.412698 0.557705 0.011905 0.012897
0 0.383061 0.549438 0.008681 0.00959
0 0.47495 0.569775 0.03125 0.065476
0 0.007192 0.542989 0.014385 0.017196
0 0.787698 0.527778 0.011905 0.005952
0 0.383681 0.527282 0.011905 0.019511
0 0.014261 0.520007 0.024058 0.012235
0 0.786706 0.508598 0.011409 0.003307
0 0.074281 0.507275 0.006696 0.015873
0 0.930432 0.520833 0.139137 0.051587
0 0.296379 0.499669 0.029762 0.010582
0 0.040179 0.496858 0.015873 0.011574
0 0.33817 0.515046 0.048859 0.051257
0 0.268849 0.487434 0.015873 0.007275
0 0.239583 0.511905 0.034722 0.061508
0 0.21689 0.486111 0.014633 0.010582
0 0.683036 0.481647 0.005456 0.00959
0 0.287822 0.484458 0.012153 0.015873
0 0.983879 0.476521 0.006944 0.015212
0 0.87934 0.465774 0.013641 0.032077
0 0.957589 0.459987 0.010913 0.025794
0 0.674355 0.451058 0.00744 0.007937
0 0.28683 0.459491 0.03497 0.028108
0 0.19494 0.462302 0.012897 0.035053
0 0.232143 0.460152 0.008929 0.031415
0 0.196677 0.443452 0.008929 0.006614
0 0.47495 0.455357 0.005456 0.034392
0 0.277158 0.441468 0.0062 0.009259
0 0.667659 0.438161 0.00496 0.013889
0 0.261533 0.412368 0.009177 0.013228
0 0.694692 0.409722 0.008929 0.010582
0 0.628472 0.409061 0.010417 0.010582
0 0.611111 0.407903 0.009425 0.015542
0 0.988095 0.401455 0.007937 0.011243
0 0.22247 0.402943 0.012401 0.021495
0 0.991071 0.381944 0.009425 0.01455
0 0.666047 0.38211 0.005704 0.014881
0 0.696677 0.383433 0.013889 0.018188
0 0.219866 0.377811 0.005704 0.008267
0 0.630952 0.382606 0.017857 0.01918
0 0.877232 0.382937 0.020337 0.024471
0 0.724702 0.379464 0.005456 0.020172
0 0.986607 0.369874 0.006944 0.010251
0 0.707589 0.371362 0.008929 0.01455
0 0.611607 0.379464 0.018353 0.033399
0 0.276538 0.364749 0.006944 0.007937
0 0.598834 0.371362 0.005704 0.025794
0 0.698165 0.361938 0.010913 0.008929
0 0.71255 0.356647 0.006448 0.00959
0 0.927827 0.411376 0.069444 0.140212
0 0.711062 0.345073 0.006944 0.00959
0 0.924479 0.346065 0.024554 0.012235
0 0.124752 0.349206 0.011409 0.021164
0 0.684524 0.347388 0.013393 0.022156
0 0.949653 0.340608 0.005456 0.009259
0 0.659598 0.365906 0.02505 0.059854
0 0.920635 0.333829 0.015377 0.010913
0 0.971602 0.340608 0.018105 0.030423
0 0.987599 0.328869 0.018353 0.008267
0 0.910218 0.32209 0.014385 0.012566
0 0.296999 0.319114 0.009177 0.007275
0 0.882688 0.319114 0.010417 0.011243
0 0.694444 0.315476 0.016865 0.005291
0 0.395461 0.319114 0.010665 0.013889
0 0.253968 0.311012 0.008929 0.007606
0 0.378968 0.307705 0.00496 0.006944
0 0.854787 0.308036 0.011161 0.015542
0 0.547247 0.303737 0.010665 0.020172
0 0.40129 0.299934 0.010913 0.013889
0 0.962302 0.302083 0.012401 0.021495
0 0.872396 0.297454 0.020585 0.012897
0 0.905258 0.295635 0.015377 0.013228
0 0.273562 0.300099 0.047123 0.035384
0 0.883681 0.28836 0.005456 0.013889
0 0.889633 0.283069 0.007937 0.009259
0 0.673363 0.287368 0.008433 0.017857
0 0.710938 0.288194 0.026042 0.021495
0 0.873388 0.276951 0.010169 0.008929
0 0.590154 0.279927 0.002728 0.014881
0 0.971478 0.276455 0.008929 0.011243
0 0.709077 0.272156 0.013393 0.007937
0 0.744048 0.285549 0.025298 0.036045
0 0.687872 0.277447 0.024554 0.023148
0 0.819816 0.280423 0.081597 0.031746
0 0.261781 0.272652 0.008185 0.016204
0 0.671255 0.269511 0.005208 0.010582
0 0.953621 0.26918 0.027778 0.02381
0 0.714906 0.264716 0.008681 0.015542
0 0.731399 0.258598 0.009921 0.009259
0 0.909102 0.265046 0.016617 0.024802
0 0.010913 0.265377 0.021825 0.026124
0 0.613715 0.260251 0.008185 0.016534
0 0.39881 0.25711 0.00744 0.012897
0 0.862723 0.263393 0.045883 0.026124
0 0.720734 0.25463 0.005952 0.008598
0 0.934648 0.261739 0.017609 0.023479
0 0.762897 0.277116 0.043155 0.054233
0 0.709573 0.253142 0.009425 0.006283
0 0.69432 0.25496 0.008185 0.009921
0 0.68192 0.258433 0.010169 0.016865
0 0.654142 0.282407 0.029018 0.064815
