0 0.199405 0.983466 0.009425 0.017196
0 0.219618 0.979497 0.011657 0.01455
0 0.214286 0.964616 0.007937 0.011905
0 0.22495 0.959491 0.010417 0.01422
0 0.25186 0.940311 0.005208 0.010251
0 0.360863 0.929067 0.005952 0.006283
0 0.236359 0.927083 0.006448 0.010913
0 0.588418 0.886739 0.007192 0.011574
0 0.612103 0.88244 0.009921 0.00959
0 0.603051 0.873677 0.005704 0.008598
0 0.236855 0.871528 0.011905 0.012897
0 0.240575 0.793651 0.005952 0.007275
0 0.342758 0.7958 0.010417 0.014881
0 0.75682 0.790179 0.005704 0.010913
0 0.247024 0.776455 0.006448 0.010582
0 0.264385 0.771329 0.011409 0.008267
0 0.044147 0.768684 0.003968 0.012897
0 0.994544 0.760086 0.010913 0.006944
0 0.255828 0.761078 0.015625 0.011574
0 0.283978 0.757937 0.021825 0.013228
0 0.940724 0.733796 0.008929 0.005952
0 0.950769 0.726025 0.036458 0.027447
0 0.068204 0.722884 0.011905 0.030423
0 0.995908 0.680556 0.008185 0.006614
0 0.898438 0.688161 0.062252 0.03836
0 0.81188 0.635582 0.017113 0.012566
0 0.293775 0.613095 0.010169 0.010582
0 0.77505 0.607308 0.027778 0.008267
0 0.831225 0.585152 0.007688 0.006283
0 0.743924 0.562169 0.009177 0.007937
0 0.045263 0.542824 0.007192 0.010913
0 0.018229 0.539683 0.036458 0.035053
0 0.358383 0.549769 0.053075 0.064484
0 0.720486 0.520503 0.009425 0.007275
0 0.1906 0.518188 0.010169 0.006614
0 0.667783 0.513724 0.013145 0.018188
0 0.090898 0.482639 0.007192 0.005622
0 0.572669 0.461806 0.009425 0.007606
0 0.68564 0.460813 0.005208 0.00959
0 0.557664 0.460152 0.016121 0.008929
0 0.900174 0.468089 0.010665 0.030093
0 0.370164 0.459821 0.033482 0.013558
0 0.673239 0.457837 0.017609 0.012235
0 0.704861 0.459491 0.030258 0.018849
0 0.65749 0.455357 0.003968 0.015873
0 0.347098 0.453538 0.013641 0.013558
0 0.18316 0.447586 0.005208 0.007606
0 0.239831 0.44461 0.009425 0.00496
0 0.348834 0.440972 0.0062 0.005622
0 0.259921 0.441799 0.00496 0.015212
0 0.242188 0.431217 0.007688 0.007937
0 0.645585 0.427745 0.009425 0.010913
0 0.363219 0.423446 0.008681 0.00496
0 0.227307 0.431548 0.011657 0.027778
0 0.230283 0.412698 0.007192 0.011905
0 0.5656 0.409888 0.0062 0.006944
0 0.364707 0.408234 0.010665 0.006283
0 0.387153 0.418816 0.035714 0.049934
0 0.446057 0.385582 0.006696 0.007937
0 0.419023 0.393188 0.026042 0.027778
0 0.558036 0.388228 0.041171 0.021164
0 0.520833 0.377646 0.009921 0.008598
0 0.209449 0.375 0.012649 0.00463
0 0.145461 0.369378 0.008185 0.00463
0 0.134301 0.368552 0.009177 0.004299
0 0.615079 0.378472 0.021329 0.027447
0 0.437128 0.372851 0.011161 0.017526
0 0.451265 0.369048 0.009177 0.011905
0 0.476066 0.370701 0.026538 0.02381
0 0.581721 0.36045 0.011161 0.005952
0 0.363095 0.366237 0.03621 0.030093
0 0.393105 0.355489 0.006448 0.009259
0 0.407118 0.352844 0.007688 0.013889
0 0.595486 0.363591 0.016865 0.037368
0 0.540675 0.356481 0.008929 0.025132
0 0.488343 0.346065 0.012897 0.020172
0 0.464286 0.345569 0.038194 0.029101
0 0.507316 0.350198 0.023065 0.041667
0 0.954861 0.325728 0.010913 0.005952
0 0.231771 0.325893 0.010665 0.012235
0 0.562252 0.311673 0.010417 0.008929
0 0.470486 0.307705 0.008929 0.008929
0 0.610615 0.30043 0.009921 0.006283
0 0.057416 0.298942 0.005208 0.005952
0 0.229043 0.304729 0.011657 0.025463
0 0.261161 0.296296 0.015873 0.010582
0 0.502604 0.294808 0.013145 0.010251
0 0.513517 0.290509 0.009673 0.013558
0 0.261161 0.279431 0.014385 0.012566
0 0.497272 0.276951 0.022321 0.014881
0 0.340402 0.268022 0.03249 0.036045
0 0.231771 0.2667 0.016617 0.033399
0 0.015005 0.275298 0.03001 0.050595
0 0.013641 0.263558 0.006448 0.027116
