0 0.621776 0.992229 0.005952 0.012235
0 0.064112 0.992725 0.013145 0.01455
0 0.101314 0.967923 0.010665 0.013228
0 0.204489 0.962302 0.015129 0.015873
0 0.186136 0.957011 0.017113 0.015212
0 0.616071 0.965443 0.006944 0.039352
0 0.155258 0.950397 0.018353 0.01455
0 0.143725 0.945106 0.011657 0.011243
0 0.217262 0.939484 0.021329 0.017857
0 0.201265 0.937335 0.022073 0.016204
0 0.190476 0.928075 0.012897 0.008267
0 0.170635 0.929563 0.022321 0.018519
0 0.157366 0.926918 0.019593 0.017857
0 0.614707 0.929067 0.007192 0.029431
0 0.243056 0.921131 0.013889 0.018188
0 0.080977 0.91369 0.015129 0.008598
0 0.178819 0.913194 0.023313 0.010251
0 0.124008 0.917989 0.023313 0.020503
0 0.201637 0.913856 0.020337 0.018188
0 0.125124 0.901951 0.012153 0.006944
0 0.182044 0.90377 0.017361 0.011243
0 0.115699 0.897156 0.014137 0.009921
0 0.156746 0.900628 0.02381 0.018188
0 0.610739 0.901455 0.004216 0.021825
0 0.177331 0.87963 0.009921 0.006614
0 0.154266 0.880456 0.034722 0.016865
0 0.5031 0.876819 0.014137 0.016204
0 0.228299 0.88459 0.09499 0.044312
0 0.170015 0.862434 0.033482 0.017857
0 0.137401 0.856978 0.016369 0.012235
0 0.248264 0.860119 0.074901 0.024471
0 0.624256 0.808532 0.007937 0.008598
0 0.620412 0.787533 0.007192 0.008929
0 0.520089 0.775463 0.008929 0.016534
0 0.015625 0.765377 0.016865 0.010251
0 0.036706 0.756944 0.021825 0.019841
0 0.052703 0.747685 0.005704 0.007275
0 0.15129 0.747024 0.007937 0.007275
0 0.517361 0.735615 0.03869 0.073743
0 0.504712 0.70668 0.016369 0.020503
0 0.032366 0.700231 0.016617 0.00959
0 0.115823 0.719246 0.096726 0.052249
0 0.083333 0.674272 0.021825 0.012566
0 0.305432 0.665509 0.007192 0.00496
0 0.101687 0.662864 0.00744 0.005622
0 0.137277 0.648148 0.011161 0.005952
0 0.315104 0.642196 0.03249 0.009921
0 0.977927 0.62252 0.044147 0.022156
0 0.34065 0.609788 0.014633 0.018519
0 0.352555 0.60119 0.015129 0.005952
0 0.065352 0.58879 0.012153 0.008929
0 0.018105 0.594742 0.027282 0.022817
0 0.334325 0.581349 0.00744 0.007275
0 0.203497 0.58879 0.021081 0.024802
0 0.054067 0.584656 0.012897 0.016534
0 0.331101 0.572751 0.012401 0.007937
0 0.364583 0.572421 0.004464 0.009259
0 0.145833 0.570106 0.009425 0.007937
0 0.138145 0.568287 0.011905 0.011574
0 0.008681 0.570437 0.017361 0.021825
0 0.415055 0.5625 0.010169 0.006614
0 0.11756 0.563988 0.020337 0.018188
0 0.297495 0.553241 0.009177 0.009259
0 0.423363 0.548611 0.006448 0.012566
0 0.352431 0.563823 0.029266 0.044312
0 0.30754 0.546627 0.005456 0.011243
0 0.40067 0.544643 0.026042 0.031085
0 0.397197 0.52166 0.007192 0.008267
0 0.222346 0.525959 0.031498 0.022156
0 0.787574 0.529431 0.072669 0.035053
0 0.245536 0.503803 0.015377 0.010913
0 0.188616 0.495701 0.005208 0.016534
0 0.700025 0.487434 0.024058 0.012566
0 0.89943 0.508598 0.201141 0.058862
0 0.557044 0.4833 0.004464 0.011574
0 0.786954 0.477348 0.010417 0.004299
0 0.15191 0.472718 0.018105 0.019511
0 0.763269 0.465608 0.013145 0.013228
0 0.120908 0.452877 0.004216 0.012235
0 0.136285 0.440807 0.009673 0.012566
0 0.972346 0.442791 0.055308 0.017857
0 0.491319 0.428902 0.00744 0.009259
0 0.519097 0.425595 0.007937 0.006614
0 0.506076 0.425595 0.013641 0.012566
0 0.149554 0.421792 0.005456 0.008267
0 0.570685 0.419974 0.006944 0.006614
0 0.448413 0.428406 0.017361 0.028108
0 0.564732 0.408896 0.011409 0.012897
0 0.322421 0.411872 0.033234 0.019511
0 0.170387 0.403274 0.008929 0.006944
0 0.285094 0.409226 0.039931 0.026124
0 0.253968 0.414683 0.104663 0.043651
0 0.735739 0.391204 0.008681 0.006614
0 0.302827 0.388558 0.005952 0.007937
0 0.21131 0.374669 0.010417 0.007275
0 0.477431 0.381944 0.029266 0.028439
0 0.226811 0.374008 0.015625 0.01455
0 0.222098 0.36293 0.014633 0.020172
0 0.440476 0.357474 0.005952 0.009921
0 0.418403 0.355655 0.022817 0.022817
0 0.319816 0.349868 0.014137 0.011905
0 0.188244 0.355489 0.016369 0.037698
0 0.217386 0.337136 0.014137 0.007606
0 0.866195 0.334987 0.035962 0.020503
0 0.421379 0.329365 0.00744 0.010582
0 0.637277 0.31994 0.004712 0.013558
0 0.847842 0.294974 0.008185 0.007275
0 0.139137 0.294974 0.008433 0.007275
0 0.609251 0.288029 0.006696 0.009921
0 0.951761 0.273148 0.033482 0.017196
0 0.986855 0.267361 0.02629 0.023479
0 0.963666 0.256283 0.011161 0.012566
0 0.62314 0.25463 0.005208 0.009259
0 0.049603 0.267196 0.099206 0.034392
