0 0.975942 0.88955 0.008433 0.017196
0 0.931052 0.872354 0.009921 0.010582
0 0.923115 0.858796 0.007937 0.009921
0 0.957341 0.873016 0.030754 0.044974
0 0.927951 0.838624 0.006696 0.006614
0 0.896701 0.844577 0.008185 0.020503
0 0.918651 0.835317 0.005456 0.006614
0 0.859995 0.825397 0.010665 0.009259
0 0.865203 0.81961 0.008185 0.006944
0 0.899182 0.816303 0.02505 0.012897
0 0.870784 0.811839 0.012401 0.007937
0 0.878472 0.796627 0.015873 0.01455
0 0.848958 0.793155 0.00744 0.01422
0 0.986855 0.772321 0.02629 0.030093
0 0.957465 0.637566 0.011657 0.007275
0 0.996776 0.635086 0.006448 0.010913
0 0.676091 0.611442 0.006944 0.009259
0 0.950769 0.603009 0.010169 0.012897
0 0.666915 0.599868 0.016865 0.01455
0 0.91369 0.592262 0.014385 0.016534
0 0.629464 0.575562 0.007937 0.007606
0 0.863839 0.577712 0.017857 0.016534
0 0.023562 0.583499 0.047123 0.02877
0 0.863839 0.562996 0.006944 0.00959
0 0.614707 0.561177 0.024058 0.01918
0 0.565848 0.553571 0.012649 0.01455
0 0.60057 0.550265 0.018601 0.011905
0 0.555184 0.545635 0.012153 0.015212
0 0.878844 0.545304 0.033482 0.035714
0 0.540799 0.532903 0.024058 0.022156
0 0.966766 0.526786 0.012897 0.015212
0 0.574653 0.517692 0.017361 0.013558
0 0.754216 0.51207 0.005952 0.008267
0 0.976438 0.511739 0.006944 0.010913
0 0.962054 0.513228 0.013889 0.01455
0 0.938864 0.50248 0.009177 0.007606
0 0.947669 0.493717 0.006944 0.009259
0 0.756572 0.493882 0.009673 0.01422
0 0.738343 0.488426 0.008433 0.011905
0 0.849082 0.488426 0.019097 0.021825
0 0.814484 0.486772 0.039683 0.037698
0 0.600818 0.474372 0.029018 0.01422
0 0.584449 0.473545 0.011657 0.015873
0 0.569196 0.468419 0.012897 0.013558
0 0.018477 0.500165 0.036954 0.090939
0 0.983135 0.462632 0.013393 0.016534
0 0.72495 0.455688 0.014385 0.007937
0 0.696553 0.467758 0.031498 0.037368
0 0.515625 0.453869 0.015377 0.013558
0 0.743428 0.451224 0.023065 0.013558
0 0.797495 0.445602 0.033482 0.018849
0 0.835193 0.4375 0.015129 0.011243
0 0.564236 0.433532 0.010913 0.005291
0 0.583829 0.436839 0.016865 0.012566
0 0.499256 0.410053 0.017361 0.006614
0 0.733631 0.414848 0.063988 0.028108
0 0.691964 0.396495 0.016865 0.009921
0 0.808284 0.389054 0.005952 0.008929
0 0.820809 0.383267 0.010665 0.011905
0 0.416915 0.379464 0.004464 0.00959
0 0.844742 0.376819 0.00744 0.005622
0 0.917783 0.378307 0.007192 0.010582
0 0.950769 0.378307 0.007192 0.015873
0 0.677331 0.374339 0.006944 0.01455
0 0.617312 0.368386 0.012897 0.009259
0 0.847966 0.36541 0.047619 0.019841
0 0.581225 0.355324 0.015625 0.014881
0 0.953993 0.354663 0.009673 0.014881
0 0.921751 0.354167 0.007192 0.013889
0 0.908482 0.357474 0.013393 0.022487
0 0.81684 0.352844 0.019097 0.025132
0 0.403894 0.340443 0.027034 0.01422
0 0.484623 0.341766 0.031746 0.021495
0 0.940724 0.335979 0.010913 0.012566
0 0.829985 0.335648 0.010169 0.015873
0 0.611235 0.322421 0.0062 0.007275
0 0.928695 0.320271 0.010169 0.019511
0 0.02567 0.311343 0.0062 0.005622
0 0.824033 0.313161 0.015625 0.016534
0 0.962054 0.312665 0.009921 0.017526
0 0.987351 0.308036 0.007937 0.008929
0 0.338666 0.306217 0.008681 0.007937
0 0.972594 0.300265 0.0062 0.007275
0 0.845114 0.312004 0.021577 0.033399
0 0.917783 0.30043 0.012153 0.018188
0 0.009053 0.295966 0.013641 0.009921
0 0.741567 0.302745 0.016865 0.02414
0 0.353547 0.291997 0.016121 0.007937
0 0.756448 0.296627 0.008929 0.01918
0 0.608135 0.301422 0.076389 0.031415
0 0.532614 0.31002 0.022569 0.048611
0 0.720362 0.296462 0.021577 0.022156
0 0.330605 0.283069 0.009921 0.008598
0 0.862103 0.283069 0.005456 0.009259
0 0.516741 0.279597 0.011161 0.008267
0 0.826513 0.278108 0.008185 0.006614
0 0.803075 0.28869 0.005952 0.035053
0 0.5563 0.273148 0.02877 0.007937
0 0.735119 0.274967 0.009425 0.012235
0 0.594246 0.270833 0.008433 0.008598
0 0.921999 0.271825 0.024058 0.019841
0 0.338418 0.262897 0.013641 0.010582
0 0.635789 0.261739 0.006696 0.00959
0 0.525794 0.262731 0.019841 0.013558
0 0.407242 0.264385 0.012401 0.022817
0 0.729787 0.252149 0.013641 0.004299
0 0.713542 0.26703 0.012897 0.034061
0 0.611483 0.26703 0.055308 0.034061
0 0.296751 0.268519 0.02505 0.037037
0 0.058532 0.279762 0.013393 0.059524
0 0.033854 0.277612 0.031002 0.055225
0 0.00744 0.263062 0.014881 0.026124
