0 0.400918 0.986938 0.007688 0.010251
0 0.53869 0.919974 0.005456 0.015212
0 0.454241 0.918816 0.011657 0.018188
0 0.618056 0.907077 0.007937 0.016534
0 0.377108 0.903108 0.011161 0.013889
0 0.627604 0.886574 0.009177 0.011243
0 0.6188 0.847553 0.005456 0.007937
0 0.879712 0.848049 0.039683 0.034061
0 0.562748 0.815311 0.00744 0.010251
0 0.572173 0.808532 0.013393 0.011905
0 0.952257 0.788525 0.095486 0.089616
0 0.690352 0.752976 0.014633 0.019841
0 0.587054 0.746032 0.007937 0.021164
0 0.546131 0.715278 0.008433 0.008598
0 0.787326 0.703704 0.012649 0.010582
0 0.597842 0.714286 0.019097 0.031746
0 0.767485 0.693287 0.011161 0.010251
0 0.757068 0.684028 0.0062 0.010251
0 0.746404 0.629464 0.007192 0.010251
0 0.014881 0.623512 0.017857 0.010251
0 0.589038 0.602017 0.011905 0.018849
0 0.051215 0.605489 0.021577 0.029762
0 0.002604 0.587302 0.005208 0.012566
0 0.686508 0.547288 0.021329 0.016534
0 0.65315 0.540179 0.023065 0.006283
0 0.59809 0.540013 0.022073 0.006614
0 0.632316 0.539848 0.014137 0.006944
0 0.664807 0.519015 0.010169 0.011574
0 0.699281 0.502149 0.0062 0.007606
0 0.633309 0.505291 0.044891 0.013889
0 0.686756 0.502646 0.011409 0.010582
0 0.576637 0.502976 0.020833 0.011905
0 0.007068 0.436343 0.014137 0.027447
0 0.982019 0.420635 0.011161 0.006614
0 0.145833 0.385582 0.005952 0.009921
0 0.959325 0.392692 0.081349 0.030093
0 0.116443 0.374008 0.008185 0.005291
0 0.81932 0.347884 0.02753 0.010582
0 0.914559 0.348545 0.011161 0.018519
0 0.140625 0.3583 0.025794 0.040675
0 0.920759 0.326389 0.004712 0.012566
0 0.420883 0.265212 0.006448 0.009921
0 0.725694 0.26207 0.010417 0.006283
0 0.696677 0.277778 0.047123 0.043651
0 0.006324 0.258598 0.012649 0.015873
0 0.96813 0.253142 0.006696 0.006283
0 0.958581 0.254299 0.006944 0.008598
0 0.938492 0.258267 0.02877 0.016534
0 0.746776 0.253142 0.012401 0.006283
0 0.448165 0.255622 0.016865 0.011243
