0 0.747272 0.996032 0.019841 0.007937
0 0.734499 0.991237 0.011161 0.013558
0 0.218006 0.847884 0.011409 0.007275
0 0.868056 0.847222 0.012401 0.012566
0 0.81312 0.841104 0.010169 0.010913
0 0.121032 0.836971 0.013889 0.008598
0 0.637401 0.830357 0.006448 0.006614
0 0.615079 0.829696 0.013393 0.013228
0 0.86818 0.827877 0.010169 0.012235
0 0.106027 0.821759 0.005208 0.008598
0 0.177579 0.822255 0.012401 0.012897
0 0.621652 0.820106 0.005208 0.009921
0 0.11818 0.817295 0.012649 0.008267
0 0.759301 0.807374 0.009177 0.004299
0 0.632564 0.815476 0.011161 0.023148
0 0.84809 0.809524 0.013145 0.011905
0 0.154018 0.808201 0.006944 0.009921
0 0.69246 0.810847 0.012401 0.019841
0 0.622272 0.803571 0.011905 0.009259
0 0.392485 0.805225 0.011161 0.01455
0 0.37624 0.802414 0.015377 0.016204
0 0.674727 0.797784 0.004712 0.010251
0 0.826141 0.799603 0.015377 0.01455
0 0.456473 0.795304 0.011161 0.01455
0 0.417163 0.788856 0.008433 0.006944
0 0.804812 0.792493 0.020833 0.016865
0 0.239583 0.790013 0.014385 0.016534
0 0.446553 0.800761 0.017609 0.039352
0 0.661706 0.793155 0.015377 0.024802
0 0.264013 0.78588 0.011161 0.011574
0 0.34189 0.777282 0.013145 0.008929
0 0.801587 0.775463 0.005952 0.006614
0 0.773313 0.77662 0.015377 0.011574
0 0.362351 0.775628 0.011905 0.014881
0 0.229539 0.777612 0.011161 0.018849
0 0.464286 0.772983 0.015377 0.013558
0 0.247644 0.770668 0.004712 0.013558
0 0.816592 0.769511 0.013641 0.01455
0 0.238715 0.767361 0.005704 0.011574
0 0.133185 0.76422 0.008929 0.006614
0 0.427083 0.780754 0.022321 0.045635
0 0.350694 0.761409 0.008929 0.00959
0 0.801215 0.759921 0.008185 0.013228
0 0.595114 0.754795 0.0062 0.007606
0 0.373884 0.752811 0.005704 0.007606
0 0.433284 0.760747 0.013393 0.024802
0 0.831101 0.750496 0.010417 0.006944
0 0.34313 0.750992 0.008681 0.009259
0 0.446801 0.756283 0.010665 0.02381
0 0.807292 0.75 0.008433 0.013228
0 0.31064 0.746362 0.008681 0.006614
0 0.797743 0.746693 0.011161 0.010582
0 0.377356 0.746197 0.015625 0.00959
0 0.108631 0.745866 0.005952 0.00959
0 0.349826 0.742394 0.010169 0.007275
0 0.650298 0.743386 0.006448 0.010582
0 0.269469 0.742725 0.004712 0.009921
0 0.435392 0.739914 0.008185 0.00959
0 0.301587 0.744874 0.014385 0.020833
0 0.258185 0.737434 0.009921 0.009921
0 0.292163 0.733466 0.008433 0.005291
0 0.724454 0.733962 0.003968 0.013558
0 0.739707 0.73297 0.009673 0.012897
0 0.500372 0.734954 0.009177 0.016865
0 0.250496 0.729993 0.006448 0.010913
0 0.766617 0.730324 0.011905 0.013558
0 0.772693 0.724868 0.010169 0.010582
0 0.780382 0.736442 0.027034 0.035714
0 0.340278 0.725033 0.009921 0.015542
0 0.323537 0.72338 0.010169 0.013558
0 0.794891 0.722057 0.012401 0.01422
0 0.310516 0.724868 0.011905 0.020503
0 0.273189 0.717923 0.005704 0.009259
0 0.428695 0.715939 0.011657 0.008598
0 0.632192 0.71875 0.008929 0.014881
0 0.802827 0.71379 0.008929 0.006283
0 0.459201 0.717593 0.025546 0.025132
0 0.487971 0.709491 0.015625 0.013558
0 0.034598 0.702877 0.007688 0.008267
0 0.345362 0.699405 0.007192 0.011905
0 0.6219 0.713624 0.013145 0.043651
0 0.268229 0.705688 0.009177 0.027778
0 0.604787 0.69709 0.015625 0.011905
0 0.476935 0.695602 0.022817 0.027447
0 0.039683 0.688161 0.019345 0.012566
0 0.05692 0.68039 0.010665 0.007606
0 0.722346 0.684028 0.014633 0.015542
0 0.710565 0.680225 0.00744 0.009259
0 0.628968 0.678737 0.005952 0.007606
0 0.601562 0.675595 0.009177 0.015873
0 0.043651 0.673115 0.014385 0.012235
0 0.444072 0.669643 0.007688 0.008598
0 0.021577 0.713294 0.043155 0.097222
0 0.577753 0.668651 0.011657 0.008598
0 0.626488 0.667493 0.009921 0.007606
0 0.592882 0.670635 0.011657 0.019841
0 0.455729 0.66336 0.008185 0.013889
0 0.611979 0.662864 0.009177 0.014881
0 0.426091 0.66584 0.019841 0.022156
0 0.43874 0.655589 0.011905 0.022156
0 0.584573 0.649471 0.012401 0.018519
0 0.02629 0.658069 0.052579 0.039021
0 0.704365 0.643353 0.005456 0.012235
0 0.021081 0.634094 0.009425 0.010913
0 0.68316 0.622024 0.011161 0.019841
0 0.550843 0.607639 0.010913 0.005622
0 0.012649 0.614749 0.025298 0.021164
0 0.66121 0.610615 0.016865 0.01422
0 0.06684 0.608466 0.012153 0.018519
0 0.00744 0.600033 0.005456 0.008929
0 0.534474 0.597884 0.006448 0.011905
0 0.03869 0.612765 0.039187 0.054233
0 0.424603 0.588955 0.006448 0.008598
0 0.039435 0.583995 0.010913 0.013228
0 0.054812 0.581349 0.009425 0.009259
0 0.512649 0.580357 0.013393 0.009921
0 0.506448 0.568948 0.013889 0.017526
0 0.590278 0.507606 0.006944 0.008598
0 0.561508 0.459987 0.005952 0.007937
0 0.40625 0.45916 0.008433 0.008929
0 0.552083 0.456349 0.00744 0.009259
0 0.419271 0.454034 0.008185 0.008598
0 0.585193 0.443287 0.015625 0.010251
0 0.454117 0.426257 0.008929 0.011243
0 0.09127 0.344081 0.007937 0.008929
0 0.02877 0.274306 0.010417 0.006283
0 0.053075 0.268519 0.03125 0.021825
0 0.569196 0.255622 0.00744 0.007937
0 0.609747 0.254464 0.004216 0.008267
0 0.589906 0.259094 0.027034 0.018188
0 0.323537 0.253142 0.008185 0.006283
0 0.021329 0.256944 0.02381 0.013889
