0 0.336397 0.98913 0.020833 0.016304
0 0.311275 0.988587 0.014706 0.016304
0 0.396599 0.988859 0.011336 0.022283
0 0.335478 0.977717 0.015319 0.01413
0 0.26777 0.976902 0.027574 0.035326
0 0.340839 0.959511 0.012561 0.0125
0 0.142923 0.96712 0.125306 0.065761
0 0.343903 0.920109 0.023591 0.030435
0 0.298254 0.901359 0.010723 0.010326
0 0.198836 0.91413 0.079044 0.045652
0 0.994026 0.898913 0.011949 0.023913
0 0.13848 0.90163 0.023897 0.031522
0 0.106464 0.913315 0.059743 0.074457
0 0.276348 0.875543 0.011642 0.013043
0 0.93367 0.872826 0.0144 0.036957
0 0.23606 0.863043 0.023591 0.022826
0 0.226562 0.840217 0.010723 0.009783
0 0.190564 0.864946 0.05576 0.061413
0 0.025582 0.835326 0.010723 0.01413
0 0.401042 0.840217 0.021446 0.03587
0 0.985141 0.83125 0.015625 0.030978
0 0.313572 0.842663 0.063419 0.072283
0 0.33318 0.808424 0.011949 0.013587
0 0.043505 0.814674 0.014706 0.028261
0 0.024816 0.815489 0.022059 0.033152
0 0.221201 0.812228 0.015931 0.027717
0 0.009957 0.797011 0.01685 0.014674
0 0.90242 0.791033 0.012561 0.017935
0 0.03508 0.782065 0.012561 0.01413
0 0.362286 0.784783 0.02788 0.022826
0 0.212469 0.781522 0.022978 0.025
0 0.890778 0.75788 0.015625 0.011413
0 0.054688 0.764674 0.037684 0.026087
0 0.035999 0.745109 0.028493 0.016304
0 0.197917 0.744837 0.041667 0.019022
0 0.087776 0.75 0.024203 0.043478
0 0.396752 0.736957 0.025735 0.018478
0 0.231771 0.727989 0.024816 0.019022
0 0.010723 0.744022 0.021446 0.054348
0 0.073836 0.705435 0.01348 0.01087
0 0.015778 0.67337 0.011949 0.013043
0 0.922181 0.638315 0.012255 0.015761
0 0.810355 0.589674 0.03125 0.020652
0 0.914828 0.537228 0.015319 0.013587
0 0.76011 0.523913 0.009191 0.019565
0 0.739124 0.45 0.007047 0.03913
0 0.60769 0.433152 0.011949 0.009783
0 0.339308 0.414946 0.015012 0.040761
0 0.624387 0.390489 0.011029 0.014674
0 0.483456 0.391576 0.011642 0.016848
0 0.506434 0.399185 0.008578 0.039674
0 0.378217 0.406522 0.016238 0.06087
0 0.726103 0.409511 0.008578 0.07337
0 0.48652 0.373098 0.016544 0.015761
0 0.519148 0.36413 0.009498 0.041304
0 0.646599 0.354891 0.01011 0.054348
0 0.616268 0.330978 0.016238 0.009783
0 0.647978 0.29538 0.009191 0.030978
0 0.164828 0.26413 0.018382 0.011957
0 0.674939 0.264402 0.009191 0.020109
0 0.242494 0.26413 0.005208 0.027174
0 0.287377 0.25625 0.007966 0.0125
0 0.223958 0.260326 0.015319 0.020652
0 0.193781 0.26712 0.032169 0.034239
