0 0.584573 0.996693 0.010913 0.006614
0 0.828373 0.926257 0.006944 0.006614
0 0.812376 0.927249 0.010169 0.010582
0 0.858259 0.930721 0.010169 0.020833
0 0.592882 0.919147 0.009177 0.006283
0 0.753596 0.917493 0.012649 0.006283
0 0.615699 0.916667 0.0062 0.011243
0 0.004092 0.914848 0.008185 0.00959
0 0.629712 0.917989 0.018849 0.027116
0 0.415551 0.907573 0.009177 0.007606
0 0.402158 0.908399 0.012153 0.009921
0 0.622272 0.906746 0.009921 0.008598
0 0.605903 0.907242 0.007937 0.011574
0 0.085689 0.907738 0.026042 0.018519
0 0.764881 0.899967 0.00744 0.005622
0 0.013145 0.907077 0.022321 0.024471
0 0.718874 0.907242 0.017609 0.026124
0 0.893849 0.895007 0.006944 0.010913
0 0.043031 0.891038 0.010169 0.010251
0 0.077381 0.8917 0.005456 0.012235
0 0.84561 0.893684 0.011657 0.016865
0 0.400174 0.888062 0.0062 0.006944
0 0.653522 0.894676 0.012897 0.023479
0 0.127604 0.887235 0.005208 0.009921
0 0.052455 0.888889 0.009177 0.01455
0 0.868304 0.887235 0.008433 0.011905
0 0.841146 0.88459 0.008185 0.006614
0 0.746652 0.883267 0.011161 0.005291
0 0.672371 0.884259 0.007937 0.009259
0 0.71751 0.883598 0.008929 0.008598
0 0.295511 0.885913 0.013145 0.013228
0 0.067956 0.884921 0.009425 0.012566
0 0.589534 0.882606 0.007937 0.008598
0 0.281994 0.88707 0.010913 0.018188
0 0.617312 0.88459 0.011409 0.01455
0 0.881696 0.885913 0.013889 0.017857
0 0.377232 0.878142 0.005456 0.006944
0 0.335813 0.880952 0.005952 0.013228
0 0.316592 0.87996 0.005704 0.011243
0 0.412698 0.879795 0.012897 0.01422
0 0.353299 0.87748 0.0062 0.012235
0 0.324777 0.879299 0.014137 0.01918
0 0.305184 0.879134 0.013641 0.018849
0 0.81498 0.871528 0.006944 0.008267
0 0.639757 0.872685 0.011657 0.010582
0 0.342138 0.868882 0.008185 0.005622
0 0.288442 0.869213 0.00744 0.008267
0 0.794643 0.866898 0.009921 0.006283
0 0.373016 0.869048 0.008433 0.011905
0 0.820064 0.867394 0.011657 0.009259
0 0.259177 0.868552 0.013393 0.011574
0 0.65315 0.868386 0.007688 0.013228
0 0.40935 0.865245 0.011161 0.006944
0 0.394965 0.871693 0.024058 0.022487
0 0.524306 0.863261 0.00744 0.006283
0 0.359375 0.862765 0.008433 0.008598
0 0.270213 0.864583 0.010169 0.013558
0 0.37314 0.858796 0.011657 0.009259
0 0.788442 0.859954 0.010913 0.012897
0 0.628968 0.855324 0.008929 0.00496
0 0.408358 0.858466 0.017113 0.012566
0 0.337178 0.855655 0.007192 0.008267
0 0.137525 0.855489 0.007192 0.012566
0 0.453125 0.859458 0.013393 0.021825
0 0.19246 0.855655 0.00496 0.01422
0 0.717262 0.847718 0.008929 0.006944
0 0.423363 0.855159 0.011905 0.025132
0 0.272197 0.848049 0.021081 0.012235
0 0.388889 0.84838 0.017361 0.016865
0 0.762401 0.841931 0.00496 0.006614
0 0.752108 0.844742 0.008681 0.012235
0 0.364583 0.846892 0.012897 0.020503
0 0.293279 0.847718 0.016617 0.022817
0 0.160962 0.842758 0.00496 0.013558
0 0.787078 0.841104 0.006696 0.011574
0 0.354167 0.840608 0.00496 0.01455
0 0.41183 0.841766 0.017609 0.017526
0 0.22433 0.836475 0.008681 0.006944
0 0.398562 0.836806 0.006448 0.012235
0 0.149306 0.83416 0.005952 0.011574
0 0.294147 0.829696 0.008929 0.006614
0 0.773189 0.826554 0.010169 0.008267
0 0.264385 0.827546 0.007937 0.011574
0 0.275918 0.828538 0.017113 0.01422
0 0.210689 0.830688 0.014137 0.023148
0 0.636533 0.824239 0.005704 0.010913
0 0.487227 0.821263 0.011161 0.007606
0 0.46875 0.817956 0.006944 0.006944
0 0.375124 0.826058 0.012649 0.02381
0 0.296999 0.819775 0.007192 0.011905
0 0.62066 0.817295 0.013641 0.010913
0 0.606275 0.814815 0.007192 0.005952
0 0.353175 0.823247 0.007937 0.027447
0 0.63058 0.813161 0.007688 0.007937
0 0.269345 0.814484 0.00744 0.011905
0 0.28869 0.810681 0.00496 0.008267
0 0.391865 0.823082 0.018353 0.035053
0 0.31064 0.81498 0.016617 0.022817
0 0.794271 0.821098 0.028522 0.037037
0 0.378224 0.806382 0.005952 0.012897
0 0.305308 0.804067 0.006448 0.008267
0 0.777406 0.805886 0.011657 0.012566
0 0.227431 0.811012 0.022817 0.022817
0 0.606027 0.803571 0.0062 0.008598
0 0.618056 0.805721 0.007937 0.01422
0 0.184524 0.804067 0.00744 0.012235
0 0.276786 0.801587 0.009425 0.011905
0 0.19494 0.801918 0.007937 0.017857
0 0.796007 0.801257 0.021081 0.017196
0 0.406126 0.80043 0.005208 0.016865
0 0.349082 0.800099 0.007192 0.017526
0 0.170883 0.797784 0.010417 0.01422
0 0.210938 0.799272 0.008185 0.021164
0 0.324901 0.792824 0.008433 0.008929
0 0.226066 0.791997 0.007688 0.010582
0 0.708209 0.788525 0.014633 0.013558
0 0.444568 0.790509 0.014137 0.018188
0 0.190476 0.784061 0.006448 0.008598
0 0.309772 0.781415 0.006448 0.007937
0 0.740451 0.785714 0.008681 0.017196
0 0.584201 0.783069 0.011161 0.012566
0 0.170511 0.779597 0.007192 0.008267
0 0.44246 0.814649 0.065476 0.082341
0 0.403646 0.776786 0.006696 0.007937
0 0.266245 0.781581 0.011657 0.020172
0 0.245288 0.779597 0.014881 0.017526
0 0.746528 0.781085 0.009921 0.022487
0 0.179191 0.77662 0.004216 0.01422
0 0.392733 0.773479 0.008681 0.009259
0 0.230779 0.774636 0.012649 0.016865
0 0.585193 0.767526 0.006696 0.005291
0 0.367063 0.769841 0.014881 0.010582
0 0.440724 0.76703 0.012401 0.006944
0 0.190724 0.769676 0.012897 0.01422
0 0.762153 0.767857 0.016865 0.012566
0 0.427331 0.76455 0.012897 0.008598
0 0.209325 0.761078 0.006944 0.012235
0 0.366071 0.75496 0.006944 0.006614
0 0.587798 0.754795 0.012897 0.016204
0 0.268601 0.752149 0.006448 0.012235
0 0.151538 0.751819 0.008433 0.011574
0 0.399926 0.749008 0.006696 0.007275
0 0.183284 0.749173 0.006944 0.013558
0 0.168651 0.744048 0.007937 0.006614
0 0.387773 0.754134 0.017609 0.027447
0 0.576389 0.748016 0.020833 0.017857
0 0.561012 0.744874 0.018849 0.016865
0 0.587798 0.739418 0.004464 0.011243
0 0.380084 0.739749 0.014633 0.01918
0 0.393353 0.731812 0.017361 0.020503
0 0.584573 0.724041 0.006448 0.008929
0 0.565972 0.726025 0.012897 0.013558
0 0.673115 0.725033 0.008929 0.012897
0 0.409846 0.733135 0.013145 0.030423
0 0.686756 0.726687 0.016865 0.02414
0 0.420263 0.73793 0.017113 0.04795
0 0.192956 0.718419 0.003968 0.010913
0 0.338666 0.715939 0.012153 0.007937
0 0.277406 0.711971 0.010665 0.007275
0 0.391989 0.716766 0.012649 0.018849
0 0.559524 0.717758 0.020337 0.022817
0 0.581721 0.709491 0.012649 0.008267
0 0.52877 0.709325 0.011409 0.010582
0 0.37128 0.707341 0.005952 0.009921
0 0.542783 0.710152 0.010169 0.017526
0 0.550719 0.7042 0.009177 0.010251
0 0.38058 0.695271 0.009673 0.005622
0 0.391741 0.695767 0.005208 0.016534
0 0.53311 0.687831 0.007688 0.007937
0 0.552951 0.684028 0.0062 0.006283
0 0.363219 0.697421 0.024554 0.034392
0 0.528894 0.680721 0.007688 0.00959
0 0.02753 0.671792 0.007937 0.010913
0 0.519345 0.6708 0.006944 0.016204
0 0.012773 0.666171 0.005704 0.006944
0 0.49442 0.63922 0.007192 0.006614
0 0.608259 0.63955 0.016617 0.020503
0 0.467138 0.629464 0.013145 0.008929
0 0.507688 0.628142 0.009921 0.008267
0 0.47309 0.621693 0.0062 0.005291
0 0.577505 0.616237 0.010665 0.010913
0 0.459077 0.608796 0.006944 0.005291
0 0.571677 0.607143 0.00744 0.007937
0 0.583333 0.605489 0.005456 0.011905
0 0.448289 0.60334 0.016617 0.023479
0 0.441716 0.589782 0.011905 0.015542
0 0.439112 0.575397 0.006696 0.007937
0 0.431052 0.58168 0.009425 0.022487
0 0.537822 0.574074 0.006696 0.010582
0 0.40563 0.565311 0.005704 0.013558
0 0.416295 0.564153 0.010169 0.013228
0 0.396453 0.535384 0.006696 0.009259
0 0.494792 0.510086 0.005456 0.008929
0 0.482019 0.498843 0.014633 0.019511
0 0.454365 0.469742 0.006944 0.005622
0 0.324281 0.465112 0.014137 0.010251
0 0.480159 0.466104 0.018353 0.01422
0 0.340402 0.460317 0.0062 0.008598
0 0.334077 0.457837 0.007937 0.00959
0 0.347222 0.456845 0.005952 0.010251
0 0.364335 0.428902 0.004464 0.011905
0 0.424851 0.397487 0.008433 0.006614
0 0.341146 0.267196 0.009673 0.005291
0 0.477307 0.260582 0.006696 0.005952
0 0.490699 0.261739 0.009673 0.014881
0 0.50124 0.263558 0.017857 0.025794
