0 0.683408 0.995866 0.012153 0.008267
0 0.254216 0.993386 0.00744 0.013228
0 0.294147 0.981647 0.006448 0.01422
0 0.546627 0.976025 0.005952 0.011574
0 0.013145 0.941634 0.015377 0.012897
0 0.875248 0.91088 0.015873 0.011574
0 0.889385 0.910714 0.014881 0.012566
0 0.605035 0.903604 0.005704 0.008929
0 0.046999 0.902447 0.005208 0.008598
0 0.615947 0.898148 0.008185 0.009259
0 0.90067 0.897817 0.017113 0.03836
0 0.88244 0.869874 0.041667 0.036045
0 0.577753 0.837798 0.011161 0.016865
0 0.963666 0.809358 0.009177 0.00496
0 0.695685 0.7958 0.010417 0.010251
0 0.774802 0.779927 0.010913 0.011574
0 0.594618 0.751984 0.017113 0.00463
0 0.890005 0.746858 0.017609 0.008267
0 0.580481 0.739253 0.021081 0.016865
0 0.604415 0.72123 0.011905 0.013889
0 0.574529 0.719742 0.017609 0.010913
0 0.760665 0.673611 0.015377 0.006614
0 0.594618 0.674107 0.011657 0.008929
0 0.625372 0.652943 0.007192 0.00496
0 0.639137 0.652447 0.007937 0.006614
0 0.554439 0.653439 0.010169 0.017196
0 0.610615 0.613261 0.00744 0.010913
0 0.714286 0.586144 0.024802 0.022817
0 0.660466 0.572586 0.016865 0.012897
0 0.677579 0.550761 0.014385 0.00959
0 0.988095 0.564484 0.02381 0.048942
0 0.938368 0.545966 0.002728 0.017857
0 0.761781 0.533234 0.035962 0.015542
0 0.939236 0.528604 0.00744 0.010251
0 0.730283 0.527943 0.009673 0.010251
0 0.916419 0.529762 0.004464 0.022487
0 0.976687 0.518188 0.007937 0.009259
0 0.925347 0.51703 0.013393 0.020172
0 0.878844 0.50711 0.008185 0.006944
0 0.74876 0.493386 0.009425 0.005291
0 0.968626 0.516534 0.062748 0.059524
0 0.986979 0.46627 0.007192 0.009259
0 0.883061 0.441138 0.00372 0.021164
0 0.97309 0.469907 0.053819 0.090608
0 0.979663 0.4375 0.040675 0.053571
0 0.710565 0.41336 0.018849 0.017857
0 0.955605 0.408896 0.003472 0.010251
0 0.66183 0.39666 0.019593 0.018849
0 0.421875 0.392196 0.016369 0.012566
0 0.621156 0.369213 0.028026 0.018188
0 0.894469 0.346396 0.019593 0.026786
0 0.876364 0.328704 0.017113 0.017857
0 0.402778 0.34375 0.121032 0.066468
0 0.895833 0.314815 0.010913 0.015873
0 0.414062 0.297454 0.010665 0.008267
0 0.24814 0.295966 0.008185 0.009259
0 0.272817 0.292163 0.006448 0.008929
0 0.260045 0.290179 0.013145 0.007606
0 0.977183 0.353175 0.045635 0.145503
0 0.357763 0.286045 0.004712 0.011243
0 0.282986 0.289848 0.009921 0.025463
0 0.672495 0.281085 0.020089 0.03373
0 0.197545 0.275794 0.029514 0.02381
0 0.343254 0.294974 0.027778 0.064153
0 0.237351 0.268684 0.022321 0.013558
0 0.332217 0.272652 0.011657 0.022156
0 0.142113 0.266865 0.010417 0.010582
0 0.87004 0.264881 0.008433 0.028439
0 0.310764 0.25744 0.010417 0.013558
0 0.888021 0.271164 0.032986 0.042328
0 0.707961 0.256283 0.011657 0.012566
0 0.656746 0.253472 0.011905 0.006944
0 0.430804 0.274967 0.078869 0.049934
0 0.335565 0.255291 0.011409 0.010582
