0 0.190848 0.986938 0.012649 0.00496
0 0.297743 0.989749 0.020089 0.016534
0 0.321181 0.981151 0.010913 0.009921
0 0.303571 0.968915 0.011905 0.010582
0 0.322669 0.965443 0.010417 0.005622
0 0.469742 0.95668 0.039187 0.019841
0 0.049851 0.947586 0.008433 0.005622
0 0.069444 0.946263 0.008433 0.006283
0 0.166047 0.948909 0.021081 0.025463
0 0.056176 0.934689 0.014633 0.012235
0 0.09375 0.926918 0.030754 0.018519
0 0.62934 0.909557 0.009177 0.010251
0 0.032862 0.914187 0.011657 0.02877
0 0.132316 0.903274 0.010169 0.010251
0 0.251116 0.898313 0.006696 0.007606
0 0.178199 0.921792 0.072669 0.079696
0 0.12376 0.886905 0.014881 0.011243
0 0.493676 0.880952 0.012153 0.009921
0 0.516617 0.878803 0.008433 0.008929
0 0.182416 0.875827 0.007192 0.006944
0 0.482019 0.875165 0.010665 0.008929
0 0.993924 0.871693 0.007688 0.009921
0 0.984499 0.866237 0.005208 0.006944
0 0.152158 0.853671 0.011657 0.00959
0 0.978671 0.849041 0.009921 0.011574
0 0.961682 0.845734 0.013145 0.010913
0 0.560764 0.844907 0.032738 0.013889
0 0.080977 0.866237 0.055804 0.074405
0 0.068452 0.8292 0.011905 0.016204
0 0.891121 0.808697 0.017857 0.010913
0 0.869296 0.804563 0.020337 0.009921
0 0.507192 0.77381 0.009921 0.007275
0 0.819568 0.770337 0.009673 0.012235
0 0.528398 0.767857 0.024554 0.015212
0 0.622272 0.749669 0.017361 0.010582
0 0.705853 0.748181 0.006944 0.010251
0 0.002728 0.751819 0.005456 0.022156
0 0.743924 0.741237 0.007688 0.006944
0 0.773934 0.740575 0.005704 0.00959
0 0.993428 0.611772 0.013145 0.017196
0 0.981275 0.611772 0.011161 0.021164
0 0.961062 0.561177 0.024306 0.008598
0 0.988839 0.547454 0.022321 0.052579
0 0.248884 0.561673 0.020585 0.098876
0 0.281498 0.470569 0.003968 0.015212
0 0.237971 0.496528 0.015129 0.073082
0 0.243924 0.452712 0.004216 0.009921
0 0.934524 0.437996 0.00496 0.016204
0 0.220114 0.428571 0.008681 0.016534
0 0.9344 0.419643 0.005208 0.009259
0 0.902282 0.414517 0.006448 0.006944
0 0.24566 0.418155 0.002728 0.015542
0 0.004464 0.419312 0.008929 0.023148
0 0.110243 0.414848 0.018601 0.02414
0 0.946677 0.412864 0.00496 0.020833
0 0.961682 0.399802 0.008185 0.007275
0 0.959697 0.386739 0.005208 0.00959
0 0.895957 0.392857 0.017609 0.025132
0 0.266245 0.388393 0.007688 0.016865
0 0.134053 0.381614 0.007192 0.015212
0 0.013145 0.388393 0.02629 0.038029
0 0.231027 0.383598 0.010169 0.035714
0 0.128348 0.364087 0.007688 0.005291
0 0.270585 0.369213 0.011905 0.02877
0 0.255208 0.351687 0.005456 0.00959
0 0.472222 0.349868 0.007937 0.01455
0 0.269717 0.347222 0.006696 0.01455
0 0.145461 0.346726 0.008681 0.015542
0 0.250868 0.338128 0.007688 0.006283
0 0.292411 0.398313 0.063988 0.141204
0 0.978051 0.335648 0.015625 0.017196
0 0.28621 0.33168 0.011409 0.010582
0 0.917659 0.323909 0.011409 0.008929
0 0.516369 0.316468 0.005952 0.011905
0 0.125248 0.333168 0.031746 0.045304
0 0.06684 0.314484 0.005704 0.007937
0 0.352927 0.313657 0.007937 0.008267
0 0.527654 0.313823 0.007688 0.011905
0 0.021081 0.343419 0.042163 0.074405
0 0.47185 0.33631 0.026538 0.062831
0 0.556052 0.308862 0.008929 0.013889
0 0.50372 0.31746 0.034226 0.049603
0 0.976438 0.2958 0.00744 0.00959
0 0.894965 0.2958 0.013145 0.012235
0 0.997644 0.291336 0.004712 0.013228
0 0.989459 0.287864 0.006696 0.006283
0 0.314732 0.295304 0.019841 0.028439
0 0.537822 0.28373 0.006696 0.007937
0 0.517237 0.282738 0.007688 0.010582
0 0.386285 0.296131 0.029018 0.045966
0 0.532242 0.27414 0.00744 0.007937
0 0.801835 0.274636 0.009921 0.010251
0 0.97247 0.271329 0.006944 0.012235
0 0.09375 0.278439 0.019841 0.026455
0 0.15377 0.269676 0.007937 0.011574
0 0.390501 0.267526 0.007688 0.016534
0 0.085069 0.260086 0.013393 0.008267
0 0.536458 0.260582 0.00744 0.013889
0 0.502356 0.258267 0.008185 0.009921
0 0.429563 0.267196 0.018849 0.029101
0 0.279886 0.260913 0.015625 0.021164
0 0.942708 0.320271 0.029266 0.140542
0 0.815352 0.257771 0.02505 0.015542
0 0.781126 0.262566 0.024058 0.025132
0 0.527282 0.259094 0.00496 0.018188
0 0.518353 0.259425 0.00744 0.018849
0 0.468874 0.274471 0.06374 0.048942
0 0.31498 0.270668 0.048115 0.041336
0 0.207837 0.255622 0.010417 0.011243
0 0.161334 0.252149 0.009673 0.004299
0 0.050843 0.25496 0.009425 0.009921
0 0.026414 0.274471 0.052827 0.048942
