0 0.155382 0.997189 0.009177 0.005622
0 0.183036 0.995536 0.008929 0.008929
0 0.134177 0.99537 0.013889 0.009259
0 0.496156 0.99504 0.03001 0.009921
0 0.164311 0.993386 0.006696 0.007937
0 0.390873 0.994544 0.030258 0.010913
0 0.051215 0.993717 0.008185 0.009259
0 0.404762 0.99041 0.006448 0.011243
0 0.035714 0.989749 0.008433 0.010582
0 0.606771 0.988757 0.013641 0.013889
0 0.376612 0.984623 0.017609 0.00959
0 0.162202 0.965608 0.009425 0.009259
0 0.164683 0.954034 0.014881 0.009259
0 0.151414 0.947751 0.017609 0.01455
0 0.078001 0.9375 0.007688 0.009921
0 0.114955 0.932705 0.007192 0.00959
0 0.165675 0.932705 0.022817 0.010251
0 0.02753 0.926587 0.005952 0.011243
0 0.12438 0.932044 0.014137 0.026786
0 0.143725 0.921296 0.020089 0.017196
0 0.504588 0.910549 0.007192 0.008929
0 0.004712 0.901455 0.009425 0.013889
0 0.071181 0.903108 0.025298 0.021825
0 0.533234 0.896495 0.015377 0.01455
0 0.170883 0.889385 0.009425 0.012897
0 0.087426 0.889054 0.010665 0.012897
0 0.075645 0.88459 0.00744 0.009921
0 0.06374 0.881944 0.015377 0.017857
0 0.200521 0.874669 0.010169 0.009921
0 0.19122 0.864418 0.007937 0.013228
0 0.156002 0.861111 0.031746 0.017196
0 0.178943 0.860615 0.011161 0.020833
0 0.132937 0.853009 0.005952 0.010251
0 0.524926 0.843089 0.014137 0.006283
0 0.986359 0.817626 0.010417 0.005622
0 0.952753 0.820933 0.011657 0.022156
0 0.176587 0.806217 0.010417 0.011905
0 0.955977 0.802083 0.008681 0.00496
0 0.938244 0.80506 0.008433 0.01422
0 0.208953 0.797288 0.019097 0.023148
0 0.213666 0.78621 0.007192 0.006283
0 0.191344 0.789517 0.018105 0.015542
0 0.122644 0.781581 0.011657 0.008267
0 0.014137 0.774802 0.005952 0.007937
0 0.989583 0.77629 0.009921 0.013558
0 0.176091 0.772983 0.00496 0.011574
0 0.110491 0.761739 0.016121 0.008929
0 0.968998 0.758267 0.00744 0.007275
0 0.464906 0.75496 0.0062 0.01455
0 0.114583 0.75248 0.011409 0.012897
0 0.206101 0.75496 0.020337 0.021164
0 0.011781 0.74256 0.012153 0.014881
0 0.129464 0.738426 0.009425 0.012566
0 0.992932 0.731647 0.014137 0.011574
0 0.149554 0.730655 0.008433 0.013558
0 0.161458 0.759755 0.078869 0.082341
0 0.448413 0.710483 0.018353 0.00496
0 0.192832 0.717923 0.022569 0.023148
0 0.232763 0.708168 0.0062 0.012235
0 0.16307 0.704696 0.013641 0.009921
0 0.173735 0.704365 0.006696 0.013228
0 0.220238 0.70205 0.006944 0.009259
0 0.91121 0.68287 0.003968 0.019841
0 0.980035 0.676918 0.008185 0.012566
0 0.18874 0.652612 0.011409 0.007606
0 0.788442 0.641369 0.012897 0.014881
0 0.935268 0.658896 0.03373 0.074405
0 0.906746 0.626323 0.005456 0.010582
0 0.25248 0.628803 0.015873 0.018849
0 0.274306 0.622189 0.015377 0.008267
0 0.746032 0.622354 0.010417 0.010582
0 0.811756 0.613095 0.012401 0.010582
0 0.800967 0.608631 0.009177 0.006283
0 0.758929 0.613922 0.02877 0.016865
0 0.931796 0.612103 0.003968 0.016534
0 0.814856 0.599702 0.009673 0.007606
0 0.91245 0.597553 0.016865 0.020503
0 0.860615 0.585979 0.007937 0.008598
0 0.411458 0.587302 0.021329 0.011905
0 0.926463 0.587302 0.014137 0.029762
0 0.800223 0.562665 0.033482 0.021495
0 0.91059 0.565146 0.016121 0.027116
0 0.968254 0.544478 0.00496 0.010913
0 0.906126 0.508102 0.014137 0.022156
0 0.503596 0.49752 0.006696 0.005622
0 0.75124 0.490245 0.005456 0.021495
0 0.497892 0.478009 0.022073 0.020172
0 0.49628 0.454365 0.007937 0.011243
0 0.902034 0.435351 0.008433 0.019511
0 0.719742 0.427414 0.006448 0.008267
0 0.494296 0.427745 0.005456 0.008929
0 0.541047 0.413525 0.004712 0.012897
0 0.521205 0.413194 0.00372 0.018849
0 0.951761 0.407573 0.004216 0.01422
0 0.986731 0.416501 0.026538 0.038029
0 0.96441 0.401455 0.008185 0.013228
0 0.940476 0.415344 0.018353 0.054894
0 0.952629 0.392526 0.008433 0.009921
0 0.511285 0.390542 0.0062 0.007275
0 0.624628 0.384259 0.006696 0.013228
0 0.922991 0.378472 0.020089 0.028108
0 0.830233 0.368221 0.004712 0.00959
0 0.067956 0.36293 0.015873 0.015542
0 0.802703 0.368882 0.030506 0.043981
0 0.823785 0.355655 0.004216 0.018188
0 0.309152 0.341435 0.014137 0.016865
0 0.777282 0.352513 0.024802 0.050265
0 0.843254 0.328538 0.010913 0.008929
0 0.585565 0.333003 0.009921 0.031085
0 0.77629 0.318452 0.007937 0.013889
0 0.625868 0.303902 0.008681 0.015212
0 0.807912 0.302414 0.007192 0.012897
0 0.732391 0.350033 0.056548 0.109458
0 0.375744 0.294974 0.006448 0.008598
0 0.974578 0.30291 0.005208 0.031746
0 0.59065 0.294478 0.004216 0.022156
0 0.060888 0.28869 0.013145 0.011243
0 0.339658 0.273148 0.012153 0.009921
0 0.358755 0.282903 0.006696 0.030093
0 0.776662 0.272156 0.004712 0.009259
0 0.235367 0.277612 0.027282 0.034061
0 0.267113 0.270172 0.013393 0.019841
0 0.042659 0.266534 0.005952 0.021825
0 0.323661 0.257606 0.009425 0.007275
0 0.777902 0.256779 0.004216 0.012235
0 0.848834 0.258929 0.013641 0.017857
0 0.809152 0.263558 0.055804 0.027116
0 0.41183 0.285053 0.03497 0.070106
0 0.366071 0.254795 0.028274 0.00959
0 0.239831 0.253803 0.00744 0.007606
0 0.091022 0.275132 0.019841 0.050265
