0 0.50744 0.994874 0.008929 0.010251
0 0.400546 0.994709 0.009425 0.010582
0 0.597346 0.988095 0.0062 0.010582
0 0.328869 0.989418 0.015873 0.021164
0 0.590898 0.986607 0.011657 0.026786
0 0.564112 0.974702 0.008185 0.018188
0 0.517981 0.972057 0.010169 0.016204
0 0.134177 0.977348 0.013393 0.028108
0 0.042039 0.968254 0.006696 0.009921
0 0.625124 0.967262 0.008185 0.016534
0 0.571181 0.958664 0.004464 0.015873
0 0.136409 0.958003 0.030754 0.015212
0 0.56064 0.945437 0.010169 0.009921
0 0.160962 0.943287 0.020337 0.023479
0 0.833953 0.934854 0.009673 0.008598
0 0.124752 0.929233 0.00496 0.010582
0 0.660466 0.936839 0.022321 0.029101
0 0.02877 0.957341 0.05754 0.085317
0 0.187748 0.915179 0.00744 0.012897
0 0.166171 0.918485 0.024802 0.022817
0 0.041171 0.907407 0.016865 0.009259
0 0.017485 0.915344 0.03497 0.036376
0 0.199157 0.897321 0.008433 0.006944
0 0.112351 0.902447 0.016865 0.024471
0 0.676091 0.891865 0.008929 0.009259
0 0.183656 0.890046 0.018601 0.020172
0 0.197545 0.876819 0.006696 0.006944
0 0.104167 0.927745 0.09127 0.114749
0 0.008061 0.869709 0.005704 0.011905
0 0.581349 0.863426 0.011409 0.018519
0 0.498264 0.85797 0.005952 0.014881
0 0.181424 0.866402 0.029018 0.035714
0 0.575893 0.845238 0.004464 0.009259
0 0.037202 0.849041 0.048115 0.040013
0 0.075521 0.857639 0.062748 0.061839
0 0.058284 0.825231 0.010417 0.012235
0 0.168403 0.822917 0.008929 0.016204
0 0.565972 0.813657 0.043155 0.027447
0 0.534102 0.798942 0.011161 0.009259
0 0.595982 0.776786 0.008929 0.011243
0 0.505208 0.75 0.005952 0.008598
0 0.717014 0.739418 0.012401 0.006614
0 0.027282 0.743386 0.021329 0.01455
0 0.520213 0.741237 0.023065 0.012897
0 0.066468 0.726025 0.011905 0.00959
0 0.079241 0.719907 0.011161 0.011243
0 0.002728 0.711971 0.005456 0.008598
0 0.126116 0.70453 0.010169 0.008929
0 0.540675 0.698743 0.007937 0.013889
0 0.476314 0.700231 0.026042 0.018188
0 0.488963 0.6708 0.012153 0.008929
0 0.046131 0.685351 0.092262 0.039352
0 0.035342 0.666171 0.015129 0.00959
0 0.123388 0.657242 0.028026 0.012897
0 0.159474 0.650959 0.007937 0.008929
0 0.218254 0.652116 0.008433 0.017196
0 0.128844 0.645833 0.008681 0.008598
0 0.165675 0.641865 0.005952 0.007937
0 0.228175 0.643353 0.012401 0.013558
0 0.526414 0.641038 0.023562 0.010251
0 0.196925 0.631448 0.015873 0.013558
0 0.8094 0.621197 0.014633 0.00959
0 0.982391 0.622851 0.035218 0.013558
0 0.956845 0.614418 0.012897 0.005952
0 0.794767 0.615245 0.006696 0.007606
0 0.177703 0.613261 0.004712 0.008929
0 0.780878 0.610615 0.012649 0.007606
0 0.930804 0.606316 0.036706 0.013558
0 0.476066 0.614253 0.018105 0.031415
0 0.779018 0.624669 0.108135 0.055556
0 0.124132 0.598876 0.013641 0.013889
0 0.995536 0.585813 0.008929 0.006944
0 0.859251 0.587302 0.022569 0.009921
0 0.521205 0.592758 0.033978 0.030754
0 0.978175 0.580357 0.019841 0.010582
0 0.886781 0.5792 0.016617 0.008929
0 0.150794 0.604167 0.041667 0.062169
0 0.766617 0.587798 0.109623 0.036706
0 0.804067 0.572917 0.020337 0.007606
0 0.056176 0.581515 0.050843 0.024802
0 0.78311 0.56961 0.013145 0.010913
0 0.00682 0.595734 0.013641 0.06713
0 0.090774 0.566303 0.013889 0.01422
0 0.725942 0.583664 0.092262 0.049603
0 0.939484 0.567791 0.052579 0.022487
0 0.394469 0.546131 0.004712 0.008267
0 0.894965 0.544808 0.021081 0.024802
0 0.416791 0.536376 0.015625 0.01455
0 0.05754 0.552083 0.062996 0.045966
0 0.05692 0.533565 0.007192 0.010913
0 0.838914 0.53588 0.020585 0.016204
0 0.437128 0.533069 0.005208 0.013889
0 0.475942 0.522487 0.016369 0.012566
0 0.403274 0.511905 0.010417 0.011905
0 0.81498 0.504795 0.019841 0.01422
0 0.837674 0.512235 0.02505 0.035714
0 0.947917 0.511739 0.075893 0.035384
0 0.822173 0.497189 0.004464 0.00959
0 0.576513 0.494378 0.034474 0.015873
0 0.803695 0.484292 0.005208 0.008929
0 0.918899 0.482143 0.013393 0.008598
0 0.970734 0.479828 0.00496 0.007275
0 0.394469 0.481812 0.005208 0.013889
0 0.582341 0.477017 0.029266 0.010251
0 0.792907 0.478671 0.010417 0.01422
0 0.917411 0.472718 0.011409 0.004299
0 0.676959 0.473545 0.005704 0.009921
0 0.753224 0.477348 0.025794 0.018188
0 0.834325 0.489914 0.023313 0.046627
0 0.685764 0.465939 0.012897 0.005291
0 0.677207 0.457672 0.004216 0.013228
0 0.578745 0.455192 0.004712 0.010251
0 0.612599 0.451554 0.009425 0.012235
0 0.603919 0.449074 0.003968 0.011243
0 0.845114 0.44709 0.015625 0.008598
0 0.829117 0.445767 0.011905 0.011243
0 0.818204 0.443618 0.005456 0.014881
0 0.671007 0.437831 0.010169 0.01918
0 0.834077 0.431382 0.009921 0.008267
0 0.780134 0.436839 0.010169 0.019841
0 0.697421 0.429729 0.005456 0.010913
0 0.777902 0.446759 0.088542 0.052249
0 0.568452 0.414683 0.013393 0.013889
0 0.751736 0.418485 0.03869 0.02877
0 0.80816 0.411706 0.025546 0.020503
0 0.646205 0.402778 0.009673 0.007275
0 0.605779 0.409888 0.055308 0.022156
0 0.782242 0.409722 0.021825 0.029101
0 0.880208 0.397156 0.012401 0.011243
0 0.801339 0.395172 0.012401 0.011243
0 0.385541 0.400298 0.032986 0.029431
0 0.861979 0.396164 0.026042 0.027778
0 0.878348 0.382771 0.009673 0.004299
0 0.295883 0.384094 0.005456 0.010913
0 0.972222 0.381283 0.023313 0.007275
0 0.426215 0.385913 0.005208 0.018519
0 0.435144 0.382771 0.006696 0.020833
0 0.177083 0.375827 0.010417 0.008929
0 0.213418 0.375661 0.007192 0.013228
0 0.153274 0.395337 0.009921 0.055886
0 0.189732 0.37004 0.009921 0.009259
0 0.235243 0.371362 0.011161 0.013889
0 0.324653 0.36789 0.006448 0.011574
0 0.888765 0.366898 0.008681 0.018849
0 0.391121 0.36756 0.013889 0.020172
0 0.333705 0.361772 0.008681 0.011905
0 0.007564 0.38459 0.015129 0.066799
0 0.40315 0.350198 0.004712 0.011905
0 0.87872 0.359292 0.029266 0.033399
0 0.378224 0.347553 0.013889 0.015212
0 0.370412 0.349537 0.016617 0.019841
0 0.060888 0.345238 0.005704 0.01455
0 0.422867 0.340443 0.007937 0.00959
0 0.041915 0.338624 0.009425 0.006614
0 0.381696 0.335648 0.012401 0.011243
0 0.11942 0.337467 0.011657 0.016865
0 0.897073 0.338459 0.009425 0.024802
0 0.859747 0.33912 0.015625 0.030093
0 0.161086 0.327877 0.008185 0.016204
0 0.252604 0.327712 0.013641 0.018519
0 0.178695 0.332176 0.018601 0.029431
0 0.014757 0.320437 0.007192 0.013228
0 0.406994 0.316468 0.005952 0.011243
0 0.113715 0.318618 0.014633 0.017526
0 0.232143 0.314153 0.005952 0.01455
0 0.215898 0.318618 0.022569 0.032077
0 0.333085 0.304894 0.00744 0.006614
0 0.654142 0.354332 0.020089 0.106812
0 0.394593 0.310847 0.021329 0.029101
0 0.989831 0.299272 0.003472 0.011243
0 0.127108 0.299107 0.011657 0.020172
0 0.206101 0.291997 0.029266 0.009259
0 0.019593 0.275959 0.007937 0.010913
0 0.197669 0.273975 0.036706 0.023479
0 0.215898 0.262235 0.017113 0.009259
0 0.170511 0.26455 0.011161 0.023148
0 0.031746 0.270503 0.042659 0.036376
0 0.979167 0.301422 0.041667 0.102844
0 0.372148 0.287698 0.03249 0.075397
0 0.315476 0.277612 0.039187 0.055225
0 0.263269 0.286376 0.072173 0.072751
0 0.125372 0.263724 0.028522 0.027447
0 0.095362 0.268188 0.028026 0.036376
0 0.068824 0.261409 0.022569 0.022817
