0 0.060764 0.995701 0.00744 0.008598
0 0.843254 0.995205 0.00744 0.00959
0 0.451141 0.994874 0.010417 0.010251
0 0.441716 0.991071 0.006944 0.008598
0 0.996032 0.992394 0.007937 0.015212
0 0.391865 0.976356 0.008433 0.005622
0 0.418031 0.984788 0.038938 0.030423
0 0.748016 0.969246 0.005952 0.008598
0 0.739211 0.967758 0.0062 0.00959
0 0.977431 0.963955 0.013393 0.013889
0 0.968254 0.957672 0.007937 0.008598
0 0.956845 0.952877 0.011409 0.010251
0 0.424107 0.950397 0.009921 0.009259
0 0.212426 0.943948 0.007192 0.007606
0 0.711186 0.950066 0.024554 0.024471
0 0.305928 0.931217 0.017113 0.009921
0 0.820933 0.942791 0.021825 0.053571
0 0.425967 0.915013 0.007192 0.008598
0 0.5031 0.914848 0.009177 0.010251
0 0.644965 0.908896 0.0062 0.012235
0 0.27691 0.880622 0.010169 0.010582
0 0.637401 0.877149 0.010417 0.006944
0 0.984127 0.877315 0.031746 0.012566
0 0.671131 0.874835 0.011905 0.010913
0 0.444692 0.872189 0.019345 0.023479
0 0.580357 0.86293 0.006448 0.006944
0 0.37934 0.863261 0.005704 0.008929
0 0.236979 0.86078 0.009673 0.007275
0 0.40997 0.863095 0.045635 0.03373
0 0.59375 0.844577 0.008433 0.006614
0 0.436136 0.842923 0.017113 0.013889
0 0.228299 0.825231 0.012153 0.006944
0 0.621652 0.823082 0.012153 0.005952
0 0.344494 0.783565 0.003968 0.008929
0 0.30692 0.782903 0.022569 0.017526
0 0.28435 0.766038 0.008185 0.007606
0 0.790427 0.75496 0.014385 0.007275
0 0.796503 0.729663 0.005704 0.006283
0 0.279142 0.691138 0.010665 0.009259
0 0.292535 0.690146 0.020089 0.011905
0 0.972718 0.676918 0.016369 0.008598
0 0.99566 0.675099 0.008681 0.008267
0 0.209821 0.669643 0.017361 0.011243
0 0.228671 0.6708 0.012897 0.01422
0 0.927083 0.666832 0.012897 0.010913
0 0.834945 0.669974 0.008185 0.01918
0 0.221354 0.659226 0.007192 0.00959
0 0.240079 0.646329 0.016865 0.011574
0 0.99628 0.634094 0.00744 0.012235
0 0.22495 0.630787 0.014385 0.012235
0 0.154886 0.622189 0.008681 0.007606
0 0.674975 0.616237 0.011657 0.005622
0 0.991319 0.623843 0.017361 0.021495
0 0.941592 0.585813 0.015129 0.021495
0 0.09747 0.581515 0.016369 0.014881
0 0.570561 0.575728 0.03249 0.01918
0 0.121032 0.576224 0.018353 0.024802
0 0.161334 0.5625 0.010169 0.005952
0 0.995784 0.562169 0.008433 0.007937
0 0.200893 0.55539 0.012897 0.005622
0 0.06994 0.557209 0.017361 0.01455
0 0.140501 0.550265 0.010169 0.010582
0 0.09623 0.557374 0.02381 0.036045
0 0.208333 0.538856 0.006944 0.006283
0 0.606399 0.542659 0.007937 0.01918
0 0.197545 0.528439 0.0062 0.006614
0 0.924355 0.526455 0.009921 0.010582
0 0.953001 0.515212 0.009673 0.010582
0 0.203249 0.513724 0.0062 0.008929
0 0.222718 0.515212 0.024802 0.01455
0 0.152778 0.510913 0.039683 0.01918
0 0.9406 0.453373 0.009673 0.005952
0 0.634797 0.448413 0.009673 0.006614
0 0.703869 0.438657 0.016369 0.008929
0 0.167659 0.435351 0.005456 0.007606
0 0.154266 0.433532 0.007937 0.008598
0 0.675843 0.429563 0.008433 0.007937
0 0.217262 0.426091 0.00496 0.008267
0 0.180308 0.426422 0.010913 0.016204
0 0.260541 0.417493 0.010665 0.008929
0 0.232887 0.416832 0.005952 0.00959
0 0.37624 0.414517 0.008929 0.01422
0 0.396701 0.412368 0.018601 0.017196
0 0.415923 0.409061 0.020337 0.011243
0 0.201265 0.414683 0.010665 0.022487
0 0.610367 0.414683 0.013889 0.026455
0 0.711806 0.408234 0.008929 0.017526
0 0.622272 0.401786 0.011409 0.005952
0 0.08817 0.428902 0.157986 0.060185
0 0.342262 0.402282 0.009921 0.008267
0 0.721354 0.399471 0.007192 0.018519
0 0.982515 0.398479 0.013641 0.01918
0 0.563244 0.393684 0.008433 0.010913
0 0.3719 0.391204 0.007688 0.008598
0 0.453621 0.388393 0.010913 0.010913
0 0.403522 0.387897 0.009921 0.009921
0 0.592634 0.389385 0.013145 0.018849
0 0.562252 0.381448 0.006448 0.012235
0 0.339038 0.384755 0.005456 0.020172
0 0.387897 0.375496 0.012401 0.010251
0 0.205605 0.373016 0.007937 0.01918
0 0.196801 0.368882 0.003224 0.01422
0 0.56622 0.366071 0.012401 0.011243
0 0.611855 0.369048 0.021825 0.022487
0 0.231523 0.358796 0.004216 0.009259
0 0.56312 0.344907 0.008681 0.011905
0 0.140501 0.335317 0.005704 0.006614
0 0.082713 0.33168 0.030506 0.013889
0 0.783854 0.32953 0.011161 0.01422
0 0.041047 0.322586 0.033482 0.018188
0 0.738839 0.315146 0.006448 0.012566
0 0.169519 0.318783 0.015625 0.021825
0 0.249876 0.305721 0.008681 0.005622
0 0.273934 0.32457 0.014137 0.045304
0 0.023562 0.30754 0.00496 0.017196
0 0.795015 0.291005 0.011161 0.010582
0 0.819568 0.286872 0.0062 0.011574
0 0.19184 0.296792 0.020585 0.0625
0 0.277654 0.264716 0.016617 0.00496
0 0.250124 0.257275 0.03497 0.011905
0 0.776538 0.268353 0.009425 0.035384
0 0.839286 0.258102 0.014881 0.016204
0 0.822049 0.265212 0.018105 0.030423
0 0.798611 0.263558 0.022321 0.027116
0 0.782242 0.256118 0.00744 0.012235
0 0.766121 0.259425 0.004464 0.018849
0 0.7531 0.266369 0.023562 0.032738
0 0.734375 0.253638 0.00744 0.007275
0 0.233507 0.306878 0.048363 0.113757
0 0.09499 0.276124 0.138393 0.052249
0 0.049851 0.255622 0.003968 0.011243
