0 0.884673 0.989914 0.00496 0.012235
0 0.995908 0.985615 0.008185 0.007606
0 0.872148 0.985615 0.010665 0.010251
0 0.00248 0.850198 0.00496 0.011243
0 0.851562 0.838294 0.011657 0.006614
0 0.925099 0.825397 0.107639 0.031746
0 0.081845 0.799934 0.006944 0.009259
0 0.75434 0.795966 0.006696 0.008598
0 0.091022 0.793816 0.012897 0.00959
0 0.003968 0.794312 0.007937 0.018519
0 0.693328 0.788856 0.012153 0.00959
0 0.993056 0.797454 0.013889 0.029431
0 0.010789 0.780754 0.007688 0.00463
0 0.656746 0.780919 0.009425 0.014881
0 0.647569 0.780589 0.006448 0.016204
0 0.03001 0.770337 0.024306 0.014881
0 0.667287 0.754795 0.006696 0.00496
0 0.1219 0.754134 0.016617 0.01422
0 0.104911 0.748016 0.011409 0.006614
0 0.114707 0.735946 0.008185 0.006283
0 0.713418 0.722553 0.010665 0.00463
0 0.054315 0.725198 0.005456 0.009921
0 0.080853 0.745866 0.076389 0.061839
0 0.083333 0.717427 0.015873 0.008267
0 0.964038 0.716931 0.016369 0.009259
0 0.78683 0.72338 0.015129 0.022817
0 0.132316 0.709325 0.020585 0.009921
0 0.777282 0.720569 0.012401 0.03373
0 0.09499 0.706349 0.003968 0.011243
0 0.166171 0.706019 0.007937 0.011905
0 0.102555 0.702546 0.006696 0.010251
0 0.942088 0.716104 0.019097 0.043981
0 0.082217 0.698909 0.03497 0.02877
0 0.105159 0.68254 0.009921 0.010582
0 0.193948 0.680556 0.010417 0.009921
0 0.720486 0.681878 0.022321 0.013228
0 0.675347 0.65873 0.012401 0.005291
0 0.934648 0.659722 0.005704 0.009921
0 0.694444 0.651455 0.015873 0.011905
0 0.776662 0.679894 0.02505 0.074735
0 0.228671 0.646164 0.007937 0.007275
0 0.981027 0.647487 0.008185 0.011905
0 0.653274 0.645999 0.012897 0.011574
0 0.935268 0.63955 0.016865 0.013889
0 0.162946 0.643519 0.017857 0.023148
0 0.179936 0.636078 0.013145 0.012897
0 0.110367 0.636905 0.006944 0.018519
0 0.52939 0.627315 0.009177 0.007937
0 0.228671 0.630787 0.007937 0.016204
0 0.988839 0.627646 0.022321 0.018519
0 0.107391 0.623347 0.005952 0.009921
0 0.964906 0.621858 0.007192 0.012235
0 0.198785 0.622024 0.017609 0.016534
0 0.094494 0.622189 0.013393 0.018849
0 0.629836 0.618386 0.005704 0.011905
0 0.772693 0.625827 0.007688 0.028108
0 0.940476 0.62037 0.037698 0.03373
0 0.741691 0.612765 0.015129 0.01918
0 0.894221 0.61045 0.031994 0.015873
0 0.093006 0.604167 0.011409 0.009259
0 0.079365 0.600694 0.010913 0.006283
0 0.237351 0.595899 0.056548 0.039021
0 0.91059 0.581515 0.007688 0.019511
0 0.78807 0.57672 0.004216 0.020503
0 0.116443 0.567791 0.012153 0.021164
0 0.092758 0.593585 0.073909 0.07672
0 0.797495 0.560681 0.005704 0.014881
0 0.837922 0.57705 0.046875 0.05291
0 0.055928 0.554398 0.00372 0.010913
0 0.797619 0.610946 0.043155 0.125992
0 0.15687 0.559358 0.014137 0.023479
0 0.702133 0.551587 0.004464 0.009259
0 0.884921 0.551091 0.00744 0.010251
0 0.168527 0.551918 0.007192 0.013889
0 0.745908 0.575231 0.075645 0.073082
0 0.214782 0.557044 0.035218 0.053241
0 0.125744 0.557044 0.033234 0.055225
0 0.175967 0.536872 0.008185 0.015542
0 0.285094 0.534061 0.009177 0.010582
0 0.233507 0.537698 0.014137 0.020503
0 0.689732 0.532573 0.006448 0.011574
0 0.245164 0.52662 0.005208 0.011574
0 0.136905 0.527778 0.006448 0.015873
0 0.833457 0.523479 0.019097 0.010582
0 0.321305 0.539517 0.047371 0.042659
0 0.816468 0.525298 0.015873 0.014881
0 0.084077 0.52381 0.011905 0.016534
0 0.883185 0.523313 0.011409 0.019511
0 0.174851 0.51422 0.013393 0.019841
0 0.853299 0.513062 0.009177 0.020833
0 0.701017 0.520668 0.013641 0.039352
0 0.195561 0.515377 0.016617 0.030093
0 0.823909 0.50744 0.005952 0.016204
0 0.110987 0.503142 0.004712 0.008929
0 0.926339 0.503472 0.006448 0.012897
0 0.207589 0.501488 0.008433 0.008929
0 0.24318 0.506283 0.013641 0.026455
0 0.220486 0.493221 0.008929 0.006283
0 0.277902 0.509921 0.050347 0.05291
0 0.239583 0.485284 0.014881 0.011574
0 0.692336 0.482474 0.008185 0.009921
0 0.042411 0.475364 0.005952 0.008929
0 0.34995 0.473214 0.012401 0.015873
0 0.363343 0.472388 0.011905 0.017526
0 0.28621 0.476687 0.042163 0.035384
0 0.887277 0.470734 0.013641 0.036045
0 0.871776 0.470569 0.016369 0.040344
0 0.807788 0.456349 0.022321 0.021164
0 0.920263 0.445933 0.008185 0.012235
0 0.343874 0.450231 0.020089 0.02414
0 0.777654 0.437831 0.005208 0.008598
0 0.602307 0.438161 0.007688 0.013228
0 0.887153 0.434854 0.005456 0.01455
0 0.644469 0.428902 0.007192 0.007275
0 0.395833 0.451224 0.029266 0.053902
0 0.27443 0.433532 0.057292 0.046958
0 0.830109 0.409722 0.006448 0.005952
0 0.343254 0.414683 0.012897 0.019841
0 0.484127 0.410053 0.010913 0.011905
0 0.575521 0.404266 0.006696 0.010913
0 0.964286 0.404762 0.008929 0.013889
0 0.751984 0.407242 0.021825 0.026786
0 0.863963 0.40873 0.023065 0.040344
0 0.494048 0.388393 0.010913 0.008929
0 0.719742 0.429563 0.049603 0.109788
0 0.34251 0.380622 0.010913 0.016534
0 0.984375 0.391204 0.017361 0.042328
0 0.358755 0.375496 0.011161 0.01422
0 0.594494 0.371693 0.006944 0.007937
0 0.478919 0.374173 0.010417 0.01422
0 0.873636 0.365741 0.004216 0.009921
0 0.865203 0.365575 0.007688 0.012235
0 0.648065 0.365741 0.011409 0.019841
0 0.632812 0.36756 0.015625 0.02414
0 0.232391 0.366237 0.006944 0.023479
0 0.580481 0.357804 0.006696 0.007275
0 0.372396 0.35797 0.004712 0.014881
0 0.388393 0.384425 0.024306 0.072421
0 0.914187 0.37963 0.036706 0.07209
0 0.477059 0.346892 0.007192 0.006614
0 0.509177 0.357804 0.034226 0.035053
0 0.707961 0.344081 0.013145 0.010251
0 0.259301 0.350033 0.026538 0.022817
0 0.844246 0.351356 0.033234 0.026786
0 0.865327 0.341104 0.003472 0.010251
0 0.515997 0.340278 0.008185 0.009259
0 0.548611 0.343915 0.018849 0.021164
0 0.500868 0.336971 0.0062 0.008598
0 0.153026 0.344577 0.011905 0.02381
0 0.199777 0.341104 0.018601 0.018188
0 0.362227 0.337136 0.008185 0.013558
0 0.014385 0.345403 0.02877 0.032738
0 0.05816 0.343585 0.030506 0.030423
0 0.134053 0.339616 0.009177 0.023148
0 0.784722 0.351025 0.027778 0.051918
0 0.124008 0.338459 0.011905 0.026786
0 0.621652 0.347553 0.042411 0.054233
0 0.253596 0.325893 0.0062 0.012235
0 0.296131 0.341104 0.032242 0.044643
0 0.392733 0.321429 0.007688 0.011905
0 0.365451 0.320767 0.005208 0.010582
0 0.407614 0.319114 0.00372 0.013228
0 0.980035 0.319775 0.009177 0.016534
0 0.744172 0.315311 0.002728 0.01422
0 0.58631 0.310185 0.006944 0.007275
0 0.502604 0.312665 0.012649 0.013558
0 0.421627 0.311177 0.011409 0.01918
0 0.986359 0.306217 0.004464 0.009921
0 0.310144 0.310847 0.010169 0.020503
0 0.483879 0.304233 0.006448 0.010582
0 0.185392 0.323743 0.037946 0.050926
0 0.298859 0.305225 0.005456 0.01455
0 0.707589 0.301587 0.005952 0.008598
0 0.144097 0.311343 0.041667 0.02877
0 0.469246 0.300926 0.009921 0.016534
0 0.094742 0.30787 0.044147 0.030423
0 0.232391 0.313988 0.020337 0.044643
0 0.350322 0.308201 0.025546 0.035714
0 0.044767 0.304563 0.038938 0.032407
0 0.299107 0.291501 0.012897 0.007606
0 0.31994 0.293485 0.013889 0.018188
0 0.190476 0.292493 0.034226 0.017526
0 0.0062 0.30043 0.012401 0.034722
0 0.397941 0.297784 0.015625 0.030754
0 0.942584 0.304067 0.009177 0.049272
0 0.469246 0.286706 0.012897 0.015212
0 0.368056 0.28836 0.015873 0.018519
0 0.305928 0.28373 0.008681 0.013889
0 0.357391 0.282407 0.006944 0.012566
0 0.270337 0.283234 0.009921 0.016865
0 0.344742 0.282077 0.012401 0.019841
0 0.140997 0.28125 0.008185 0.019511
0 0.280134 0.300265 0.016121 0.058862
0 0.13058 0.275298 0.009673 0.015542
0 0.921131 0.299603 0.021825 0.068783
0 0.813244 0.270668 0.006944 0.011574
0 0.241939 0.278274 0.0062 0.026786
0 0.629092 0.297784 0.044395 0.068452
0 0.334697 0.27166 0.016121 0.020833
0 0.404886 0.269345 0.018601 0.019511
0 0.658234 0.264881 0.012897 0.013889
0 0.738963 0.264054 0.010665 0.013558
0 0.020833 0.264716 0.007937 0.014881
0 0.121528 0.270833 0.008433 0.031746
0 0.230035 0.256448 0.007192 0.012235
0 0.772817 0.322421 0.065972 0.144841
0 0.679439 0.253472 0.006696 0.006944
0 0.655754 0.255622 0.00744 0.011243
0 0.628968 0.258102 0.018353 0.016204
0 0.323661 0.253968 0.012401 0.007937
0 0.28373 0.262235 0.044147 0.024471
0 0.252108 0.270833 0.012153 0.041667
0 0.192336 0.267857 0.038442 0.035714
0 0.173487 0.256614 0.011657 0.013228
0 0.086434 0.268188 0.057788 0.036376
0 0.039807 0.264716 0.022073 0.029431
0 0.003472 0.262731 0.006944 0.025463
