0 0.858631 0.995205 0.014385 0.00959
0 0.728919 0.99504 0.010417 0.009921
0 0.679563 0.99289 0.008433 0.008267
0 0.150918 0.992229 0.006696 0.006944
0 0.746776 0.993882 0.008433 0.012235
0 0.092014 0.990906 0.010913 0.010251
0 0.921379 0.986938 0.010913 0.010251
0 0.874256 0.988591 0.014881 0.016204
0 0.865203 0.969081 0.011657 0.012897
0 0.890129 0.967427 0.008433 0.012235
0 0.664931 0.96875 0.008433 0.014881
0 0.858011 0.974868 0.022073 0.03373
0 0.663814 0.957176 0.008681 0.008929
0 0.867312 0.957341 0.00744 0.012566
0 0.960813 0.955357 0.008433 0.009921
0 0.869792 0.93039 0.006944 0.00959
0 0.660714 0.931052 0.019345 0.011574
0 0.558904 0.929067 0.012649 0.014881
0 0.889509 0.922454 0.008185 0.008929
0 0.548611 0.915509 0.009425 0.006944
0 0.522445 0.912037 0.008185 0.00463
0 0.662078 0.914021 0.019593 0.018519
0 0.816468 0.897321 0.009921 0.007606
0 0.876736 0.895999 0.008929 0.007606
0 0.856151 0.891865 0.006448 0.013889
0 0.918775 0.886078 0.014137 0.012897
0 0.882068 0.880622 0.010169 0.007275
0 0.482267 0.890377 0.020585 0.027447
0 0.704117 0.875331 0.007937 0.006614
0 0.514509 0.874504 0.015129 0.01422
0 0.492932 0.872354 0.007192 0.01455
0 0.861731 0.868882 0.009177 0.011574
0 0.424727 0.875331 0.024554 0.028439
0 0.501116 0.865079 0.008185 0.015212
0 0.66307 0.880787 0.024554 0.050595
0 0.514633 0.850694 0.005456 0.010251
0 0.371404 0.847884 0.007192 0.011905
0 0.416543 0.844577 0.005208 0.011905
0 0.482515 0.837467 0.009673 0.008929
0 0.518353 0.838955 0.008929 0.013228
0 0.852679 0.834987 0.005456 0.009259
0 0.3688 0.834325 0.02381 0.01455
0 0.664931 0.82953 0.011905 0.010913
0 0.504092 0.832672 0.006696 0.019841
0 0.422991 0.833003 0.024554 0.025132
0 0.377356 0.821429 0.007192 0.006614
0 0.353299 0.818122 0.007688 0.006614
0 0.855283 0.820271 0.004712 0.012235
0 0.366071 0.816138 0.006448 0.009921
0 0.704489 0.809854 0.005704 0.009921
0 0.811384 0.800595 0.017113 0.017857
0 0.834945 0.790675 0.007688 0.006614
0 0.663566 0.792328 0.013641 0.012566
0 0.345734 0.793816 0.018849 0.019511
0 0.789559 0.791832 0.011161 0.019511
0 0.491815 0.782242 0.015377 0.012235
0 0.033358 0.798115 0.047867 0.043981
0 0.337674 0.78125 0.013641 0.015542
0 0.134301 0.774306 0.008681 0.007606
0 0.482887 0.770337 0.012897 0.012897
0 0.851811 0.752811 0.009673 0.010251
0 0.764013 0.746528 0.005704 0.010251
0 0.892113 0.746858 0.005952 0.012235
0 0.417659 0.742063 0.008929 0.007275
0 0.84871 0.731481 0.00744 0.005952
0 0.156374 0.720569 0.006696 0.007275
0 0.837054 0.720238 0.006944 0.007275
0 0.095982 0.721065 0.011409 0.013558
0 0.859251 0.716766 0.004216 0.00959
0 0.134053 0.71627 0.024058 0.011905
0 0.531002 0.702381 0.010417 0.011905
0 0.539683 0.701224 0.008433 0.016204
0 0.832837 0.686508 0.008929 0.008598
0 0.203373 0.684854 0.002976 0.01455
0 0.107515 0.684689 0.011161 0.014881
0 0.807788 0.683532 0.006448 0.017196
0 0.662822 0.673446 0.008185 0.007606
0 0.174851 0.672619 0.006944 0.006614
0 0.500744 0.670139 0.006944 0.008929
0 0.819072 0.675926 0.014633 0.028439
0 0.381448 0.66584 0.010417 0.00959
0 0.020833 0.674603 0.010417 0.027116
0 0.40749 0.663856 0.009425 0.008267
0 0.058532 0.678075 0.02877 0.040675
0 0.667659 0.660384 0.005456 0.009259
0 0.510045 0.657903 0.011657 0.01422
0 0.166047 0.652282 0.009177 0.006944
0 0.035466 0.656746 0.010913 0.016534
0 0.088294 0.662698 0.029762 0.029101
0 0.185144 0.647652 0.009673 0.00496
0 0.237971 0.63922 0.010169 0.007937
0 0.816344 0.635086 0.005704 0.006283
0 0.659474 0.634755 0.006944 0.010251
0 0.306424 0.636905 0.012153 0.01455
0 0.553571 0.63707 0.007937 0.017526
0 0.020833 0.623843 0.00744 0.012897
0 0.418031 0.622851 0.026538 0.016865
0 0.205853 0.621197 0.008929 0.01422
0 0.006696 0.626157 0.013393 0.024802
0 0.812004 0.619544 0.005456 0.013558
0 0.029886 0.615079 0.008185 0.009259
0 0.066096 0.612103 0.018105 0.01918
0 0.092634 0.607474 0.016121 0.017196
0 0.148686 0.610615 0.034474 0.027447
0 0.120288 0.599702 0.016865 0.008267
0 0.213542 0.600529 0.006448 0.015212
0 0.090278 0.593915 0.005952 0.008598
0 0.791419 0.597057 0.00744 0.017526
0 0.120164 0.633102 0.089534 0.091601
0 0.048611 0.59375 0.014385 0.016204
0 0.405382 0.588624 0.010169 0.009259
0 0.147321 0.587632 0.040675 0.021164
0 0.448041 0.581845 0.021577 0.016204
0 0.408606 0.578042 0.016121 0.010582
0 0.115203 0.568948 0.007688 0.005622
0 0.136037 0.565972 0.010169 0.018188
0 0.564236 0.561012 0.012897 0.010251
0 0.502852 0.578869 0.06126 0.059193
0 0.442336 0.562004 0.026538 0.026124
0 0.459325 0.558862 0.008929 0.020503
0 0.114831 0.551753 0.010417 0.007606
0 0.009053 0.580192 0.018105 0.068452
0 0.044519 0.562665 0.02505 0.039352
0 0.303819 0.54547 0.008929 0.010913
0 0.025174 0.55787 0.018601 0.039021
0 0.547371 0.541501 0.003968 0.010251
0 0.079737 0.551753 0.03497 0.034722
0 0.490203 0.535218 0.00372 0.013558
0 0.461186 0.531911 0.0062 0.012235
0 0.216766 0.530589 0.006944 0.00959
0 0.236483 0.535053 0.027034 0.030423
0 0.268229 0.502811 0.007192 0.006944
0 0.744048 0.505291 0.014385 0.017196
0 0.119172 0.498843 0.010169 0.007606
0 0.242808 0.505126 0.020337 0.022156
0 0.240699 0.496528 0.007688 0.006944
0 0.223958 0.501157 0.02381 0.03869
0 0.235119 0.482308 0.005952 0.008929
0 0.247396 0.479497 0.007192 0.011905
0 0.265873 0.463955 0.006944 0.007275
0 0.298735 0.446263 0.006696 0.006944
0 0.236483 0.441964 0.011657 0.010251
0 0.380332 0.449239 0.016617 0.029431
0 0.246528 0.437831 0.00744 0.015873
0 0.258681 0.434193 0.009425 0.009259
0 0.143477 0.435185 0.004216 0.013228
0 0.317336 0.429563 0.004216 0.009921
0 0.272073 0.423446 0.00496 0.010251
0 0.429688 0.418651 0.009673 0.011243
0 0.445685 0.416997 0.009921 0.011243
0 0.295139 0.410714 0.00496 0.009259
0 0.399678 0.434689 0.026042 0.065807
0 0.306424 0.406746 0.009673 0.015873
0 0.229539 0.401786 0.004216 0.015212
0 0.432292 0.401455 0.021329 0.018519
0 0.581597 0.395999 0.013889 0.015542
0 0.416047 0.396495 0.010665 0.017857
0 0.454365 0.385747 0.010417 0.01422
0 0.423363 0.383433 0.008929 0.010251
0 0.368428 0.354663 0.007192 0.008929
0 0.991195 0.351687 0.017609 0.010251
0 0.142609 0.343419 0.003968 0.008929
0 0.948661 0.329696 0.02381 0.010582
0 0.911334 0.3125 0.018601 0.007937
0 0.882316 0.298776 0.013641 0.006944
0 0.589286 0.299769 0.011409 0.010913
0 0.861235 0.286872 0.009673 0.006283
0 0.458457 0.31961 0.028026 0.075728
0 0.746528 0.280093 0.008929 0.006614
0 0.762773 0.282903 0.019097 0.025463
0 0.739335 0.262897 0.037202 0.025794
0 0.040427 0.26207 0.019841 0.02414
0 0.013269 0.262731 0.026538 0.025463
