0 0.144965 0.988095 0.008185 0.007937
0 0.186012 0.987213 0.008929 0.012346
0 0.367312 0.984347 0.00744 0.008377
0 0.385541 0.989638 0.012153 0.020723
0 0.22309 0.981481 0.008681 0.014109
0 0.235367 0.979938 0.014881 0.022487
0 0.352555 0.966049 0.013641 0.017637
0 0.273189 0.961861 0.007688 0.011023
0 0.125992 0.958995 0.007937 0.008818
0 0.161086 0.955247 0.007688 0.009259
0 0.362475 0.960097 0.010169 0.026896
0 0.355159 0.938933 0.007937 0.009259
0 0.446553 0.949735 0.024058 0.031746
0 0.717014 0.940035 0.005952 0.015873
0 0.341518 0.937169 0.008433 0.013668
0 0.710069 0.93276 0.007937 0.011023
0 0.953373 0.937831 0.021825 0.022046
0 0.258805 0.933422 0.007688 0.016755
0 0.245288 0.933201 0.008433 0.016314
0 0.921875 0.926587 0.006448 0.011023
0 0.281622 0.924824 0.007688 0.011023
0 0.203621 0.925485 0.010913 0.014109
0 0.353795 0.923721 0.007192 0.014991
0 0.920635 0.912257 0.006944 0.007937
0 0.376612 0.915785 0.007688 0.015873
0 0.259549 0.912698 0.007688 0.010582
0 0.450273 0.908951 0.0062 0.009259
0 0.405878 0.912037 0.010665 0.019841
0 0.091022 0.905423 0.006448 0.010141
0 0.537202 0.916887 0.004464 0.035714
0 0.022693 0.904101 0.018601 0.017196
0 0.120412 0.898148 0.009177 0.007055
0 0.228671 0.895503 0.008433 0.018519
0 0.335565 0.891314 0.007937 0.016314
0 0.040799 0.88933 0.00372 0.013228
0 0.324157 0.886464 0.010913 0.009259
0 0.250124 0.88448 0.015625 0.016755
0 0.890005 0.881834 0.013641 0.013228
0 0.102927 0.877205 0.008433 0.013668
0 0.282862 0.87985 0.014633 0.020723
0 0.927703 0.868166 0.007192 0.0097
0 0.070685 0.868827 0.006944 0.012787
0 0.135293 0.870591 0.009177 0.017196
0 0.062748 0.866402 0.007937 0.012346
0 0.337302 0.870591 0.019345 0.021605
0 0.21503 0.858907 0.008929 0.010582
0 0.325397 0.856041 0.004464 0.019841
0 0.166915 0.83664 0.010417 0.013668
0 0.313492 0.832672 0.013889 0.008377
0 0.178819 0.833333 0.012897 0.017637
0 0.860243 0.86045 0.051339 0.072751
0 0.260169 0.827822 0.008433 0.008377
0 0.907242 0.830908 0.012897 0.020723
0 0.248884 0.824515 0.008185 0.008818
0 0.296255 0.824074 0.004712 0.014991
0 0.717262 0.821869 0.009425 0.014991
0 0.831225 0.818783 0.012153 0.014991
0 0.341022 0.809303 0.010913 0.010141
0 0.270461 0.804894 0.007192 0.012787
0 0.857515 0.802028 0.009673 0.0097
0 0.817088 0.802469 0.013641 0.025573
0 0.218998 0.806658 0.021329 0.042769
0 0.22619 0.794753 0.011905 0.022487
0 0.331597 0.789903 0.017857 0.013668
0 0.651662 0.785273 0.009673 0.007937
0 0.289062 0.788139 0.008185 0.01455
0 0.459945 0.787257 0.012649 0.01455
0 0.363715 0.78858 0.006696 0.018078
0 0.859995 0.78351 0.010169 0.0097
0 0.66369 0.782628 0.011905 0.012346
0 0.486607 0.784832 0.006944 0.018519
0 0.238343 0.783289 0.00496 0.015432
0 0.804812 0.780864 0.017857 0.0194
0 0.683036 0.77888 0.008929 0.019841
0 0.286086 0.770062 0.012153 0.012787
0 0.263021 0.767196 0.011657 0.007937
0 0.704117 0.773589 0.024802 0.033069
0 0.251612 0.774691 0.031498 0.048501
0 0.227803 0.74978 0.008681 0.010141
0 0.298363 0.745591 0.008929 0.007055
0 0.253968 0.753086 0.008433 0.022928
0 0.285838 0.738095 0.008185 0.012346
0 0.859747 0.735891 0.011657 0.008818
0 0.735119 0.738977 0.008929 0.017637
0 0.883929 0.732363 0.007937 0.010582
0 0.781374 0.726631 0.022073 0.0097
0 0.994048 0.72597 0.011905 0.01455
0 0.861111 0.723545 0.006448 0.010582
0 0.759301 0.733686 0.038442 0.036155
0 0.594742 0.768519 0.078869 0.121693
0 0.789931 0.71164 0.016369 0.0097
0 0.434152 0.700838 0.012649 0.02425
0 0.053571 0.691358 0.021825 0.011464
0 0.559524 0.691578 0.020833 0.027778
0 0.939112 0.657628 0.005704 0.010141
0 0.997272 0.660494 0.005456 0.026455
0 0.744296 0.646825 0.008433 0.010582
0 0.749132 0.630511 0.017609 0.0194
0 0.718254 0.625661 0.006448 0.013228
0 0.551215 0.629409 0.005208 0.032187
0 0.933532 0.602954 0.020833 0.008377
0 0.763021 0.598986 0.021081 0.049824
0 0.735243 0.603836 0.032986 0.107143
0 0.65005 0.587963 0.012401 0.075397
0 0.920759 0.576279 0.018601 0.06261
0 0.778522 0.546076 0.003968 0.015432
0 0.654886 0.541226 0.010169 0.009259
0 0.823041 0.465168 0.019097 0.022046
0 0.636409 0.455688 0.009921 0.008377
0 0.65005 0.48082 0.014385 0.074515
0 0.872272 0.444665 0.007937 0.011905
0 0.859499 0.427469 0.007688 0.026896
0 0.721974 0.40873 0.042163 0.044974
0 0.62438 0.383818 0.009673 0.037478
0 0.566964 0.362875 0.006448 0.0097
0 0.823909 0.380071 0.145833 0.054674
0 0.746404 0.364198 0.011161 0.025573
0 0.929191 0.353175 0.011161 0.013228
0 0.952257 0.34149 0.012153 0.010141
0 0.96379 0.338183 0.006448 0.007937
0 0.718254 0.362875 0.02381 0.073192
0 0.793527 0.333554 0.015129 0.044533
0 0.766741 0.336861 0.015625 0.051146
0 0.745164 0.314815 0.012153 0.013228
0 0.835441 0.312169 0.011161 0.0097
0 0.553571 0.308642 0.007937 0.020282
0 0.834201 0.300705 0.013641 0.011464
0 0.232143 0.310185 0.00744 0.040123
0 0.461062 0.294312 0.005456 0.01455
0 0.786706 0.298721 0.015377 0.039242
0 0.43564 0.284832 0.005208 0.015873
0 0.800595 0.284392 0.002976 0.020282
0 0.837426 0.27866 0.009673 0.013228
0 0.427083 0.279762 0.00744 0.016314
0 0.757068 0.263007 0.022073 0.018959
0 0.977927 0.260802 0.029266 0.021605
0 0.938988 0.264109 0.029266 0.028219
0 0.899554 0.279541 0.049107 0.059083
0 0.460441 0.255511 0.005704 0.011023
0 0.202505 0.330908 0.042411 0.161817
