0 0.248512 0.993168 0.009425 0.007686
0 0.807044 0.991674 0.033234 0.016652
0 0.163194 0.989325 0.005456 0.014518
0 0.787078 0.98655 0.008681 0.011529
0 0.056548 0.986336 0.021329 0.011956
0 0.151786 0.983988 0.031746 0.032024
0 0.81002 0.970538 0.008433 0.009394
0 0.245164 0.969471 0.009673 0.01836
0 0.158606 0.962639 0.009177 0.007259
0 0.218502 0.962212 0.011905 0.012383
0 0.771205 0.951537 0.010665 0.008113
0 0.231151 0.952605 0.013393 0.014518
0 0.006572 0.90158 0.013145 0.025192
0 0.131324 0.846072 0.0062 0.009821
0 0.696801 0.872758 0.105903 0.132365
0 0.961434 0.774979 0.004712 0.010248
0 0.920511 0.772844 0.015129 0.009394
0 0.979539 0.75918 0.029018 0.011956
0 0.00496 0.732494 0.009921 0.02263
0 0.018353 0.729505 0.016865 0.020068
0 0.215402 0.724808 0.031002 0.019214
0 0.589286 0.72737 0.031746 0.042272
0 0.129092 0.70474 0.007192 0.008967
0 0.166419 0.701964 0.008433 0.010248
0 0.143477 0.703459 0.018601 0.025192
0 0.155754 0.695559 0.009921 0.016225
0 0.730903 0.694065 0.012401 0.026046
0 0.183656 0.686379 0.021577 0.01836
0 0.720238 0.68766 0.013393 0.024338
0 0.94494 0.694705 0.010913 0.040991
0 0.551463 0.672502 0.014633 0.019641
0 0.189608 0.661827 0.009177 0.005124
0 0.139137 0.675705 0.071925 0.038856
0 0.721354 0.671862 0.031002 0.03544
0 0.711558 0.648377 0.010417 0.013237
0 0.227803 0.646243 0.015625 0.010675
0 0.896329 0.656917 0.023313 0.038002
0 0.209449 0.638984 0.011161 0.007259
0 0.656622 0.659479 0.092014 0.054227
0 0.031002 0.635141 0.009425 0.011529
0 0.169519 0.630444 0.013145 0.009821
0 0.283482 0.62895 0.009425 0.015371
0 0.147569 0.620837 0.034226 0.023057
0 0.386037 0.614859 0.004712 0.01281
0 0.450521 0.602477 0.005208 0.016225
0 0.297743 0.595218 0.009177 0.009394
0 0.210317 0.605465 0.072421 0.035013
0 0.962178 0.593083 0.015129 0.013664
0 0.155754 0.589667 0.007937 0.015371
0 0.548983 0.58924 0.012649 0.017933
0 0.50062 0.580273 0.012649 0.023057
0 0.521825 0.581768 0.018849 0.028608
0 0.256448 0.563194 0.00744 0.011102
0 0.404018 0.564048 0.009425 0.013664
0 0.385913 0.569172 0.00744 0.023911
0 0.636533 0.561913 0.009177 0.011956
0 0.65935 0.563834 0.007192 0.023484
0 0.022197 0.583476 0.039435 0.064475
0 0.495412 0.557643 0.010665 0.016225
0 0.466022 0.568958 0.052579 0.044833
0 0.38182 0.547395 0.005704 0.011956
0 0.395957 0.54398 0.011161 0.017079
0 0.18006 0.537148 0.009921 0.013664
0 0.375496 0.54953 0.008433 0.042699
0 0.206349 0.533091 0.016865 0.014091
0 0.464658 0.528608 0.006696 0.011956
0 0.754712 0.528608 0.011409 0.020495
0 0.249876 0.528395 0.039435 0.020922
0 0.024678 0.511529 0.025546 0.013664
0 0.407366 0.510034 0.009177 0.012383
0 0.37066 0.510034 0.010169 0.024338
0 0.059648 0.508753 0.0062 0.029462
0 0.439236 0.495944 0.008929 0.011529
0 0.781374 0.49146 0.014633 0.00854
0 0.652034 0.53181 0.013889 0.090948
0 0.380828 0.494449 0.008681 0.023911
0 0.460193 0.486977 0.014137 0.009821
0 0.425843 0.48719 0.005952 0.013664
0 0.153274 0.501921 0.017361 0.049103
0 0.049727 0.486763 0.0062 0.022203
0 0.623016 0.474594 0.006448 0.014944
0 0.410466 0.442997 0.012401 0.007259
0 0.507192 0.44257 0.010417 0.008113
0 0.557416 0.437233 0.016121 0.010248
0 0.831597 0.439155 0.013393 0.021776
0 0.798611 0.442357 0.013889 0.028181
0 0.40563 0.463706 0.038938 0.07088
0 0.613715 0.431682 0.007688 0.016225
0 0.321553 0.432323 0.028522 0.03117
0 0.824529 0.426772 0.016617 0.03544
0 0.75558 0.424637 0.022569 0.040564
0 0.721354 0.429974 0.016617 0.058924
0 0.299355 0.415457 0.022321 0.031597
0 0.854663 0.407344 0.009425 0.023911
0 0.171875 0.395175 0.013393 0.017506
0 0.205853 0.351836 0.010913 0.022203
0 0.019345 0.336465 0.008929 0.017079
0 0.217634 0.315329 0.011657 0.009821
0 0.199529 0.314261 0.015129 0.009394
0 0.163318 0.352477 0.021577 0.094364
0 0.154762 0.283518 0.009425 0.011956
0 0.7438 0.282878 0.013393 0.016652
0 0.1813 0.283732 0.048611 0.042272
0 0.133061 0.263237 0.010169 0.012383
0 0.740823 0.257686 0.004464 0.014091
0 0.679563 0.267293 0.024802 0.035013
0 0.380952 0.254697 0.007937 0.009821
