0 0.905258 0.992725 0.03125 0.01455
0 0.855283 0.992725 0.011161 0.01455
0 0.78497 0.986938 0.025298 0.012235
0 0.586062 0.986111 0.057044 0.021164
0 0.004464 0.614749 0.006448 0.013889
0 0.00682 0.583995 0.009177 0.010582
0 0.214782 0.56994 0.013393 0.014881
0 0.203373 0.564484 0.005456 0.009921
0 0.182044 0.562169 0.005952 0.007275
0 0.105407 0.558532 0.00744 0.008598
0 0.096478 0.552249 0.007937 0.009259
0 0.111359 0.529762 0.019841 0.033069
0 0.209077 0.449735 0.013889 0.035714
0 0.206597 0.420966 0.00496 0.012566
0 0.172495 0.421792 0.011161 0.01422
0 0.350322 0.417659 0.010169 0.020503
0 0.248636 0.405919 0.011161 0.011574
0 0.208457 0.407077 0.003224 0.015212
0 0.698041 0.401951 0.016121 0.046627
0 0.205481 0.400463 0.079613 0.108466
0 0.884673 0.352017 0.008929 0.017526
0 0.44494 0.347388 0.011409 0.00959
0 0.095486 0.334325 0.006944 0.008598
0 0.142237 0.331845 0.009177 0.008267
0 0.484375 0.332837 0.011905 0.011574
0 0.220238 0.327546 0.00496 0.008267
0 0.185888 0.329861 0.035466 0.040013
0 0.364335 0.314319 0.008433 0.010251
0 0.839658 0.320767 0.021081 0.026455
0 0.850818 0.300595 0.007192 0.007275
0 0.303447 0.290013 0.010169 0.009921
0 0.248512 0.292989 0.009921 0.022487
0 0.633185 0.284226 0.005952 0.006944
0 0.825645 0.283399 0.012401 0.008598
0 0.34933 0.277778 0.005208 0.007937
0 0.671627 0.276786 0.005952 0.007275
0 0.286086 0.27381 0.007192 0.015212
0 0.420759 0.272652 0.014633 0.013558
0 0.798487 0.263889 0.005208 0.007937
0 0.610863 0.275628 0.015377 0.031415
0 0.08879 0.26207 0.005456 0.008929
0 0.959697 0.304729 0.080605 0.102844
0 0.140253 0.257275 0.012649 0.011243
0 0.837302 0.270668 0.034226 0.041336
0 0.381324 0.286541 0.058284 0.073082
0 0.235987 0.25463 0.008681 0.009259
0 0.124256 0.256448 0.008929 0.012897
0 0.110863 0.257771 0.013889 0.015542
0 0.035466 0.253307 0.009921 0.006614
