0 0.210938 0.979993 0.006696 0.006944
0 0.160962 0.980655 0.014881 0.014881
0 0.110739 0.975033 0.009177 0.005622
0 0.245164 0.96164 0.020585 0.011243
0 0.34561 0.920139 0.008681 0.00959
0 0.119048 0.907573 0.007937 0.005622
0 0.114087 0.876323 0.014385 0.015873
0 0.125124 0.853671 0.019593 0.011574
0 0.146949 0.832672 0.031498 0.01455
0 0.402034 0.75496 0.008433 0.009921
0 0.803323 0.725033 0.087302 0.032738
0 0.496776 0.710979 0.021825 0.011243
0 0.446925 0.673611 0.022817 0.010582
0 0.394097 0.645833 0.017857 0.015212
0 0.314484 0.619378 0.018849 0.007275
0 0.593254 0.587632 0.012401 0.006614
0 0.386533 0.530589 0.011657 0.006283
0 0.900422 0.583995 0.153026 0.125661
0 0.798859 0.503803 0.03125 0.028108
0 0.08879 0.484458 0.017361 0.015873
0 0.079737 0.47619 0.009177 0.007937
0 0.772445 0.479167 0.02753 0.023148
0 0.048239 0.485946 0.010169 0.049934
0 0.40439 0.42047 0.016617 0.005622
0 0.007564 0.426257 0.007192 0.025132
0 0.729043 0.441138 0.062748 0.058201
0 0.029638 0.427249 0.028522 0.039683
0 0.417163 0.405589 0.024306 0.013558
0 0.969742 0.387235 0.00744 0.009259
0 0.006572 0.384921 0.007192 0.006614
0 0.479787 0.37748 0.008185 0.005622
0 0.945933 0.398479 0.108135 0.058862
0 0.015625 0.380126 0.020337 0.022156
0 0.658978 0.375165 0.029762 0.022817
0 0.860987 0.36756 0.05878 0.026124
0 0.025794 0.363426 0.014881 0.022487
0 0.057292 0.349041 0.012401 0.016865
0 0.866443 0.343915 0.008681 0.008598
0 0.619048 0.342262 0.016369 0.011243
0 0.81932 0.339286 0.005704 0.012566
0 0.8125 0.340443 0.005456 0.022156
0 0.59437 0.323743 0.010665 0.008598
0 0.716022 0.32209 0.013393 0.007275
0 0.837178 0.320602 0.006696 0.010913
0 0.860119 0.318948 0.00496 0.010913
0 0.638269 0.310516 0.013641 0.003968
0 0.657118 0.301091 0.023065 0.007606
0 0.818452 0.29795 0.005952 0.016534
0 0.829241 0.296958 0.012153 0.015873
0 0.831473 0.280093 0.009673 0.011905
0 0.577133 0.272817 0.004464 0.015212
0 0.570933 0.271991 0.005456 0.026786
0 0.846602 0.290344 0.022073 0.078704
0 0.350446 0.283565 0.047123 0.06713
0 0.012773 0.282738 0.025546 0.065476
