0 0.365947 0.996858 0.012153 0.006283
0 0.994916 0.996693 0.010169 0.006614
0 0.835938 0.99504 0.007192 0.009921
0 0.817708 0.99504 0.014385 0.009921
0 0.969122 0.994709 0.014137 0.010582
0 0.761781 0.989749 0.011657 0.011905
0 0.99566 0.984623 0.008681 0.019511
0 0.985367 0.978009 0.010417 0.010913
0 0.746156 0.970899 0.022569 0.016534
0 0.718998 0.971892 0.052579 0.056217
0 0.97247 0.929233 0.008929 0.011243
0 0.697173 0.921131 0.005456 0.008929
0 0.948909 0.879795 0.006448 0.012897
0 0.924603 0.86789 0.007937 0.011574
0 0.956721 0.861938 0.007192 0.012897
0 0.942832 0.854001 0.007688 0.018188
0 0.925967 0.841104 0.020089 0.018849
0 0.887525 0.831349 0.006696 0.011905
0 0.994668 0.827381 0.008185 0.009921
0 0.984127 0.817791 0.011409 0.01455
0 0.90439 0.8125 0.011161 0.010582
0 0.934772 0.802083 0.005456 0.010913
0 0.925471 0.800099 0.006696 0.006944
0 0.952505 0.837467 0.085069 0.087632
0 0.964534 0.794974 0.011409 0.013889
0 0.974702 0.794478 0.009425 0.017526
0 0.913938 0.801587 0.014385 0.032407
0 0.930184 0.78869 0.011161 0.009921
0 0.853423 0.783069 0.013393 0.008598
0 0.961434 0.738261 0.014137 0.008929
0 0.923363 0.712963 0.014881 0.009921
0 0.104911 0.67791 0.010913 0.00463
0 0.139261 0.677249 0.006696 0.007937
0 0.888021 0.679894 0.010665 0.015212
0 0.073661 0.666336 0.00496 0.007937
0 0.046627 0.658069 0.042163 0.022487
0 0.990575 0.654762 0.018849 0.047619
0 0.925471 0.63922 0.023065 0.021164
0 0.172495 0.63211 0.007192 0.008267
0 0.208829 0.625661 0.013889 0.007937
0 0.244792 0.614914 0.013393 0.010913
0 0.021329 0.61541 0.008929 0.012566
0 0.880952 0.623181 0.042163 0.030093
0 0.218378 0.61293 0.0062 0.00959
0 0.112599 0.60582 0.011409 0.008598
0 0.159102 0.591931 0.03001 0.031746
0 0.869544 0.569279 0.009921 0.013558
0 0.619668 0.565642 0.0062 0.007606
0 0.022321 0.552579 0.018849 0.006614
0 0.958953 0.556548 0.012153 0.015212
0 0.307912 0.548611 0.015129 0.007275
0 0.143353 0.5458 0.008929 0.012897
0 0.889261 0.544312 0.008185 0.01455
0 0.624752 0.542659 0.014385 0.018519
0 0.019345 0.535384 0.03869 0.017196
0 0.965278 0.534888 0.03125 0.022817
0 0.610739 0.52662 0.006696 0.006283
0 0.790551 0.528274 0.019097 0.014881
0 0.976066 0.520337 0.019593 0.005622
0 0.09251 0.527612 0.031746 0.023479
0 0.697917 0.50744 0.012897 0.01422
0 0.807168 0.513724 0.036954 0.037368
0 0.869172 0.522817 0.040923 0.062169
0 0.657118 0.490079 0.012649 0.011905
0 0.014757 0.48297 0.021577 0.008267
0 0.643477 0.481978 0.008681 0.010913
0 0.922743 0.550926 0.069196 0.152778
0 0.033358 0.477844 0.008681 0.009921
0 0.87314 0.478671 0.016617 0.01422
0 0.978423 0.479167 0.028274 0.015873
0 0.640873 0.471892 0.010417 0.009259
0 0.624752 0.470073 0.015377 0.007606
0 0.752976 0.466104 0.005952 0.007606
0 0.737599 0.475694 0.017361 0.030093
0 0.767113 0.474041 0.021329 0.030093
0 0.617436 0.46131 0.010169 0.010582
0 0.025422 0.453869 0.02753 0.007606
0 0.813492 0.457672 0.016369 0.019841
0 0.407118 0.45453 0.004216 0.013558
0 0.973338 0.450893 0.044891 0.025463
0 0.466642 0.441964 0.009673 0.008929
0 0.180184 0.439649 0.012649 0.004299
0 0.650794 0.442626 0.005952 0.010913
0 0.876612 0.43502 0.005208 0.012235
0 0.601687 0.441964 0.016865 0.032738
0 0.74566 0.438823 0.032986 0.041005
0 0.009053 0.421627 0.018105 0.008598
0 0.196677 0.420635 0.014385 0.01455
0 0.006696 0.408069 0.013393 0.003968
0 0.304067 0.394015 0.025298 0.007606
0 0.007316 0.390708 0.014633 0.004299
0 0.686384 0.394015 0.005208 0.012235
0 0.538566 0.38707 0.006696 0.008929
0 0.133185 0.385747 0.016369 0.022817
0 0.596726 0.375827 0.009425 0.008929
0 0.18502 0.38244 0.019345 0.025463
0 0.237847 0.378803 0.020833 0.030754
0 0.535466 0.361772 0.008929 0.010582
0 0.128596 0.348876 0.017113 0.01918
0 0.1813 0.347884 0.019345 0.028439
0 0.915427 0.338955 0.006448 0.011905
0 0.234251 0.345734 0.021081 0.029431
0 0.02877 0.385582 0.023313 0.115741
0 0.90625 0.333995 0.00744 0.017196
0 0.101314 0.392361 0.028026 0.135913
0 0.293899 0.323247 0.013393 0.005622
0 0.635789 0.343915 0.0563 0.048942
0 0.908358 0.31713 0.010665 0.010582
0 0.801463 0.289352 0.008185 0.011905
0 0.133805 0.287037 0.023562 0.010582
0 0.105779 0.287698 0.02505 0.011905
0 0.436632 0.312169 0.055308 0.08664
0 0.542039 0.311177 0.027034 0.087963
0 0.963418 0.294808 0.073165 0.060516
0 0.997644 0.26918 0.004712 0.011905
0 0.193204 0.277116 0.084325 0.027778
0 0.939732 0.258433 0.015377 0.008267
0 0.814856 0.257275 0.011657 0.01455
0 0.62748 0.290013 0.05506 0.080026
0 0.609003 0.25959 0.019097 0.01918
0 0.563492 0.352348 0.06746 0.204696
0 0.550719 0.256283 0.007192 0.012566
0 0.53497 0.256118 0.003472 0.012235
0 0.469246 0.32457 0.035714 0.14914
0 0.34933 0.28836 0.098462 0.07672
0 0.188244 0.258433 0.019345 0.016865
0 0.089038 0.259755 0.011905 0.019511
0 0.065848 0.273479 0.054812 0.046958
