0 0.033333 0.986716 0.007843 0.01176
0 0.015441 0.986063 0.017647 0.027875
0 0.202083 0.985192 0.014951 0.029617
0 0.118015 0.977352 0.0375 0.018293
0 0.077819 0.967117 0.01152 0.007404
0 0.144608 0.969077 0.013725 0.026132
0 0.033824 0.965375 0.022059 0.030052
0 0.278431 0.935322 0.007353 0.009146
0 0.155147 0.931402 0.006373 0.015244
0 0.176838 0.912892 0.008578 0.010453
0 0.259069 0.907883 0.008333 0.015244
0 0.189706 0.903092 0.008824 0.01176
0 0.02451 0.903746 0.037255 0.021777
0 0.26201 0.883275 0.012745 0.006969
0 0.206005 0.913328 0.101225 0.12108
0 0.240074 0.843423 0.005637 0.018728
0 0.221446 0.846254 0.022304 0.036585
0 0.069853 0.844512 0.011275 0.036585
0 0.078431 0.809233 0.010294 0.008711
0 0.154167 0.800087 0.013235 0.011324
0 0.123652 0.759364 0.01152 0.01176
0 0.135907 0.753702 0.014951 0.015244
0 0.221569 0.756315 0.031863 0.023084
0 0.192402 0.734321 0.007843 0.008711
0 0.164828 0.72169 0.01299 0.013066
0 0.203431 0.713197 0.02451 0.013502
0 0.242647 0.707535 0.016667 0.016986
0 0.045098 0.697517 0.014706 0.063153
0 0.795343 0.55466 0.012745 0.018728
0 0.042157 0.531577 0.008824 0.021341
0 0.721814 0.500218 0.014706 0.009146
0 0.671936 0.483449 0.007598 0.006969
0 0.68027 0.474085 0.008578 0.01176
0 0.775123 0.481054 0.007598 0.038763
0 0.038358 0.455793 0.007108 0.01176
0 0.655637 0.458406 0.008333 0.018728
0 0.671814 0.444469 0.011275 0.034408
0 0.719608 0.445122 0.009314 0.059233
0 0.646324 0.422256 0.004412 0.023955
0 0.737623 0.405052 0.014951 0.006969
0 0.799877 0.412456 0.079657 0.0723
0 0.784191 0.372169 0.044853 0.038763
0 0.528431 0.352134 0.009314 0.012631
0 0.536275 0.329922 0.009804 0.009146
0 0.591299 0.332753 0.011029 0.017422
0 0.646446 0.326873 0.009069 0.006533
0 0.604412 0.329704 0.009314 0.017422
0 0.836765 0.321864 0.058824 0.030488
0 0.324142 0.3027 0.006127 0.013066
0 0.644853 0.299434 0.021078 0.016115
0 0.465809 0.299434 0.009559 0.021341
0 0.433946 0.280706 0.006127 0.009146
0 0.475 0.272866 0.008824 0.025697
0 0.497917 0.260017 0.003186 0.017422
0 0.64277 0.277439 0.050245 0.054878
0 0.576961 0.255662 0.016176 0.011324
0 0.237255 0.258275 0.005882 0.016551
0 0.170221 0.255226 0.008088 0.010453
0 0.148162 0.265897 0.027696 0.031794
0 0.125613 0.2598 0.010539 0.019599
