0 0.095221 0.995209 0.005637 0.009582
0 0.354657 0.994991 0.010784 0.010017
0 0.338971 0.994774 0.008824 0.010453
0 0.37402 0.99216 0.005392 0.010453
0 0.12402 0.987152 0.004902 0.016986
0 0.179657 0.980836 0.007843 0.013937
0 0.159926 0.97365 0.010539 0.009146
0 0.383824 0.984103 0.008824 0.031794
0 0.187132 0.966246 0.010539 0.016115
0 0.210784 0.960366 0.007353 0.009582
0 0.392034 0.962761 0.011029 0.02047
0 0.264338 0.95797 0.005637 0.015244
0 0.102083 0.951002 0.007108 0.01176
0 0.217157 0.946429 0.007843 0.009582
0 0.087868 0.937282 0.009559 0.010453
0 0.15723 0.928789 0.015441 0.010017
0 0.217034 0.920296 0.01201 0.011324
0 0.146078 0.953615 0.121078 0.085801
0 0.473039 0.866943 0.006373 0.012631
0 0.587623 0.841681 0.0125 0.012631
0 0.589706 0.823824 0.004902 0.010017
0 0.479902 0.78811 0.006373 0.01176
0 0.579657 0.790723 0.023529 0.037892
0 0.489828 0.780052 0.007108 0.027003
0 0.529289 0.78223 0.064951 0.039199
0 0.01299 0.686847 0.02598 0.022648
0 0.039951 0.676829 0.015196 0.019164
0 0.708456 0.676611 0.014461 0.02831
0 0.677696 0.668554 0.009314 0.014808
0 0.688971 0.66507 0.010784 0.020035
0 0.0625 0.664199 0.029902 0.035714
0 0.128799 0.644817 0.024755 0.023084
0 0.15098 0.632186 0.007353 0.009146
0 0.164828 0.626307 0.015931 0.020035
0 0.21348 0.622605 0.016176 0.025697
0 0.160907 0.610409 0.005637 0.01176
0 0.686275 0.602787 0.016176 0.017422
0 0.355392 0.577744 0.013725 0.010889
0 0.15527 0.579704 0.019853 0.03223
0 0.683946 0.572082 0.005147 0.021341
0 0.14473 0.562282 0.007598 0.006098
0 0.200613 0.58885 0.01348 0.0723
0 0.367034 0.554007 0.018382 0.006969
0 0.462377 0.543336 0.007108 0.012631
0 0.686887 0.541159 0.013971 0.022213
0 0.785049 0.507622 0.017157 0.01176
0 0.581985 0.498476 0.01299 0.010017
0 0.795343 0.502613 0.003922 0.021777
0 0.9625 0.490636 0.016176 0.030923
0 0.064951 0.47757 0.005392 0.009146
0 0.597059 0.484538 0.032353 0.055314
0 0.216299 0.523301 0.018382 0.146777
0 0.205147 0.494774 0.023039 0.111498
0 0.689216 0.445122 0.023039 0.038328
0 0.140686 0.435322 0.008333 0.035279
0 0.068382 0.430749 0.007353 0.026132
0 0.038725 0.426829 0.014216 0.02439
0 0.158211 0.446864 0.048775 0.082753
0 0.985294 0.442944 0.029412 0.077526
0 0.091299 0.406577 0.007108 0.009146
0 0.431005 0.407666 0.005637 0.017422
0 0.121814 0.430314 0.023039 0.075784
0 0.028064 0.427918 0.056127 0.109321
0 0.421078 0.367596 0.013235 0.062718
0 0.18174 0.32622 0.005147 0.011324
0 0.296569 0.317291 0.011765 0.017857
0 0.212132 0.313589 0.008088 0.013066
0 0.153309 0.315331 0.008578 0.017422
0 0.220711 0.312936 0.004657 0.015244
0 0.734559 0.28615 0.008333 0.013937
0 0.968015 0.325784 0.044363 0.151568
0 0.20527 0.257186 0.013971 0.014373
0 0.154289 0.259146 0.023775 0.018293
