0 0.548983 0.993386 0.009177 0.013228
0 0.515749 0.981151 0.013641 0.005291
0 0.091022 0.967097 0.008433 0.029431
0 0.517237 0.938823 0.010665 0.009921
0 0.06436 0.936177 0.036458 0.022487
0 0.082961 0.915179 0.015625 0.017526
0 0.130952 0.874008 0.009425 0.012566
0 0.515129 0.759094 0.007937 0.006944
0 0.968874 0.757275 0.004216 0.015873
0 0.913938 0.727017 0.022817 0.008929
0 0.93936 0.723545 0.005208 0.008598
0 0.921379 0.716766 0.011409 0.012897
0 0.959077 0.717758 0.006448 0.022817
0 0.902406 0.708499 0.010665 0.011574
0 0.237227 0.648975 0.004712 0.011574
0 0.974702 0.639054 0.015377 0.042659
0 0.622768 0.604332 0.010913 0.008267
0 0.517609 0.603671 0.015873 0.006944
0 0.229539 0.607804 0.007688 0.015873
0 0.432416 0.602017 0.008185 0.012235
0 0.364583 0.609623 0.010913 0.029431
0 0.599702 0.588624 0.018353 0.005291
0 0.582713 0.587467 0.010665 0.006283
0 0.839286 0.584821 0.008433 0.00959
0 0.784474 0.577381 0.034226 0.009259
0 0.602679 0.564153 0.017361 0.009259
0 0.157366 0.557705 0.009673 0.007606
0 0.449033 0.574735 0.011161 0.051587
0 0.381076 0.570767 0.010665 0.045635
0 0.349578 0.557209 0.012153 0.021164
0 0.518973 0.573909 0.130704 0.070437
0 0.511781 0.542989 0.012649 0.013889
0 0.71131 0.540013 0.011409 0.011243
0 0.695064 0.541171 0.017609 0.013558
0 0.529514 0.543816 0.022817 0.023479
0 0.382068 0.53621 0.0062 0.008267
0 0.174727 0.536376 0.013641 0.010582
0 0.824653 0.547123 0.040675 0.034722
0 0.630208 0.537698 0.00496 0.017196
0 0.782118 0.545635 0.040427 0.034392
0 0.520957 0.530258 0.011161 0.013558
0 0.442212 0.533234 0.005456 0.020172
0 0.361607 0.56002 0.029266 0.083003
0 0.34685 0.524636 0.012649 0.012235
0 0.335317 0.515708 0.005456 0.008929
0 0.50248 0.507606 0.012401 0.009259
0 0.262277 0.510747 0.006696 0.02877
0 0.420263 0.503803 0.007192 0.021495
0 0.935888 0.562335 0.128224 0.148479
0 0.340278 0.48793 0.009425 0.008267
0 0.485367 0.481316 0.010913 0.011574
0 0.368304 0.492229 0.022321 0.037368
0 0.353175 0.470899 0.006448 0.009259
0 0.202381 0.470899 0.005456 0.009259
0 0.535094 0.458168 0.008681 0.012235
0 0.322421 0.460483 0.020833 0.040013
0 0.532242 0.44461 0.008929 0.010913
0 0.832093 0.43039 0.00744 0.008929
0 0.284102 0.429729 0.0062 0.010913
0 0.46751 0.42791 0.027778 0.053571
0 0.439608 0.398479 0.007688 0.009921
0 0.274802 0.397817 0.016369 0.018519
0 0.25 0.368386 0.008433 0.007275
0 0.065848 0.347388 0.013145 0.007606
0 0.501736 0.351521 0.012897 0.019841
0 0.258309 0.369709 0.021081 0.058862
0 0.489707 0.340939 0.006696 0.005291
0 0.523189 0.339616 0.0062 0.007937
0 0.317584 0.393849 0.072669 0.121032
0 0.794023 0.332176 0.007192 0.010913
0 0.003348 0.331019 0.006696 0.016534
0 0.505208 0.327712 0.008929 0.013228
0 0.834201 0.320933 0.009177 0.008267
0 0.336062 0.32209 0.014385 0.011905
0 0.078497 0.312004 0.011657 0.018188
0 0.266493 0.323743 0.014633 0.044312
0 0.047123 0.306878 0.016865 0.016534
0 0.418155 0.293485 0.009425 0.008929
0 0.519469 0.291336 0.012649 0.013889
0 0.268477 0.292659 0.007688 0.020503
0 0.257316 0.28869 0.009177 0.027778
0 0.044891 0.273148 0.006944 0.007937
0 0.30816 0.28869 0.028522 0.048942
0 0.670387 0.271825 0.007937 0.016534
0 0.426339 0.267526 0.005952 0.010582
0 0.019717 0.30291 0.039435 0.085979
0 0.774058 0.258267 0.008929 0.005952
0 0.413938 0.256614 0.006944 0.007275
0 0.275298 0.257771 0.00496 0.012897
0 0.507688 0.259755 0.021329 0.017526
0 0.562748 0.257606 0.006944 0.015212
0 0.546627 0.26703 0.018849 0.034061
0 0.388145 0.254299 0.014881 0.008598
0 0.346726 0.275959 0.066468 0.051918
0 0.28559 0.253803 0.010665 0.007606
0 0.264881 0.260086 0.009425 0.020172
0 0.251984 0.265708 0.012897 0.031415
0 0.047495 0.255456 0.015129 0.010913
0 0.02877 0.252646 0.009921 0.005291
0 0.002232 0.25463 0.004464 0.009259
