0 0.057664 0.994378 0.020585 0.011243
0 0.504836 0.993717 0.0062 0.012566
0 0.516865 0.989914 0.009921 0.008267
0 0.868056 0.989749 0.006448 0.011905
0 0.496404 0.989087 0.010169 0.013889
0 0.829241 0.990906 0.014137 0.018188
0 0.853795 0.988922 0.005208 0.018188
0 0.789435 0.980655 0.005952 0.006944
0 0.507316 0.979001 0.006696 0.015542
0 0.874752 0.974868 0.005952 0.009259
0 0.84003 0.977513 0.017361 0.021164
0 0.364707 0.974702 0.009177 0.017526
0 0.819444 0.96627 0.008433 0.011905
0 0.893229 0.966601 0.005704 0.015212
0 0.84747 0.95172 0.008433 0.011243
0 0.485863 0.950562 0.00496 0.010251
0 0.993056 0.94709 0.010417 0.010582
0 0.831225 0.948082 0.009673 0.013889
0 0.47433 0.943122 0.019593 0.017196
0 0.893725 0.937169 0.004712 0.009259
0 0.869544 0.934854 0.00744 0.009921
0 0.844742 0.938988 0.013889 0.019511
0 0.975322 0.932209 0.014137 0.01455
0 0.919891 0.927249 0.009425 0.005291
0 0.393725 0.930225 0.010665 0.01455
0 0.960938 0.925099 0.011161 0.013558
0 0.824033 0.934028 0.014137 0.031415
0 0.894717 0.918651 0.008185 0.009921
0 0.860739 0.922454 0.027034 0.02414
0 0.9437 0.912037 0.005952 0.007275
0 0.960689 0.913029 0.018601 0.011243
0 0.84251 0.903439 0.018849 0.027778
0 0.851562 0.884755 0.012153 0.012235
0 0.93688 0.888393 0.029514 0.03869
0 0.852555 0.868386 0.011657 0.009259
0 0.871776 0.865079 0.008433 0.015212
0 0.865823 0.866898 0.009921 0.032738
0 0.853299 0.848545 0.015129 0.017196
0 0.005332 0.824405 0.007192 0.005952
0 0.904018 0.825893 0.010417 0.012235
0 0.876612 0.798115 0.015625 0.021495
0 0.477431 0.771991 0.012401 0.020172
0 0.082961 0.755622 0.008185 0.007275
0 0.096478 0.74537 0.016865 0.016534
0 0.130084 0.727183 0.02505 0.030423
0 0.148189 0.714451 0.008681 0.018849
0 0.960069 0.704034 0.009921 0.008598
0 0.81932 0.679894 0.005704 0.007275
0 0.802331 0.682044 0.016865 0.016204
0 0.850446 0.679729 0.022321 0.018188
0 0.199653 0.667659 0.020833 0.012566
0 0.81684 0.664352 0.038442 0.037698
0 0.790551 0.648148 0.010169 0.01455
0 0.763889 0.634921 0.008433 0.007275
0 0.856895 0.647321 0.048611 0.032738
0 0.182168 0.622024 0.008681 0.013889
0 0.905382 0.62004 0.013641 0.011905
0 0.809276 0.611938 0.011905 0.006283
0 0.870908 0.609458 0.009673 0.007937
0 0.180308 0.60086 0.007937 0.009921
0 0.912946 0.570933 0.013889 0.010913
0 0.86756 0.5625 0.008929 0.008598
0 0.736483 0.551422 0.007192 0.006944
0 0.825397 0.556052 0.016369 0.022156
0 0.722966 0.548611 0.006944 0.007275
0 0.627852 0.539517 0.012649 0.012235
0 0.660094 0.531415 0.009673 0.007937
0 0.705605 0.528274 0.011409 0.008267
0 0.961186 0.540179 0.046379 0.037368
0 0.789311 0.538029 0.040427 0.033069
0 0.654018 0.520007 0.018353 0.008929
0 0.742684 0.534226 0.012649 0.041336
0 0.702009 0.512566 0.015625 0.013889
0 0.851935 0.521495 0.03621 0.032407
0 0.637897 0.509755 0.013393 0.01422
0 0.161086 0.543485 0.014137 0.083664
0 0.597718 0.502811 0.006448 0.010251
0 0.625992 0.500496 0.009425 0.011574
0 0.752232 0.500331 0.013393 0.01455
0 0.608631 0.49537 0.005456 0.011243
0 0.535094 0.492394 0.009177 0.007937
0 0.621652 0.484458 0.010665 0.01455
0 0.733383 0.482143 0.008433 0.023148
0 0.86756 0.47338 0.009425 0.014881
0 0.890377 0.476025 0.030754 0.030093
0 0.858631 0.471561 0.003968 0.022487
0 0.8063 0.479993 0.018849 0.041336
0 0.642857 0.457341 0.003472 0.012566
0 0.758433 0.46627 0.005952 0.03836
0 0.716394 0.466766 0.028522 0.085648
0 0.80878 0.436343 0.011905 0.026124
0 0.741071 0.433532 0.015873 0.029101
0 0.586434 0.42328 0.005704 0.009259
0 0.809028 0.417824 0.009425 0.00959
0 0.725198 0.412698 0.004464 0.013889
0 0.735243 0.414021 0.009673 0.017857
0 0.096106 0.412202 0.005208 0.024802
0 0.829365 0.451224 0.028274 0.145172
0 0.778646 0.373677 0.074653 0.034392
0 0.65873 0.371693 0.06994 0.036376
0 0.801959 0.35086 0.012649 0.00463
0 0.847098 0.347718 0.021081 0.010913
0 0.913566 0.331019 0.010169 0.009921
0 0.730655 0.338459 0.012897 0.045304
0 0.68316 0.32705 0.039435 0.049603
0 0.65625 0.290179 0.009921 0.013558
0 0.90253 0.30787 0.130456 0.049603
0 0.977803 0.28373 0.014137 0.010582
0 0.789931 0.271495 0.018353 0.005952
0 0.312252 0.270833 0.013393 0.015212
0 0.81312 0.270172 0.005704 0.021164
0 0.665303 0.316303 0.079117 0.116733
0 0.694072 0.260913 0.0062 0.009259
0 0.651166 0.274802 0.021577 0.040344
0 0.818452 0.259425 0.012897 0.018849
0 0.760169 0.260251 0.033234 0.020503
0 0.729291 0.286541 0.022073 0.073082
0 0.642981 0.262566 0.021577 0.025132
0 0.614707 0.274636 0.010665 0.049272
0 0.401786 0.259921 0.039187 0.019841
0 0.373388 0.283399 0.012649 0.066799
0 0.33879 0.276455 0.045635 0.05291
0 0.279762 0.269015 0.051091 0.038029
0 0.087054 0.285053 0.011409 0.070106
