0 0.327381 0.975198 0.014385 0.012566
0 0.365699 0.970073 0.006696 0.012235
0 0.366071 0.958499 0.008433 0.007606
0 0.327505 0.957341 0.013641 0.02381
0 0.014757 0.947586 0.009673 0.004299
0 0.393353 0.950893 0.011905 0.018188
0 0.386781 0.943783 0.008185 0.007937
0 0.3094 0.937831 0.010169 0.024471
0 0.395957 0.917824 0.008681 0.010913
0 0.372272 0.932209 0.024306 0.039683
0 0.862475 0.954034 0.127232 0.091931
0 0.388889 0.909557 0.005456 0.007606
0 0.294767 0.895503 0.007192 0.007937
0 0.416419 0.896164 0.019841 0.021164
0 0.415551 0.882606 0.008681 0.018519
0 0.765625 0.879299 0.014385 0.01455
0 0.0687 0.833333 0.009425 0.009259
0 0.729167 0.846065 0.06002 0.053902
0 0.459821 0.804398 0.009921 0.005622
0 0.452753 0.794643 0.011657 0.012566
0 0.694196 0.756614 0.011409 0.017196
0 0.681548 0.749669 0.009921 0.008598
0 0.470982 0.754464 0.012401 0.022156
0 0.671379 0.739583 0.019841 0.016204
0 0.194072 0.735946 0.030506 0.022156
0 0.778026 0.720899 0.009921 0.003968
0 0.933532 0.725694 0.037698 0.019511
0 0.948165 0.712798 0.00744 0.007606
0 0.899306 0.712302 0.023313 0.01455
0 0.8812 0.70172 0.00744 0.006614
0 0.903398 0.685681 0.015129 0.018188
0 0.464782 0.677579 0.008433 0.00463
0 0.824777 0.678902 0.015625 0.012566
0 0.282242 0.672784 0.006448 0.010251
0 0.693824 0.677745 0.09003 0.05787
0 0.969742 0.651124 0.026786 0.021164
0 0.923611 0.637401 0.008433 0.008929
0 0.514757 0.650794 0.048363 0.042328
0 0.903522 0.636905 0.003472 0.015873
0 0.963294 0.627149 0.006448 0.010913
0 0.986607 0.626323 0.009425 0.016534
0 0.479167 0.623512 0.022321 0.019511
0 0.955233 0.612765 0.012649 0.010582
0 0.984871 0.609623 0.008433 0.014881
0 0.721354 0.633102 0.144097 0.063823
0 0.043651 0.600033 0.015873 0.008267
0 0.198413 0.577546 0.009921 0.020172
0 0.119916 0.561343 0.005208 0.012235
0 0.587178 0.575728 0.120288 0.054233
0 0.113219 0.530423 0.007192 0.007275
0 0.062252 0.539187 0.017361 0.024802
0 0.085069 0.535549 0.021825 0.029431
0 0.891741 0.537202 0.021081 0.0625
0 0.886409 0.499173 0.010417 0.006944
0 0.99628 0.490245 0.00744 0.014881
0 0.887153 0.487599 0.007937 0.010913
0 0.907366 0.503803 0.021081 0.050595
0 0.116815 0.49256 0.011409 0.057209
0 0.91059 0.467262 0.009177 0.009921
0 0.036458 0.458995 0.03125 0.018519
0 0.946057 0.450562 0.008681 0.008267
0 0.277778 0.458168 0.052083 0.034061
0 0.881696 0.442295 0.009425 0.016204
0 0.83693 0.440311 0.010665 0.01422
0 0.005456 0.445437 0.010913 0.029762
0 0.203373 0.443452 0.022817 0.026455
0 0.12376 0.436012 0.006448 0.015542
0 0.291543 0.432705 0.013641 0.017526
0 0.195809 0.426587 0.005208 0.006614
0 0.924851 0.43502 0.00744 0.027447
0 0.975322 0.420966 0.005208 0.006614
0 0.993924 0.429398 0.012153 0.025463
0 0.228919 0.421462 0.006448 0.010251
0 0.166543 0.417493 0.006696 0.010251
0 0.947049 0.415509 0.004712 0.008267
0 0.315352 0.410384 0.0062 0.013228
0 0.928323 0.411541 0.012401 0.023479
0 0.866071 0.401455 0.014385 0.01918
0 0.832465 0.395668 0.005208 0.012897
0 0.823537 0.390542 0.003224 0.013889
0 0.872644 0.385913 0.007192 0.005952
0 0.898438 0.41832 0.03249 0.081349
0 0.844618 0.385086 0.0062 0.015542
0 0.046007 0.380291 0.005208 0.009259
0 0.938864 0.373347 0.0062 0.011243
0 0.885169 0.368717 0.009425 0.019841
0 0.951637 0.383102 0.009921 0.049272
0 0.837426 0.366071 0.004712 0.017196
0 0.802951 0.383929 0.031002 0.05291
0 0.931796 0.375661 0.021329 0.046958
0 0.978547 0.38707 0.042907 0.071098
0 0.8688 0.355655 0.007937 0.011574
0 0.84313 0.354332 0.012153 0.022817
0 0.801463 0.343089 0.004216 0.01422
0 0.814236 0.350364 0.017361 0.030093
0 0.901662 0.36045 0.023562 0.054233
0 0.929315 0.340112 0.014881 0.015542
0 0.820933 0.333829 0.006448 0.010913
0 0.004836 0.336144 0.009673 0.018188
0 0.189112 0.320437 0.012153 0.011905
0 0.879836 0.316303 0.015625 0.012897
0 0.952381 0.315146 0.00496 0.015873
0 0.803943 0.308201 0.0062 0.008598
0 0.235119 0.309193 0.008929 0.013889
0 0.777778 0.318287 0.03621 0.048611
0 0.753844 0.298446 0.0062 0.010251
0 0.877108 0.300099 0.011657 0.018849
0 0.890873 0.297619 0.010417 0.016534
0 0.790923 0.300099 0.012897 0.024802
0 0.93874 0.30043 0.008929 0.026786
0 0.214038 0.317626 0.034226 0.063823
0 0.8156 0.299934 0.012649 0.042989
0 0.928199 0.281746 0.008681 0.011243
0 0.857763 0.283234 0.009673 0.016204
0 0.776414 0.286376 0.009177 0.024471
0 0.156498 0.288029 0.016865 0.029101
0 0.881944 0.277447 0.00744 0.009259
0 0.789559 0.280093 0.008185 0.015212
0 0.955729 0.277282 0.011657 0.010913
0 0.801959 0.285549 0.013641 0.035384
0 0.958705 0.264054 0.006696 0.010251
0 0.75496 0.277447 0.039683 0.03836
0 0.734747 0.265377 0.011161 0.015542
0 0.835565 0.300926 0.020337 0.095238
0 0.78001 0.26207 0.007937 0.018188
0 0.233755 0.260582 0.010665 0.015873
0 0.963418 0.255291 0.006696 0.007937
0 0.824405 0.264716 0.006944 0.02877
0 0.881448 0.260747 0.025298 0.021495
0 0.848462 0.265873 0.022321 0.031746
0 0.810888 0.256944 0.009177 0.013889
0 0.800595 0.256779 0.008929 0.013558
0 0.714782 0.253968 0.009921 0.007937
0 0.08941 0.255952 0.008681 0.011905
