0 0.789216 0.989946 0.01348 0.020109
0 0.648131 0.981522 0.013174 0.018478
0 0.449908 0.979076 0.008885 0.019022
0 0.238971 0.971739 0.043505 0.03913
0 0.150888 0.949457 0.005821 0.015217
0 0.672794 0.949457 0.04902 0.040217
0 0.374234 0.908696 0.026654 0.017391
0 0.77742 0.930435 0.059743 0.097826
0 0.203891 0.893207 0.030331 0.02337
0 0.099265 0.913315 0.109069 0.114674
0 0.813266 0.849457 0.041973 0.018478
0 0.178462 0.838043 0.030944 0.03913
0 0.061887 0.872554 0.123775 0.108152
0 0.749847 0.816033 0.0144 0.009239
0 0.102941 0.817391 0.029412 0.027174
0 0.336703 0.798641 0.009804 0.007065
0 0.195312 0.799457 0.015012 0.011957
0 0.769761 0.813587 0.075674 0.041304
0 0.051777 0.81875 0.070466 0.055978
0 0.70864 0.826359 0.04473 0.07663
0 0.249081 0.813859 0.063113 0.054891
0 0.294118 0.784511 0.011642 0.013587
0 0.311581 0.779891 0.007966 0.016304
0 0.248775 0.772554 0.006127 0.017935
0 0.166054 0.769293 0.020221 0.015761
0 0.236673 0.759783 0.02788 0.023913
0 0.689338 0.718207 0.020221 0.009239
0 0.73606 0.701902 0.007659 0.011413
0 0.054841 0.711957 0.027574 0.047826
0 0.431219 0.690761 0.012561 0.011957
0 0.403493 0.690217 0.007966 0.013043
0 0.032322 0.722826 0.064645 0.103261
0 0.419884 0.680163 0.016238 0.019022
0 0.018842 0.670924 0.01011 0.013587
0 0.056832 0.650543 0.0144 0.01087
0 0.018689 0.644022 0.012255 0.026087
0 0.382966 0.626902 0.015319 0.013587
0 0.016544 0.608152 0.011642 0.018478
0 0.054075 0.583967 0.018689 0.088587
0 0.08992 0.538587 0.006434 0.046739
0 0.039369 0.520109 0.007659 0.009783
0 0.137561 0.527446 0.009191 0.02663
0 0.014246 0.519293 0.008885 0.019022
0 0.1106 0.516304 0.007966 0.019565
0 0.425705 0.512772 0.005821 0.015761
0 0.053002 0.515489 0.007966 0.021196
0 0.063879 0.50625 0.005821 0.045109
0 0.034161 0.467935 0.018689 0.009783
0 0.055607 0.467391 0.015625 0.009783
0 0.379442 0.449728 0.005821 0.024457
0 0.217065 0.442391 0.015012 0.01087
0 0.310815 0.442935 0.006434 0.018478
0 0.39951 0.44212 0.009191 0.025543
0 0.622702 0.433696 0.008885 0.020652
0 0.394761 0.410598 0.009498 0.009239
0 0.275735 0.432337 0.036152 0.075543
0 0.376072 0.402174 0.010723 0.036957
0 0.392616 0.391033 0.018076 0.016848
0 0.624847 0.399185 0.020527 0.039674
0 0.270374 0.381522 0.007659 0.013043
0 0.653493 0.379076 0.007966 0.013587
0 0.314951 0.377989 0.011029 0.020109
0 0.583793 0.34837 0.007659 0.01087
0 0.289982 0.365217 0.022978 0.05
0 0.185202 0.338859 0.005821 0.014674
0 0.242494 0.344293 0.01011 0.027717
0 0.666667 0.338043 0.008578 0.020652
0 0.609681 0.336685 0.011642 0.021196
0 0.619332 0.33288 0.015012 0.030978
0 0.393536 0.322283 0.01011 0.040217
0 0.37883 0.3125 0.012561 0.022826
0 0.636489 0.308967 0.006434 0.019022
0 0.667433 0.308424 0.013787 0.024457
0 0.706342 0.294565 0.008272 0.030435
0 0.66299 0.28587 0.011642 0.040217
0 0.622089 0.269565 0.011949 0.013043
0 0.729626 0.268207 0.02114 0.036413
0 0.51394 0.266848 0.049939 0.033696
0 0.387561 0.275 0.027574 0.05
0 0.360447 0.258696 0.011336 0.017391
0 0.31204 0.305707 0.105699 0.111413
0 0.280484 0.260054 0.022978 0.020109
