0 0.182751 0.995109 0.0144 0.009783
0 0.251685 0.994022 0.012561 0.011957
0 0.205423 0.981522 0.018689 0.036957
0 0.144761 0.96712 0.012561 0.011413
0 0.501685 0.96413 0.007047 0.026087
0 0.056219 0.975543 0.086091 0.048913
0 0.004902 0.953804 0.009804 0.018478
0 0.221814 0.948913 0.009191 0.01087
0 0.300551 0.930163 0.007353 0.010326
0 0.261183 0.947011 0.047488 0.049457
0 0.237592 0.930707 0.013787 0.019022
0 0.147672 0.923913 0.014093 0.023913
0 0.232384 0.917663 0.01011 0.0125
0 0.10815 0.923641 0.023284 0.029891
0 0.446385 0.914674 0.007966 0.01413
0 0.266085 0.912772 0.008885 0.014674
0 0.086857 0.911685 0.011949 0.014674
0 0.126991 0.909783 0.011336 0.016304
0 0.027267 0.902446 0.012868 0.011413
0 0.424326 0.906522 0.018382 0.020652
0 0.879902 0.947826 0.137868 0.104348
0 0.103248 0.89837 0.00674 0.01413
0 0.172794 0.890217 0.017157 0.011957
0 0.05867 0.886141 0.0144 0.014674
0 0.949449 0.891576 0.054534 0.032065
0 0.22549 0.882065 0.01348 0.015217
0 0.125919 0.877446 0.020221 0.015761
0 0.129136 0.857609 0.01011 0.013043
0 0.2019 0.873098 0.026961 0.047283
0 0.168352 0.836957 0.0144 0.017391
0 0.104473 0.825815 0.007966 0.009239
0 0.958027 0.836141 0.063113 0.050543
0 0.188113 0.792663 0.007353 0.009239
0 0.950368 0.794565 0.030025 0.020652
0 0.337776 0.78913 0.031556 0.029348
0 0.393076 0.759511 0.053922 0.044022
0 0.887255 0.742935 0.015931 0.013043
0 0.817862 0.73125 0.016238 0.010326
0 0.962929 0.713315 0.014093 0.0125
0 0.554688 0.705707 0.027267 0.022283
0 0.419271 0.67663 0.019301 0.017391
0 0.454504 0.648641 0.022978 0.008152
0 0.942096 0.647826 0.014093 0.008696
0 0.465839 0.625543 0.020527 0.01087
0 0.726103 0.623098 0.01777 0.010326
0 0.532475 0.623098 0.023284 0.02337
0 0.62837 0.6125 0.009191 0.011957
0 0.821844 0.607609 0.012561 0.01087
0 0.516238 0.606522 0.012868 0.008696
0 0.9231 0.599185 0.017157 0.009239
0 0.700368 0.604891 0.042279 0.029348
0 0.657322 0.603533 0.028493 0.02663
0 0.574755 0.6 0.028799 0.026087
0 0.610754 0.598913 0.037684 0.036957
0 0.435968 0.578804 0.023897 0.011957
0 0.659467 0.571196 0.012561 0.01087
0 0.758119 0.590489 0.083027 0.0625
0 0.519914 0.572283 0.069853 0.03587
0 0.481464 0.554076 0.010723 0.0125
0 0.595129 0.557065 0.073223 0.026087
0 0.79519 0.546196 0.015012 0.013043
0 0.66682 0.542663 0.049326 0.02337
0 0.975643 0.555978 0.048713 0.06087
0 0.363511 0.524728 0.013787 0.011413
0 0.689951 0.523098 0.011642 0.0125
0 0.906403 0.54375 0.07261 0.058152
0 0.41973 0.541576 0.078431 0.055978
0 0.697763 0.508967 0.011949 0.0125
0 0.188113 0.502174 0.015931 0.021739
0 0.448529 0.498913 0.026961 0.029348
0 0.43076 0.480707 0.01777 0.011413
0 0.518382 0.477446 0.01777 0.022283
0 0.812347 0.50788 0.086091 0.091848
0 0.480392 0.465761 0.01777 0.007609
0 0.700827 0.469022 0.02788 0.038043
0 0.553922 0.455707 0.007966 0.011413
0 0.494792 0.45462 0.007966 0.015761
0 0.539522 0.453533 0.011029 0.014674
0 0.689491 0.442391 0.008272 0.019565
0 0.703278 0.433696 0.007659 0.009783
0 0.775582 0.442935 0.008272 0.03587
0 0.070619 0.430435 0.010723 0.013043
0 0.331495 0.424728 0.009191 0.009239
0 0.240656 0.424457 0.010723 0.016304
0 0.801471 0.408696 0.038603 0.021739
0 0.310202 0.40163 0.013174 0.007609
0 0.984222 0.414946 0.031556 0.036413
0 0.195619 0.431522 0.02114 0.069565
0 0.918352 0.415217 0.042586 0.058696
0 0.117647 0.388043 0.011642 0.009783
0 0.103248 0.388315 0.011642 0.011413
0 0.590533 0.38587 0.010723 0.017391
0 0.602635 0.400543 0.012255 0.051087
0 0.503983 0.381793 0.015931 0.017935
0 0.340686 0.371196 0.005515 0.016304
0 0.606771 0.363043 0.01011 0.016304
0 0.592218 0.364674 0.011029 0.019565
0 0.293352 0.380435 0.062806 0.053261
0 0.217525 0.358967 0.011029 0.015761
0 0.23989 0.355978 0.011642 0.013043
0 0.134498 0.366848 0.007353 0.048913
0 0.689491 0.342935 0.015012 0.008696
0 0.74326 0.402174 0.023284 0.13587
0 0.117953 0.353261 0.016544 0.045652
0 0.19807 0.33587 0.029105 0.032609
0 0.119026 0.325272 0.010723 0.014674
0 0.069547 0.305435 0.015319 0.023913
0 0.143229 0.293207 0.011949 0.014674
0 0.122089 0.294022 0.008272 0.016304
0 0.738817 0.305978 0.015625 0.055435
0 0.911458 0.27663 0.006127 0.019565
0 0.963848 0.317663 0.072304 0.124457
0 0.991728 0.261413 0.016544 0.01413
0 0.782169 0.254348 0.01348 0.008696
0 0.752145 0.265761 0.010417 0.031522
0 0.700521 0.288043 0.023591 0.076087
0 0.602328 0.259511 0.011642 0.019022
0 0.541513 0.288859 0.022978 0.077717
0 0.364737 0.259783 0.004596 0.019565
0 0.089001 0.257609 0.018689 0.015217
