0 0.303075 0.996693 0.016865 0.006614
0 0.273189 0.996032 0.020585 0.007937
0 0.251364 0.99504 0.012153 0.009921
0 0.975074 0.989087 0.014137 0.005952
0 0.586806 0.991567 0.012401 0.013558
0 0.397941 0.992063 0.033482 0.015873
0 0.2562 0.986938 0.013889 0.008267
0 0.391865 0.97586 0.009921 0.013889
0 0.964906 0.97338 0.018601 0.00959
0 0.411582 0.967923 0.012153 0.011243
0 0.953993 0.961144 0.009673 0.006283
0 0.267113 0.96627 0.017361 0.017196
0 0.268477 0.955688 0.006696 0.007937
0 0.088046 0.973214 0.019841 0.053571
0 0.27505 0.947421 0.008433 0.005952
0 0.314484 0.949735 0.02629 0.015873
0 0.398189 0.951224 0.016121 0.023479
0 0.947669 0.944775 0.011905 0.013228
0 0.338046 0.926422 0.025298 0.017526
0 0.372024 0.917989 0.018849 0.005291
0 0.298859 0.92791 0.050099 0.025132
0 0.980779 0.931382 0.038442 0.039352
0 0.959945 0.910384 0.012649 0.015873
0 0.96441 0.89666 0.010169 0.008929
0 0.430804 0.909061 0.033234 0.03373
0 0.944196 0.889054 0.017361 0.02414
0 0.948537 0.878307 0.008185 0.017196
0 0.427207 0.881944 0.026042 0.034392
0 0.925347 0.86789 0.005456 0.011574
0 0.913814 0.860615 0.005704 0.008929
0 0.411334 0.859623 0.005704 0.010913
0 0.906374 0.844907 0.007192 0.007937
0 0.426339 0.842427 0.024306 0.012235
0 0.335441 0.845073 0.028026 0.026124
0 0.420635 0.827877 0.010913 0.008929
0 0.896329 0.824239 0.008433 0.011574
0 0.325769 0.823909 0.014633 0.02877
0 0.220734 0.808201 0.021825 0.007937
0 0.362723 0.796627 0.015129 0.007275
0 0.379464 0.79795 0.008929 0.011243
0 0.872892 0.780258 0.0062 0.005622
0 0.003968 0.765377 0.007937 0.012897
0 0.334449 0.758267 0.007192 0.009921
0 0.926959 0.757275 0.016121 0.011905
0 0.357143 0.757275 0.019841 0.021825
0 0.024678 0.750496 0.012153 0.00959
0 0.388145 0.736772 0.009425 0.007937
0 0.375496 0.736111 0.011905 0.006614
0 0.388641 0.722057 0.00744 0.008929
0 0.404018 0.696429 0.004464 0.013228
0 0.418031 0.68006 0.009177 0.007606
0 0.462054 0.660714 0.021825 0.017196
0 0.069196 0.653439 0.014385 0.007275
0 0.082093 0.645337 0.00744 0.008267
0 0.623388 0.617229 0.0062 0.006944
0 0.24256 0.616567 0.009921 0.01422
0 0.914807 0.614914 0.018105 0.015542
0 0.755704 0.602348 0.040675 0.024802
0 0.276042 0.578042 0.005456 0.009259
0 0.308036 0.577381 0.009425 0.010582
0 0.786334 0.57457 0.007192 0.007606
0 0.482267 0.571098 0.008185 0.00463
0 0.911086 0.581184 0.022569 0.033399
0 0.296503 0.574405 0.009177 0.02381
0 0.842262 0.567791 0.006448 0.011243
0 0.317212 0.563823 0.003968 0.011905
0 0.310516 0.559193 0.003968 0.008598
0 0.300967 0.547784 0.0062 0.016204
0 0.821181 0.542989 0.008929 0.007937
0 0.941344 0.539021 0.012153 0.009921
0 0.740575 0.534722 0.013393 0.01455
0 0.293527 0.527116 0.005208 0.017857
0 0.544767 0.517692 0.009177 0.008929
0 0.936136 0.506944 0.014137 0.006614
0 0.583581 0.512401 0.040179 0.026786
0 0.75496 0.50744 0.008929 0.018188
0 0.90625 0.512731 0.014385 0.033399
0 0.864459 0.510417 0.023562 0.029431
0 0.734871 0.507937 0.016369 0.024471
0 0.571553 0.495205 0.023562 0.014881
0 0.226687 0.530919 0.021329 0.087632
0 0.673363 0.488261 0.00248 0.01422
0 0.910094 0.486276 0.009673 0.028108
0 0.252356 0.47586 0.009177 0.009259
0 0.214162 0.474041 0.013641 0.005622
0 0.919767 0.476852 0.00372 0.015212
0 0.52877 0.478009 0.027778 0.017526
0 0.418527 0.479332 0.004216 0.021495
0 0.733879 0.472553 0.007937 0.008598
0 0.818452 0.47123 0.012401 0.006614
0 0.84065 0.482143 0.011161 0.035714
0 0.552083 0.471396 0.011409 0.018188
0 0.655134 0.482639 0.019593 0.04795
0 0.533358 0.46379 0.009177 0.011574
0 0.750868 0.47123 0.017113 0.031085
0 0.770461 0.46131 0.009177 0.017857
0 0.91245 0.450397 0.008433 0.011905
0 0.088046 0.493882 0.023313 0.10086
0 0.455853 0.450893 0.00496 0.017526
0 0.557912 0.446594 0.011657 0.016204
0 0.905258 0.464782 0.019345 0.063823
0 0.773686 0.439815 0.004712 0.017857
0 0.261905 0.450066 0.033234 0.047619
0 0.753472 0.433862 0.023313 0.017857
0 0.577753 0.437169 0.02505 0.028439
0 0.937624 0.419974 0.012153 0.007937
0 0.774802 0.420966 0.007937 0.01455
0 0.247396 0.42047 0.0062 0.015542
0 0.627728 0.432209 0.025298 0.042989
0 0.077009 0.421958 0.005208 0.028439
0 0.734499 0.436343 0.014633 0.059193
0 0.572049 0.412698 0.005208 0.011905
0 0.694196 0.411706 0.018849 0.011905
0 0.814732 0.430886 0.037202 0.052249
0 0.503968 0.410714 0.008929 0.01455
0 0.913194 0.41121 0.018849 0.025463
0 0.628224 0.401951 0.00744 0.010251
0 0.843006 0.405093 0.009425 0.01918
0 0.228175 0.419974 0.022817 0.048942
0 0.769593 0.407738 0.017361 0.025794
0 0.600942 0.396329 0.00496 0.007606
0 0.829985 0.393849 0.008185 0.011905
0 0.967014 0.395668 0.019841 0.02414
0 0.351438 0.39914 0.014881 0.031746
0 0.705109 0.388558 0.006448 0.011243
0 0.652778 0.401124 0.024306 0.039021
0 0.677083 0.3917 0.011905 0.021495
0 0.615203 0.380622 0.008185 0.008598
0 0.760789 0.382937 0.00372 0.023148
0 0.431548 0.381448 0.007937 0.023479
0 0.473834 0.373016 0.009673 0.008598
0 0.966642 0.372189 0.009673 0.010251
0 0.485119 0.370701 0.005952 0.007275
0 0.34995 0.371858 0.003968 0.010251
0 0.543651 0.376653 0.019345 0.021164
0 0.225942 0.371528 0.012897 0.014881
0 0.591766 0.406085 0.039187 0.093254
0 0.842014 0.365575 0.010417 0.01422
0 0.702877 0.359954 0.034722 0.036706
0 0.483135 0.346726 0.022817 0.036706
0 0.328497 0.349537 0.012649 0.046958
0 0.25372 0.349868 0.012401 0.054894
0 0.239955 0.334821 0.006696 0.026786
0 0.754836 0.343915 0.039931 0.052249
0 0.366567 0.347884 0.044643 0.060185
0 0.530754 0.359127 0.093254 0.085317
0 0.713666 0.323247 0.005208 0.020172
0 0.644593 0.318122 0.004464 0.009921
0 0.65873 0.309689 0.00744 0.007606
0 0.698289 0.321925 0.009177 0.03869
0 0.538442 0.297288 0.010417 0.005952
0 0.59003 0.298115 0.010417 0.00959
0 0.956349 0.302745 0.051587 0.02414
0 0.992188 0.294643 0.015625 0.018519
0 0.377356 0.308697 0.018105 0.059854
0 0.353423 0.297619 0.019345 0.037698
0 0.009673 0.285549 0.008929 0.020833
0 0.264757 0.278604 0.020089 0.011574
0 0.991195 0.271495 0.009673 0.005952
0 0.105159 0.261739 0.011409 0.005622
0 0.554563 0.263228 0.011905 0.010582
0 0.232019 0.287698 0.010665 0.065476
0 0.891245 0.25744 0.012649 0.014881
0 0.782738 0.280919 0.102183 0.061839
0 0.695312 0.278108 0.050347 0.056217
0 0.635169 0.304067 0.059524 0.108135
0 0.417039 0.26455 0.005704 0.029101
0 0.386285 0.263393 0.014633 0.026786
0 0.364583 0.257771 0.025298 0.015542
