0 0.728671 0.997354 0.008433 0.005291
0 0.746156 0.994709 0.006696 0.010582
0 0.00434 0.696098 0.008681 0.009921
0 0.172991 0.582507 0.011657 0.008929
0 0.543775 0.558532 0.008681 0.005291
0 0.553695 0.558697 0.010169 0.008267
0 0.354911 0.484954 0.00744 0.007606
0 0.96131 0.484292 0.013889 0.012897
0 0.231399 0.469246 0.003472 0.01455
0 0.881572 0.452712 0.014137 0.013889
0 0.97619 0.45668 0.047619 0.032407
0 0.041543 0.444444 0.009673 0.007937
0 0.929936 0.448413 0.010169 0.017857
0 0.950025 0.440972 0.0062 0.008929
0 0.275298 0.442626 0.029266 0.017526
0 0.253596 0.440807 0.004712 0.01455
0 0.938616 0.440146 0.012649 0.013889
0 0.151538 0.436508 0.006944 0.007937
0 0.34623 0.438161 0.005952 0.012566
0 0.932044 0.426422 0.011905 0.008929
0 0.133433 0.426918 0.00496 0.012566
0 0.337426 0.426587 0.007192 0.01455
0 0.85057 0.429398 0.022073 0.029431
0 0.475694 0.421462 0.006448 0.018849
0 0.253472 0.414517 0.00496 0.008267
0 0.239211 0.427745 0.017609 0.03869
0 0.016493 0.409722 0.009177 0.00463
0 0.931672 0.412698 0.011161 0.011243
0 0.452133 0.413525 0.00744 0.016204
0 0.233755 0.39881 0.0062 0.009921
0 0.372396 0.397487 0.003224 0.010582
0 0.576513 0.404101 0.008681 0.033069
0 0.143725 0.412037 0.03249 0.051587
0 0.391369 0.423115 0.071925 0.076389
0 0.207589 0.412533 0.014385 0.057209
0 0.457341 0.381283 0.006944 0.007937
0 0.269469 0.388724 0.007192 0.023479
0 0.297371 0.404927 0.065476 0.056548
0 0.162698 0.383763 0.014881 0.018188
0 0.077257 0.378803 0.019593 0.008929
0 0.358011 0.39666 0.017609 0.056548
0 0.251736 0.370701 0.005952 0.006614
0 0.506572 0.372024 0.002728 0.013228
0 0.401786 0.371528 0.005456 0.013558
0 0.854663 0.383433 0.010417 0.053902
0 0.351438 0.358466 0.003472 0.010582
0 0.59747 0.357639 0.003968 0.020172
0 0.369544 0.359623 0.009921 0.026124
0 0.280258 0.35086 0.005952 0.011905
0 0.467014 0.347057 0.008433 0.006283
0 0.326389 0.34623 0.011409 0.016534
0 0.002728 0.34375 0.005456 0.025463
0 0.318824 0.33631 0.004216 0.011243
0 0.311508 0.332672 0.006448 0.011243
0 0.393601 0.340278 0.019841 0.031085
0 0.282738 0.325562 0.007937 0.00959
0 0.517361 0.322421 0.004464 0.009259
0 0.014137 0.327216 0.008929 0.030093
0 0.765501 0.31961 0.007192 0.020172
0 0.270089 0.316964 0.00744 0.014881
0 0.237723 0.320602 0.010665 0.022156
0 0.328125 0.318783 0.018849 0.029101
0 0.606151 0.309193 0.002976 0.012566
0 0.31436 0.305886 0.007192 0.007275
0 0.280382 0.305721 0.005208 0.013558
0 0.322173 0.304067 0.005456 0.010913
0 0.727555 0.301587 0.009177 0.006614
0 0.128968 0.316303 0.063988 0.071759
0 0.645213 0.27381 0.006696 0.007937
0 0.666791 0.263889 0.004216 0.007937
0 0.371404 0.261574 0.006696 0.005952
0 0.234251 0.281911 0.031994 0.050595
0 0.353299 0.260086 0.006696 0.01422
0 0.159846 0.262235 0.011161 0.019841
0 0.708209 0.262235 0.005704 0.021825
0 0.590154 0.256779 0.009177 0.013558
0 0.421131 0.256614 0.020833 0.013228
0 0.379836 0.298115 0.081101 0.09623
0 0.184896 0.260417 0.023065 0.020833
0 0.090278 0.309854 0.03373 0.119709
