0 0.69375 0.985845 0.016422 0.010889
0 0.986152 0.983885 0.007598 0.011324
0 0.99375 0.978005 0.0125 0.005662
0 0.728676 0.963632 0.008824 0.010017
0 0.946201 0.95797 0.010049 0.013502
0 0.70049 0.955793 0.006373 0.016986
0 0.691176 0.949913 0.008824 0.012195
0 0.792525 0.946646 0.01201 0.010889
0 0.671936 0.946864 0.01299 0.017422
0 0.764951 0.944033 0.018627 0.02047
0 0.734436 0.932491 0.008578 0.009582
0 0.992279 0.932927 0.015441 0.012195
0 0.684436 0.932927 0.014461 0.019164
0 0.679534 0.923563 0.009559 0.008275
0 0.469853 0.915941 0.006863 0.015679
0 0.652696 0.91703 0.009314 0.019599
0 0.958211 0.935322 0.060049 0.06838
0 0.993382 0.91311 0.013235 0.026568
0 0.563971 0.914852 0.05049 0.050087
0 0.516667 0.891986 0.005882 0.014808
0 0.963971 0.886106 0.009804 0.010017
0 0.870221 0.906794 0.059069 0.052265
0 0.570343 0.885235 0.009804 0.012631
0 0.535784 0.88676 0.007353 0.019164
0 0.44375 0.878267 0.009069 0.008275
0 0.07598 0.879138 0.013235 0.016115
0 0.342402 0.875 0.007843 0.014808
0 0.951348 0.876742 0.028186 0.020035
0 0.380882 0.869556 0.028431 0.013502
0 0.538235 0.865854 0.011275 0.014808
0 0.306127 0.862587 0.005882 0.008275
0 0.417279 0.872169 0.025245 0.02831
0 0.552328 0.866943 0.014461 0.024826
0 0.982966 0.867814 0.034069 0.027439
0 0.08027 0.860409 0.005147 0.016115
0 0.467157 0.854965 0.006863 0.011324
0 0.564706 0.856707 0.007843 0.015679
0 0.278922 0.870645 0.034314 0.043554
0 0.543995 0.854312 0.009069 0.014373
0 0.445833 0.857361 0.017157 0.021341
0 0.507475 0.848868 0.006618 0.010453
0 0.930392 0.851045 0.009314 0.017422
0 0.417279 0.84669 0.006618 0.008711
0 0.978064 0.85257 0.033088 0.024826
0 0.825245 0.851699 0.045098 0.027439
0 0.121936 0.842117 0.006127 0.015244
0 0.084436 0.843206 0.006127 0.017422
0 0.945956 0.838197 0.014951 0.013502
0 0.406495 0.842117 0.034559 0.021341
0 0.154779 0.83885 0.014461 0.015679
0 0.852206 0.836019 0.008333 0.01176
0 0.278431 0.838415 0.006373 0.019164
0 0.293015 0.840157 0.018382 0.02439
0 0.136642 0.832535 0.009069 0.014373
0 0.396569 0.829051 0.010294 0.010017
0 0.979044 0.831228 0.010049 0.016986
0 0.967034 0.83297 0.007108 0.022213
0 0.85723 0.827091 0.008578 0.010453
0 0.527328 0.832753 0.006618 0.022648
0 0.741667 0.827526 0.008824 0.013937
0 0.773652 0.828397 0.03799 0.018293
0 0.358456 0.828833 0.030637 0.019164
0 0.507966 0.827091 0.006127 0.017422
0 0.409436 0.823389 0.009069 0.015244
0 0.317279 0.82426 0.026716 0.019599
0 0.709069 0.820993 0.007843 0.014808
0 0.378676 0.82426 0.006863 0.021341
0 0.337377 0.824913 0.011029 0.023519
0 0.279902 0.817726 0.006863 0.01176
0 0.110907 0.816855 0.008088 0.010017
0 0.447672 0.82034 0.01348 0.017857
0 0.149265 0.818815 0.007353 0.014808
0 0.055392 0.828397 0.020588 0.036585
0 0.902328 0.812718 0.01299 0.013937
0 0.092157 0.817509 0.014216 0.023519
0 0.078554 0.814024 0.008088 0.017422
0 0.396201 0.812064 0.007108 0.014373
0 0.222181 0.814895 0.015441 0.023519
0 0.718873 0.809887 0.014216 0.014373
0 0.260662 0.825131 0.023775 0.046603
0 0.881863 0.805531 0.010784 0.008275
0 0.522549 0.805749 0.008824 0.013937
0 0.369608 0.804878 0.007843 0.014808
0 0.788358 0.809887 0.032108 0.025697
0 0.049755 0.807056 0.012745 0.022648
0 0.328431 0.799869 0.005882 0.016115
0 0.418873 0.798127 0.006373 0.016115
0 0.199387 0.80074 0.0125 0.021341
0 0.15625 0.79007 0.006618 0.009582
0 0.068873 0.79007 0.004902 0.010453
0 0.787623 0.787021 0.008088 0.006969
0 0.179779 0.796167 0.019363 0.027003
0 0.654534 0.786368 0.008578 0.008275
0 0.391544 0.787892 0.007598 0.013937
0 0.229412 0.783319 0.013725 0.012631
0 0.431863 0.782883 0.006373 0.014373
0 0.85674 0.779399 0.007108 0.009146
0 0.865441 0.779617 0.004902 0.014808
0 0.166422 0.77243 0.007843 0.01176
0 0.006127 0.772213 0.008333 0.013937
0 0.179167 0.767639 0.011765 0.014373
0 0.948407 0.764155 0.015441 0.012631
0 0.069853 0.764591 0.011275 0.013502
0 0.885294 0.878049 0.163725 0.243902
0 0.929044 0.76176 0.017892 0.017422
0 0.745221 0.761106 0.014951 0.019599
0 0.016667 0.760017 0.005882 0.018293
0 0.720466 0.758493 0.022304 0.016115
0 0.759926 0.756098 0.013971 0.012195
0 0.821324 0.752831 0.004902 0.016115
0 0.806618 0.749347 0.012255 0.010017
0 0.210907 0.753484 0.01201 0.020035
0 0.161397 0.750871 0.007598 0.020035
0 0.240319 0.743902 0.007108 0.011324
0 0.036275 0.747605 0.026961 0.023955
0 0.888113 0.750436 0.039951 0.033101
0 0.772059 0.738894 0.006863 0.013502
0 0.2 0.734321 0.013235 0.013066
0 0.656373 0.724303 0.008333 0.010453
0 0.954902 0.723432 0.019608 0.012195
0 0.878186 0.720601 0.017647 0.017857
0 0.766789 0.714068 0.007598 0.012631
0 0.853431 0.713632 0.027941 0.019599
0 0.85625 0.701002 0.008088 0.007404
0 0.826716 0.698389 0.009804 0.01176
0 0.839338 0.692073 0.01299 0.006969
0 0.900368 0.692073 0.008578 0.008711
0 0.874142 0.698389 0.027206 0.022213
0 0.202941 0.688153 0.004902 0.008711
0 0.795956 0.690767 0.010049 0.015679
0 0.186887 0.68946 0.008578 0.013066
0 0.78125 0.691638 0.009069 0.020906
0 0.864093 0.682491 0.01299 0.006098
0 0.688848 0.684233 0.011029 0.019164
0 0.847181 0.676394 0.01152 0.023519
0 0.996446 0.666812 0.007108 0.008711
0 0.816789 0.660279 0.009069 0.010453
0 0.86973 0.658537 0.005147 0.017422
0 0.787745 0.663328 0.030392 0.038328
0 0.796936 0.627178 0.008578 0.00784
0 0.788971 0.628267 0.016176 0.027439
0 0.772917 0.620862 0.01348 0.02047
0 0.927574 0.611934 0.008088 0.00784
0 0.786275 0.609103 0.012745 0.006533
0 0.755025 0.604965 0.014951 0.021777
0 0.931985 0.60061 0.014951 0.017422
0 0.746936 0.596908 0.01201 0.023955
0 0.723529 0.606054 0.015686 0.044861
0 0.714093 0.580139 0.006618 0.010453
0 0.745098 0.579051 0.011765 0.010889
0 0.89424 0.573171 0.006127 0.011324
0 0.762868 0.566638 0.009069 0.019164
0 0.74902 0.567726 0.02451 0.029181
0 0.718627 0.55858 0.010784 0.010889
0 0.7875 0.565549 0.040686 0.035279
0 0.878309 0.521341 0.007598 0.009582
0 0.658824 0.491507 0.016176 0.021341
0 0.756495 0.457535 0.006618 0.010889
0 0.634436 0.432274 0.0125 0.014373
0 0.574265 0.414199 0.014216 0.011324
0 0.731863 0.410279 0.012745 0.006969
0 0.588848 0.41115 0.007108 0.008711
0 0.676716 0.399826 0.018137 0.030488
0 0.570956 0.388502 0.011029 0.012195
0 0.533701 0.391768 0.018873 0.023955
0 0.560172 0.388066 0.008088 0.020035
0 0.877574 0.367378 0.01201 0.007404
0 0.126716 0.341028 0.011275 0.006969
0 0.586887 0.342552 0.016422 0.024826
0 0.874142 0.329486 0.005147 0.03615
0 0.063113 0.310105 0.006618 0.009582
0 0.917157 0.336455 0.012255 0.070993
0 0.617892 0.303354 0.017157 0.029181
0 0.048529 0.295732 0.012745 0.020906
0 0.018137 0.284408 0.007843 0.013937
0 0.917647 0.286585 0.008333 0.021777
0 0.886152 0.295732 0.011029 0.091463
