0 0.84251 0.978505 0.032242 0.011243
0 0.706721 0.925265 0.007192 0.008598
0 0.758681 0.912698 0.02877 0.009259
0 0.486979 0.883763 0.011161 0.00496
0 0.545387 0.883102 0.010417 0.005622
0 0.606399 0.876653 0.012401 0.003968
0 0.567212 0.874339 0.048115 0.016534
0 0.203001 0.865906 0.016617 0.016865
0 0.192336 0.840608 0.007688 0.007937
0 0.955853 0.835152 0.005952 0.007606
0 0.952629 0.862434 0.094742 0.066799
0 0.813864 0.806382 0.023065 0.017526
0 0.001612 0.802083 0.003224 0.013558
0 0.866567 0.811508 0.100694 0.058862
0 0.861359 0.769015 0.00744 0.007606
0 0.400546 0.741567 0.00496 0.006283
0 0.427083 0.757771 0.040179 0.039352
0 0.432292 0.730324 0.022817 0.008267
0 0.91059 0.750331 0.056796 0.066799
0 0.393601 0.715278 0.017361 0.007275
0 0.465402 0.714782 0.0062 0.011574
0 0.826637 0.719081 0.012897 0.031415
0 0.53063 0.705688 0.006696 0.010582
0 0.543279 0.705522 0.008681 0.012235
0 0.717138 0.703704 0.013145 0.011243
0 0.691096 0.714782 0.020089 0.035384
0 0.708085 0.689649 0.006448 0.013558
0 0.823041 0.684524 0.007688 0.017857
0 0.119296 0.67543 0.027282 0.008929
0 0.731771 0.675099 0.004712 0.011574
0 0.237475 0.666501 0.004712 0.008929
0 0.016245 0.666501 0.03249 0.014881
0 0.678943 0.663856 0.008681 0.033399
0 0.651166 0.650794 0.004216 0.012566
0 0.96131 0.649802 0.011409 0.024471
0 0.143353 0.653439 0.02629 0.032407
0 0.201761 0.638558 0.005704 0.01455
0 0.611607 0.634755 0.006448 0.021495
0 0.608259 0.615079 0.009673 0.011243
0 0.630704 0.610615 0.015873 0.012235
0 0.005456 0.621858 0.010913 0.035384
0 0.862847 0.606481 0.004464 0.009259
0 0.149926 0.610284 0.029018 0.04332
0 0.076513 0.593419 0.013145 0.00959
0 0.860243 0.594411 0.009177 0.013558
0 0.9969 0.597388 0.0062 0.026786
0 0.032242 0.586475 0.014385 0.008929
0 0.012401 0.584987 0.009425 0.006614
0 0.046503 0.585979 0.004712 0.011243
0 0.083953 0.622189 0.097966 0.084987
0 0.240575 0.570602 0.00496 0.017526
0 0.985491 0.564484 0.008185 0.010582
0 0.937128 0.563823 0.009673 0.015873
0 0.862847 0.564319 0.011905 0.022156
0 0.607887 0.560185 0.006448 0.01455
0 0.108135 0.555225 0.012897 0.012566
0 0.985491 0.551091 0.007688 0.008929
0 0.637401 0.549272 0.009425 0.006614
0 0.926463 0.549934 0.005704 0.015212
0 0.766865 0.547123 0.016369 0.016865
0 0.802951 0.544147 0.015129 0.011574
0 0.780382 0.541997 0.006696 0.007937
0 0.581225 0.542328 0.011657 0.013228
0 0.864459 0.541667 0.012649 0.017196
0 0.995908 0.542824 0.008185 0.02877
0 0.988715 0.51918 0.007192 0.006614
0 0.560392 0.527778 0.011161 0.024471
0 0.75682 0.522156 0.018105 0.024471
0 0.59189 0.516204 0.012649 0.01455
0 0.239583 0.514881 0.007937 0.02381
0 0.603919 0.50496 0.005456 0.012566
0 0.620164 0.503803 0.007192 0.012235
0 0.991443 0.502646 0.017113 0.023148
0 0.802579 0.494544 0.006448 0.00959
0 0.423983 0.49752 0.003224 0.019511
0 0.608755 0.49289 0.010665 0.015542
0 0.590774 0.490079 0.009425 0.011243
0 0.962054 0.49537 0.028274 0.03373
0 0.240079 0.488757 0.007937 0.023148
0 0.743428 0.480324 0.004712 0.014881
0 0.992932 0.478836 0.011161 0.01918
0 0.798487 0.473214 0.013641 0.011905
0 0.226438 0.475529 0.00496 0.020503
0 0.423859 0.472553 0.002976 0.017857
0 0.236483 0.469577 0.011161 0.016534
0 0.74814 0.466601 0.015129 0.013889
0 0.712178 0.474041 0.013641 0.030093
0 0.439608 0.466931 0.003224 0.01918
0 0.949033 0.465608 0.017609 0.021825
0 0.976687 0.458003 0.00744 0.009259
0 0.823661 0.465278 0.023313 0.029101
0 0.792907 0.505126 0.085813 0.110119
0 0.838294 0.459325 0.015873 0.01918
0 0.399678 0.454861 0.006696 0.015542
0 0.96937 0.448082 0.005704 0.009921
0 0.526662 0.450562 0.019593 0.015542
0 0.716394 0.444279 0.020089 0.028108
0 0.905506 0.432044 0.008929 0.014881
0 0.887029 0.429067 0.011657 0.013558
0 0.909598 0.443948 0.032986 0.043981
0 0.394221 0.425761 0.007192 0.007606
0 0.463046 0.424438 0.006944 0.008267
0 0.747396 0.424934 0.009673 0.015873
0 0.937128 0.426587 0.013145 0.023148
0 0.513269 0.418651 0.011161 0.009259
0 0.363095 0.416832 0.010913 0.00959
0 0.447421 0.410218 0.011905 0.006283
0 0.631944 0.409722 0.008433 0.007275
0 0.984003 0.405589 0.004712 0.010251
0 0.948289 0.406911 0.009177 0.012897
0 0.770089 0.411706 0.011905 0.022487
0 0.797495 0.415013 0.031498 0.033069
0 0.639137 0.399636 0.005456 0.010913
0 0.181548 0.398975 0.008433 0.011574
0 0.667411 0.395999 0.007937 0.008267
0 0.807912 0.392196 0.007192 0.009259
0 0.821057 0.40625 0.040923 0.043981
0 0.966146 0.393519 0.021081 0.020503
0 0.668899 0.387235 0.012897 0.007937
0 0.763393 0.387897 0.005456 0.009921
0 0.918651 0.396825 0.03621 0.03373
0 0.529762 0.373512 0.008929 0.006283
0 0.911582 0.373843 0.009177 0.007606
0 0.75062 0.372851 0.004712 0.008929
0 0.771329 0.377976 0.013393 0.020503
0 0.84313 0.375496 0.005704 0.016865
0 0.888889 0.368221 0.011409 0.012897
0 0.918775 0.357308 0.010665 0.018188
0 0.823909 0.346726 0.00744 0.008929
0 0.786334 0.362434 0.019097 0.044312
0 0.99504 0.342758 0.009921 0.018188
0 0.890997 0.337798 0.0062 0.013558
0 0.90563 0.333664 0.009673 0.008598
0 0.856027 0.333333 0.006696 0.010582
0 0.627232 0.333829 0.011409 0.016865
0 0.774554 0.32672 0.00744 0.009259
0 0.619916 0.318783 0.011161 0.008598
0 0.765625 0.312335 0.007937 0.008267
0 0.607019 0.311839 0.008681 0.01455
0 0.798239 0.323743 0.024058 0.041667
0 0.90253 0.311012 0.012897 0.018849
0 0.831473 0.29828 0.008185 0.012566
0 0.090774 0.296627 0.00496 0.009259
0 0.939732 0.335813 0.044643 0.091601
0 0.932664 0.288525 0.006696 0.008929
0 0.121652 0.282738 0.005208 0.008598
0 0.68502 0.256614 0.006944 0.013228
0 0.368304 0.253638 0.008929 0.007275
0 0.042163 0.252315 0.009425 0.00463
0 0.008557 0.255126 0.008681 0.010251
