0 0.997148 0.954365 0.005704 0.013228
0 0.975198 0.956349 0.003472 0.023148
0 0.992063 0.911045 0.015873 0.022487
0 0.984499 0.886905 0.011657 0.009259
0 0.993552 0.80506 0.008929 0.051257
0 0.998016 0.7667 0.003968 0.017526
0 0.1844 0.589616 0.023562 0.007937
0 0.081845 0.584987 0.00496 0.009921
0 0.12252 0.577546 0.00744 0.008929
0 0.332217 0.534392 0.036458 0.030423
0 0.21441 0.533399 0.055308 0.039021
0 0.081969 0.530258 0.010665 0.041997
0 0.138765 0.511243 0.005704 0.013889
0 0.38244 0.505952 0.010913 0.013889
0 0.718006 0.499669 0.009425 0.00463
0 0.111979 0.517857 0.033978 0.04828
0 0.648562 0.494213 0.008433 0.014881
0 0.377232 0.494544 0.021329 0.034061
0 0.31126 0.492063 0.015377 0.030423
0 0.622024 0.481978 0.005952 0.010913
0 0.129092 0.483135 0.013641 0.01455
0 0.426339 0.482308 0.011905 0.01422
0 0.564112 0.479167 0.007688 0.008598
0 0.857267 0.474206 0.005208 0.009259
0 0.140997 0.468915 0.005704 0.011905
0 0.161706 0.492394 0.035218 0.065476
0 0.835938 0.461144 0.004712 0.011574
0 0.467634 0.457176 0.008185 0.00959
0 0.586434 0.456019 0.008681 0.009259
0 0.559524 0.461971 0.023313 0.02381
0 0.675471 0.453042 0.013641 0.023148
0 0.652654 0.462963 0.021081 0.043651
0 0.610119 0.460317 0.017361 0.043651
0 0.644469 0.440476 0.005704 0.012566
0 0.476562 0.4375 0.012153 0.021825
0 0.530878 0.423446 0.017113 0.010251
0 0.619296 0.42328 0.011409 0.011905
0 0.924603 0.4208 0.00744 0.008929
0 0.105903 0.416832 0.006448 0.008267
0 0.608011 0.421792 0.016121 0.026786
0 0.992436 0.421131 0.015129 0.026124
0 0.546379 0.41336 0.008929 0.011243
0 0.848586 0.411872 0.012153 0.027447
0 0.090402 0.416997 0.046379 0.042328
0 0.868304 0.399636 0.010417 0.010251
0 0.665179 0.409226 0.020337 0.045304
0 0.077629 0.388724 0.008433 0.006283
0 0.635045 0.429398 0.033978 0.092262
0 0.68192 0.387897 0.008681 0.016534
0 0.875496 0.376819 0.005456 0.010251
0 0.042535 0.371362 0.009177 0.009259
0 0.022445 0.371032 0.005208 0.009921
0 0.902158 0.386739 0.044891 0.044643
0 0.033482 0.366237 0.011409 0.011574
0 0.178075 0.383433 0.020833 0.053241
0 0.90005 0.352348 0.011905 0.007606
0 0.18874 0.346726 0.008929 0.008267
0 0.030382 0.332011 0.008681 0.006614
0 0.915427 0.336144 0.018353 0.018849
0 0.15067 0.329365 0.006696 0.009259
0 0.984871 0.333664 0.027778 0.026455
0 0.197545 0.308862 0.003224 0.013889
