0 0.792783 0.984623 0.02753 0.011574
0 0.276538 0.973876 0.009425 0.005291
0 0.245164 0.969742 0.008681 0.011574
0 0.073785 0.964286 0.015625 0.011905
0 0.173363 0.968915 0.042163 0.035053
0 0.141121 0.966601 0.08879 0.066799
0 0.011409 0.937665 0.006944 0.008929
0 0.362351 0.928571 0.009921 0.005952
0 0.333705 0.927745 0.023562 0.008267
0 0.170759 0.92543 0.006696 0.00959
0 0.079365 0.933366 0.044643 0.029431
0 0.123264 0.916832 0.007937 0.007606
0 0.232763 0.918981 0.014137 0.017196
0 0.144593 0.90377 0.018849 0.012566
0 0.315228 0.90625 0.032242 0.027447
0 0.3719 0.910218 0.057788 0.036706
0 0.312872 0.886739 0.030506 0.016865
0 0.306548 0.836144 0.003968 0.00959
0 0.341766 0.832176 0.02629 0.016204
0 0.005332 0.811012 0.010665 0.006283
0 0.103547 0.79795 0.011657 0.003968
0 0.169767 0.794643 0.007192 0.005291
0 0.195437 0.803902 0.044643 0.028439
0 0.273438 0.791005 0.005208 0.009259
0 0.332961 0.79547 0.034474 0.020833
0 0.149058 0.794147 0.022321 0.020172
0 0.922619 0.786045 0.010417 0.010582
0 0.173611 0.78125 0.015873 0.011574
0 0.972098 0.773313 0.008185 0.00496
0 0.307664 0.773148 0.076637 0.033069
0 0.925471 0.759094 0.011657 0.007606
0 0.941592 0.75711 0.013641 0.005622
0 0.248512 0.758763 0.019345 0.00959
0 0.203125 0.758763 0.005952 0.00959
0 0.156126 0.747024 0.012649 0.011905
0 0.878472 0.753142 0.029762 0.029431
0 0.02877 0.743221 0.003968 0.00959
0 0.947669 0.751653 0.074405 0.035714
0 0.320188 0.741733 0.022321 0.021164
0 0.633557 0.731481 0.013641 0.007937
0 0.936632 0.728836 0.022073 0.008598
0 0.37066 0.719577 0.016617 0.005952
0 0.198537 0.736276 0.035466 0.043981
0 0.554688 0.715939 0.011657 0.007275
0 0.442336 0.717758 0.019097 0.012235
0 0.983259 0.712963 0.014137 0.005952
0 0.166047 0.733135 0.028522 0.046296
0 0.421875 0.705522 0.010913 0.003638
0 0.586062 0.706184 0.009921 0.005622
0 0.390625 0.703373 0.010417 0.003968
0 0.620288 0.705357 0.005456 0.010582
0 0.633309 0.705853 0.016617 0.018849
0 0.482019 0.699735 0.016617 0.007275
0 0.970486 0.698413 0.010913 0.007275
0 0.168403 0.702216 0.007937 0.017526
0 0.793155 0.692295 0.00744 0.010251
0 0.135169 0.70205 0.012401 0.035053
0 0.582589 0.690311 0.02629 0.012235
0 0.636533 0.684193 0.013145 0.008598
0 0.548115 0.697586 0.039683 0.036045
0 0.28311 0.683862 0.007688 0.008598
0 0.274802 0.683036 0.007937 0.011574
0 0.603423 0.679894 0.013393 0.007937
0 0.730531 0.686012 0.027034 0.040675
0 0.597842 0.6708 0.006696 0.010251
0 0.990947 0.669808 0.018105 0.011574
0 0.129588 0.659722 0.010169 0.012566
0 0.721602 0.65377 0.008681 0.01455
0 0.931052 0.667328 0.044147 0.052249
0 0.227679 0.642526 0.015873 0.011905
0 0.103919 0.633598 0.026786 0.007275
0 0.66307 0.656911 0.035466 0.061839
0 0.616319 0.638393 0.051587 0.052579
0 0.702257 0.617725 0.005208 0.026455
0 0.896453 0.613757 0.00372 0.019841
0 0.961186 0.60334 0.008681 0.005622
0 0.547371 0.641038 0.061508 0.084987
0 0.617188 0.601025 0.00372 0.015542
0 0.575893 0.59127 0.005456 0.012566
0 0.615451 0.586475 0.011161 0.010251
0 0.665427 0.603175 0.06498 0.06746
0 0.603175 0.574405 0.009425 0.017196
0 0.581101 0.575231 0.011905 0.020833
0 0.613839 0.567295 0.007937 0.010251
0 0.047247 0.576389 0.010169 0.033069
0 0.56126 0.566634 0.030754 0.020172
0 0.654762 0.559854 0.014385 0.011243
0 0.928199 0.560185 0.008681 0.013889
0 0.31126 0.558532 0.007937 0.012566
0 0.392485 0.563823 0.013145 0.02381
0 0.173115 0.554398 0.015377 0.008267
0 0.371528 0.558697 0.022321 0.020833
0 0.409102 0.552083 0.014137 0.008929
0 0.582713 0.552745 0.010169 0.018188
0 0.850198 0.542989 0.009921 0.006614
0 0.186384 0.543981 0.0062 0.008598
0 0.347842 0.551422 0.022569 0.024802
0 0.598834 0.541005 0.011161 0.01455
0 0.392857 0.541667 0.00744 0.017196
0 0.526786 0.537864 0.014881 0.010251
0 0.312748 0.533234 0.011409 0.007606
0 0.890005 0.530589 0.049851 0.020833
0 0.59933 0.52629 0.012153 0.013558
0 0.282366 0.520172 0.011161 0.005952
0 0.872644 0.520337 0.022073 0.010913
0 0.330977 0.532242 0.022569 0.035384
0 0.893601 0.515377 0.015873 0.00959
0 0.245412 0.514716 0.006696 0.008267
0 0.252356 0.521991 0.005704 0.024802
0 0.624504 0.536541 0.024802 0.059193
0 0.075521 0.522983 0.014633 0.035384
0 0.363839 0.511905 0.019841 0.015212
0 0.274058 0.508763 0.022321 0.012235
0 0.051711 0.524306 0.010665 0.04332
0 0.876612 0.50711 0.007688 0.010913
0 0.91121 0.507275 0.005952 0.011905
0 0.487227 0.511243 0.015625 0.022487
0 0.6188 0.502149 0.009921 0.006283
0 0.894841 0.501819 0.012897 0.011574
0 0.559896 0.496528 0.007688 0.008267
0 0.590402 0.496197 0.005208 0.010913
0 0.183904 0.489914 0.007688 0.005622
0 0.511781 0.491567 0.011161 0.013558
0 0.419767 0.496362 0.016617 0.027116
0 0.240079 0.489583 0.028274 0.020833
0 0.314608 0.500827 0.076637 0.044643
0 0.482267 0.483631 0.004712 0.013558
0 0.227679 0.478175 0.008433 0.009921
0 0.635293 0.477844 0.006696 0.009921
0 0.840526 0.472057 0.011409 0.00496
0 0.347594 0.481481 0.036954 0.025794
0 0.655134 0.467097 0.016121 0.011574
0 0.361855 0.456349 0.006944 0.009921
0 0.351438 0.452216 0.007937 0.010251
0 0.413194 0.455192 0.011409 0.018188
0 0.270337 0.457011 0.012401 0.022487
0 0.868056 0.457011 0.042163 0.025132
0 0.08941 0.441964 0.008681 0.005622
0 0.334945 0.425595 0.025546 0.022487
0 0.835441 0.424107 0.024058 0.033399
0 0.306176 0.414021 0.012153 0.017196
0 0.335193 0.408565 0.022569 0.020833
0 0.348586 0.400463 0.009177 0.005952
0 0.412326 0.404927 0.013145 0.022156
0 0.293651 0.400463 0.017361 0.017857
0 0.208333 0.376819 0.011905 0.00959
0 0.814112 0.355655 0.009177 0.015542
0 0.705977 0.354497 0.012649 0.01455
0 0.199653 0.349868 0.013393 0.012566
0 0.008681 0.327546 0.017361 0.012235
0 0.219494 0.32457 0.017361 0.018188
0 0.003968 0.307374 0.007937 0.008929
0 0.980283 0.324239 0.039435 0.051918
0 0.936508 0.309193 0.031746 0.025794
0 0.953497 0.313657 0.093006 0.071098
0 0.932788 0.28588 0.013889 0.022817
0 0.967014 0.285384 0.02877 0.023148
0 0.291543 0.27381 0.011657 0.005291
0 0.24938 0.273644 0.0062 0.00959
0 0.261905 0.274802 0.004464 0.013228
0 0.993304 0.26422 0.013393 0.011905
0 0.4344 0.275959 0.054315 0.042659
0 0.973586 0.257606 0.011161 0.015212
0 0.951513 0.266534 0.027034 0.033069
0 0.928695 0.261905 0.018601 0.02381
0 0.8812 0.292989 0.059028 0.085979
0 0.831473 0.265046 0.023065 0.030093
0 0.804563 0.25959 0.003968 0.01918
0 0.299975 0.25463 0.012153 0.009259
