0 0.028922 0.995645 0.017647 0.008711
0 0.251103 0.994556 0.011029 0.010889
0 0.132598 0.993685 0.021078 0.012631
0 0.389093 0.986934 0.007598 0.015679
0 0.301348 0.984321 0.007108 0.011324
0 0.108333 0.981272 0.008824 0.013066
0 0.123775 0.979312 0.007353 0.010889
0 0.160907 0.986498 0.029167 0.027003
0 0.37451 0.980836 0.011765 0.025261
0 0.143505 0.975828 0.01299 0.015244
0 0.403554 0.982578 0.015931 0.034843
0 0.445956 0.968859 0.008578 0.008275
0 0.155392 0.966899 0.010294 0.00784
0 0.429534 0.960584 0.009559 0.019599
0 0.354044 0.942944 0.006127 0.00784
0 0.434191 0.930749 0.015441 0.017422
0 0.444118 0.906359 0.008333 0.009582
0 0.492279 0.904181 0.008088 0.013066
0 0.351716 0.895906 0.005882 0.015679
0 0.48027 0.883275 0.023775 0.058362
0 0.41924 0.865854 0.050735 0.030488
0 0.458824 0.859321 0.007353 0.018293
0 0.347426 0.849521 0.019363 0.016115
0 0.476471 0.842988 0.005882 0.013502
0 0.652941 0.832753 0.010784 0.009582
0 0.997549 0.800087 0.004902 0.009582
0 0.927941 0.797692 0.004412 0.023084
0 0.501593 0.795078 0.011029 0.023084
0 0.517034 0.789634 0.006618 0.018293
0 0.344485 0.789199 0.008578 0.017422
0 0.657966 0.787021 0.017892 0.015679
0 0.335294 0.782012 0.005882 0.009146
0 0.635784 0.779834 0.015196 0.014373
0 0.829534 0.771341 0.0125 0.013937
0 0.929412 0.77439 0.010784 0.022648
0 0.845466 0.765462 0.008578 0.009146
0 0.703309 0.764591 0.01299 0.012631
0 0.498039 0.76176 0.008824 0.012195
0 0.749265 0.777439 0.039706 0.047038
0 0.616912 0.756969 0.010784 0.009582
0 0.641176 0.756751 0.007843 0.015244
0 0.861887 0.756751 0.003676 0.016115
0 0.852083 0.749347 0.009069 0.010889
0 0.609804 0.75 0.005392 0.013066
0 0.747672 0.749129 0.01201 0.012195
0 0.965931 0.768075 0.015686 0.053571
0 0.367157 0.761977 0.062745 0.045732
0 0.735539 0.743249 0.011765 0.009146
0 0.056005 0.746298 0.006127 0.016115
0 0.832475 0.741507 0.007108 0.016986
0 0.575 0.741725 0.015686 0.020035
0 0.765441 0.733232 0.014706 0.016986
0 0.594608 0.732143 0.007353 0.015679
0 0.584804 0.726045 0.008333 0.014808
0 0.060907 0.707317 0.006618 0.008711
0 0.264216 0.646777 0.006373 0.02439
0 0.35527 0.609538 0.009559 0.016115
0 0.359804 0.595819 0.005882 0.016551
0 0.161397 0.592988 0.017402 0.010889
0 0.22402 0.585148 0.008824 0.017857
0 0.177206 0.567291 0.006373 0.017857
0 0.303064 0.560976 0.009559 0.010453
0 0.261029 0.54007 0.008824 0.009582
0 0.281985 0.545078 0.023284 0.053571
0 0.020343 0.514373 0.007353 0.013937
0 0.871569 0.485192 0.003922 0.020906
0 0.220588 0.46777 0.006863 0.015679
0 0.071936 0.504355 0.078186 0.106272
0 0.988113 0.447953 0.023775 0.022213
0 0.899265 0.437936 0.009804 0.012631
0 0.39277 0.434451 0.01348 0.007404
0 0.042279 0.43162 0.015441 0.012195
0 0.952206 0.429225 0.007843 0.008275
0 0.16299 0.490636 0.075 0.13284
0 0.985784 0.417901 0.017647 0.009146
0 0.998039 0.418118 0.003922 0.016551
0 0.675123 0.408537 0.01348 0.016551
0 0.042402 0.40527 0.009804 0.016986
0 0.191789 0.413545 0.017892 0.041376
0 0.036642 0.385453 0.009069 0.017422
0 0.386275 0.384146 0.014706 0.017422
0 0.922672 0.392422 0.053676 0.039199
0 0.100735 0.398301 0.034804 0.057927
0 0.772672 0.366507 0.01299 0.006533
0 0.897426 0.370645 0.01348 0.020906
0 0.38848 0.360627 0.007353 0.006969
0 0.305147 0.359321 0.060784 0.02439
0 0.340196 0.360192 0.007843 0.027875
0 0.125613 0.368031 0.01152 0.067944
0 0.335172 0.334713 0.021324 0.010889
0 0.318015 0.322735 0.014461 0.005226
0 0.301348 0.327308 0.007598 0.016115
0 0.414951 0.310758 0.007353 0.013502
0 0.387623 0.323606 0.01299 0.043554
0 0.371569 0.319904 0.015196 0.039634
0 0.218627 0.300087 0.005392 0.008711
0 0.325123 0.301176 0.049755 0.017857
0 0.98223 0.292465 0.008578 0.009146
0 0.822917 0.293772 0.0125 0.015244
0 0.424755 0.287674 0.016176 0.006533
0 0.971324 0.28419 0.006863 0.008275
0 0.367892 0.290941 0.021569 0.04007
0 0.277574 0.271559 0.01152 0.006533
0 0.775 0.300523 0.052941 0.081882
0 0.21777 0.271341 0.006127 0.025261
0 0.974877 0.269382 0.0125 0.023084
0 0.403186 0.295296 0.022549 0.074913
0 0.697304 0.263284 0.007353 0.013502
0 0.417034 0.267857 0.031618 0.035714
0 0.359069 0.25784 0.003922 0.015679
0 0.341422 0.262848 0.021078 0.025697
0 0.190074 0.352352 0.052206 0.204704
