0 0.592634 0.996858 0.012153 0.006283
0 0.969742 0.992394 0.028274 0.015212
0 0.576513 0.958499 0.011657 0.020172
0 0.002852 0.908896 0.005704 0.007606
0 0.997024 0.909061 0.005952 0.009259
0 0.558532 0.893022 0.011905 0.007606
0 0.025546 0.875661 0.005456 0.007275
0 0.009673 0.874504 0.019345 0.018188
0 0.986235 0.872851 0.018105 0.017526
0 0.035342 0.866237 0.0062 0.006283
0 0.993924 0.865741 0.012153 0.010582
0 0.003844 0.8583 0.007688 0.011574
0 0.990203 0.853505 0.019593 0.009259
0 0.017237 0.849868 0.009177 0.007275
0 0.026538 0.842427 0.009425 0.016204
0 0.005952 0.834821 0.007937 0.006944
0 0.063368 0.840278 0.022569 0.027116
0 0.83879 0.828208 0.00496 0.013558
0 0.024926 0.82672 0.019097 0.015873
0 0.834821 0.813492 0.00496 0.007937
0 0.046255 0.814153 0.024554 0.018519
0 0.074033 0.801918 0.004712 0.009921
0 0.004092 0.792824 0.008185 0.00959
0 0.046255 0.789021 0.013145 0.007275
0 0.016369 0.784722 0.005456 0.007937
0 0.06064 0.787037 0.008681 0.017196
0 0.005828 0.781415 0.011657 0.009259
0 0.073413 0.785714 0.015377 0.01918
0 0.069816 0.776124 0.005208 0.009921
0 0.105655 0.778604 0.016865 0.021495
0 0.08817 0.772817 0.006696 0.011243
0 0.022569 0.770999 0.009425 0.015542
0 0.09499 0.765046 0.005456 0.011574
0 0.035094 0.759755 0.005704 0.00959
0 0.091022 0.758929 0.012897 0.010582
0 0.0031 0.760251 0.0062 0.015873
0 0.129216 0.755126 0.006448 0.006283
0 0.053571 0.754464 0.009921 0.01422
0 0.017857 0.755622 0.021825 0.017857
0 0.101314 0.750331 0.005704 0.007937
0 0.06436 0.749669 0.010665 0.009259
0 0.018973 0.743717 0.004712 0.007275
0 0.12686 0.741567 0.005208 0.008929
0 0.198413 0.738757 0.007937 0.009921
0 0.092138 0.740575 0.007192 0.01422
0 0.111855 0.744709 0.024802 0.026455
0 0.856523 0.758763 0.012153 0.055886
0 0.080605 0.734954 0.006944 0.010251
0 0.003472 0.731316 0.006944 0.007606
0 0.521453 0.735119 0.010665 0.017196
0 0.048735 0.733796 0.035466 0.017196
0 0.013517 0.729497 0.008185 0.011905
0 0.027778 0.732804 0.005952 0.01918
0 0.476687 0.722718 0.011409 0.007606
0 0.072049 0.717262 0.006696 0.007937
0 0.007937 0.71412 0.015873 0.012235
0 0.055432 0.714947 0.006696 0.015212
0 0.855531 0.715278 0.012649 0.018519
0 0.201265 0.710979 0.016121 0.01455
0 0.085565 0.71412 0.015873 0.020833
0 0.15129 0.707341 0.010417 0.011905
0 0.133185 0.708168 0.02381 0.021495
0 0.189236 0.700066 0.010417 0.009259
0 0.076885 0.701389 0.006944 0.011905
0 0.102431 0.697586 0.005456 0.010251
0 0.065104 0.700562 0.016121 0.020833
0 0.021701 0.694114 0.009177 0.007937
0 0.040427 0.708995 0.021825 0.03836
0 0.088666 0.690146 0.017113 0.010582
0 0.153026 0.690972 0.011905 0.014881
0 0.104291 0.686177 0.009177 0.009259
0 0.157738 0.684358 0.010417 0.008929
0 0.118056 0.690311 0.013393 0.021495
0 0.05506 0.684358 0.007937 0.00959
0 0.85119 0.682374 0.008929 0.016204
0 0.081721 0.676422 0.005208 0.007606
0 0.861359 0.681713 0.005952 0.022817
0 0.105407 0.673776 0.012401 0.008929
0 0.130084 0.67543 0.03001 0.018188
0 0.758061 0.669643 0.006696 0.007937
0 0.097098 0.664352 0.010665 0.009921
0 0.071677 0.668485 0.029762 0.018849
0 0.201637 0.665509 0.018353 0.018188
0 0.757937 0.653108 0.009425 0.007937
0 0.100818 0.65377 0.009177 0.012566
0 0.204861 0.641369 0.006944 0.006283
0 0.023934 0.64418 0.008185 0.013228
0 0.798983 0.642361 0.009673 0.017526
0 0.121652 0.63922 0.014633 0.013228
0 0.063492 0.635913 0.012401 0.009259
0 0.737475 0.637235 0.014633 0.016534
0 0.054439 0.631118 0.009177 0.006944
0 0.091394 0.635086 0.041419 0.018849
0 0.071057 0.626819 0.010169 0.007606
0 0.780754 0.63459 0.026786 0.028439
0 0.484871 0.616733 0.009425 0.008598
0 0.040799 0.604828 0.011161 0.010582
0 0.065352 0.602844 0.009673 0.013228
0 0.477803 0.599702 0.007192 0.008267
0 0.054563 0.602348 0.011905 0.017526
0 0.004712 0.585979 0.009425 0.010582
0 0.463418 0.534392 0.011657 0.011905
0 0.487475 0.505787 0.006696 0.008267
0 0.995536 0.494048 0.006448 0.03373
0 0.495908 0.475694 0.010169 0.00496
0 0.583705 0.483962 0.012153 0.030754
0 0.558904 0.475198 0.00372 0.01455
0 0.489459 0.467097 0.008185 0.010251
0 0.552951 0.446925 0.008185 0.022156
0 0.565104 0.441799 0.005704 0.015873
0 0.740079 0.436343 0.013889 0.008267
0 0.736855 0.425761 0.00496 0.007606
0 0.589782 0.421296 0.005952 0.009921
0 0.548859 0.420139 0.010417 0.020833
0 0.684028 0.412037 0.00744 0.005952
0 0.534226 0.39418 0.00496 0.008598
0 0.899058 0.404101 0.012401 0.029101
0 0.258185 0.391038 0.012401 0.008267
0 0.938492 0.382606 0.00744 0.008598
0 0.403398 0.378968 0.006696 0.008598
0 0.311012 0.376488 0.008433 0.012235
0 0.611235 0.375496 0.007688 0.012235
0 0.622396 0.374008 0.004216 0.009921
0 0.922123 0.370866 0.006448 0.00959
0 0.140625 0.372851 0.022817 0.020172
0 0.174231 0.372685 0.02753 0.025794
0 0.580109 0.370205 0.013393 0.026124
0 0.328621 0.370701 0.010417 0.027778
0 0.606647 0.355159 0.006944 0.012566
0 0.090278 0.379464 0.052579 0.061839
0 0.754092 0.347718 0.009177 0.015542
0 0.853671 0.34375 0.006944 0.020172
0 0.770833 0.340278 0.013889 0.015212
0 0.760169 0.331845 0.009425 0.011574
0 0.264013 0.354993 0.029514 0.059193
0 0.846106 0.327546 0.007192 0.010913
0 0.915303 0.323082 0.0062 0.005952
0 0.349578 0.330688 0.021577 0.021825
0 0.619172 0.323082 0.005208 0.018519
0 0.77939 0.320933 0.012153 0.018849
0 0.865203 0.321098 0.015625 0.022487
0 0.551215 0.315807 0.008185 0.011905
0 0.595858 0.316468 0.011161 0.020503
0 0.336434 0.308036 0.006696 0.008267
0 0.611359 0.311012 0.006944 0.014881
0 0.56188 0.346396 0.039931 0.086971
0 0.837054 0.315642 0.018849 0.027447
0 0.567956 0.297454 0.005456 0.010913
0 0.521949 0.296296 0.011657 0.021825
0 0.859251 0.287368 0.008185 0.008598
0 0.536954 0.296296 0.011905 0.034392
0 0.984871 0.27877 0.010417 0.007937
0 0.588418 0.278274 0.010665 0.012235
0 0.555308 0.287864 0.013889 0.036045
0 0.762897 0.286706 0.02629 0.035053
0 0.603671 0.286376 0.015377 0.039683
0 0.625248 0.276455 0.013393 0.027778
0 0.948909 0.267526 0.025794 0.013889
0 0.545015 0.268353 0.008681 0.015542
0 0.809276 0.309358 0.050595 0.098876
0 0.775794 0.262566 0.008433 0.005952
0 0.570064 0.273975 0.013641 0.037368
0 0.642733 0.26703 0.017113 0.030093
0 0.628844 0.256779 0.004712 0.00959
0 0.618056 0.258102 0.006448 0.015542
0 0.964286 0.253968 0.010417 0.007937
0 0.93378 0.256118 0.019841 0.012235
0 0.845114 0.258267 0.013641 0.016534
0 0.757068 0.260913 0.024058 0.021825
0 0.655754 0.255787 0.010417 0.011574
0 0.593874 0.260582 0.022569 0.021164
0 0.227307 0.253968 0.014137 0.007937
0 0.169891 0.253803 0.011409 0.007606
