0 0.671751 0.993386 0.006696 0.009259
0 0.709201 0.994048 0.010169 0.011905
0 0.249132 0.993882 0.008681 0.012235
0 0.501984 0.990741 0.007937 0.007275
0 0.451265 0.991898 0.009673 0.00959
0 0.633309 0.988426 0.007192 0.010582
0 0.467758 0.991071 0.009425 0.017857
0 0.316592 0.987103 0.007688 0.009921
0 0.238343 0.988591 0.009425 0.014881
0 0.332837 0.985284 0.007937 0.012235
0 0.812872 0.9833 0.004216 0.008929
0 0.612227 0.984127 0.006696 0.010582
0 0.288318 0.985615 0.009673 0.013558
0 0.526166 0.985615 0.011161 0.014881
0 0.59313 0.986442 0.022569 0.017196
0 0.739087 0.986938 0.017857 0.019511
0 0.264385 0.988591 0.017361 0.022817
0 0.688368 0.979993 0.008681 0.012235
0 0.754588 0.978505 0.016121 0.010582
0 0.479415 0.975364 0.015377 0.008929
0 0.28001 0.974702 0.00744 0.008929
0 0.37004 0.974702 0.011905 0.012235
0 0.265749 0.971726 0.012649 0.007606
0 0.50372 0.972553 0.010417 0.013228
0 0.41245 0.969742 0.007937 0.007606
0 0.598214 0.967427 0.008929 0.006944
0 0.577629 0.966104 0.008929 0.00496
0 0.287698 0.966931 0.006944 0.013228
0 0.612723 0.963128 0.011657 0.008267
0 0.478299 0.960317 0.012649 0.015873
0 0.777406 0.956184 0.005704 0.010913
0 0.905878 0.953538 0.008681 0.006283
0 0.58631 0.955026 0.009921 0.011243
0 0.698909 0.974206 0.061508 0.051587
0 0.865823 0.952216 0.00744 0.00959
0 0.390997 0.953208 0.008185 0.012235
0 0.303075 0.967262 0.019841 0.041005
0 0.817336 0.958499 0.010665 0.025463
0 0.635045 0.969577 0.03001 0.04828
0 0.660218 0.971065 0.022817 0.053902
0 0.59685 0.946594 0.008185 0.008267
0 0.677827 0.950066 0.011905 0.016534
0 0.606647 0.946925 0.00744 0.011574
0 0.763765 0.946594 0.015129 0.016865
0 0.828869 0.941634 0.008433 0.010251
0 0.328745 0.958829 0.03249 0.049934
0 0.736483 0.953704 0.052827 0.043651
0 0.464534 0.940972 0.008433 0.018188
0 0.811632 0.935847 0.004216 0.009921
0 0.411706 0.934854 0.004464 0.008598
0 0.354787 0.933366 0.012649 0.008929
0 0.658978 0.932374 0.008433 0.008267
0 0.799355 0.933036 0.005456 0.010251
0 0.894965 0.930886 0.006696 0.006614
0 0.726066 0.928406 0.012153 0.019511
0 0.576141 0.921792 0.006448 0.006944
0 0.285342 0.922619 0.014137 0.008598
0 0.361235 0.923611 0.009673 0.011243
0 0.307788 0.922454 0.010417 0.008929
0 0.388021 0.922454 0.006696 0.010251
0 0.737227 0.921131 0.009177 0.00959
0 0.715774 0.920304 0.006448 0.009259
0 0.749504 0.917989 0.009425 0.007275
0 0.487103 0.921627 0.014385 0.015212
0 0.567336 0.928902 0.029018 0.031746
0 0.460317 0.91584 0.009425 0.005622
0 0.760169 0.916005 0.009921 0.013889
0 0.300719 0.913856 0.015625 0.011574
0 0.427455 0.915344 0.013145 0.016534
0 0.47433 0.916171 0.013641 0.020172
0 0.313864 0.910549 0.011161 0.010251
0 0.542163 0.907407 0.008929 0.007937
0 0.877976 0.910053 0.012897 0.01455
0 0.786086 0.910218 0.009673 0.016204
0 0.796627 0.905589 0.00744 0.010251
0 0.68688 0.928241 0.059276 0.056217
0 0.417783 0.911541 0.009673 0.022817
0 0.77815 0.925595 0.026042 0.053571
0 0.277406 0.904927 0.011161 0.013558
0 0.458705 0.904927 0.013641 0.01422
0 0.50124 0.904431 0.003968 0.015873
0 0.365327 0.902778 0.006448 0.012566
0 0.673859 0.901786 0.009425 0.013889
0 0.37934 0.909226 0.013145 0.034061
0 0.28745 0.895668 0.007937 0.008267
0 0.78683 0.895668 0.006696 0.010251
0 0.312624 0.897156 0.007688 0.013889
0 0.80816 0.8917 0.006696 0.007606
0 0.353051 0.901124 0.014137 0.029101
0 0.536954 0.895337 0.009425 0.018188
0 0.685392 0.895007 0.016121 0.021495
0 0.443948 0.892196 0.008433 0.016534
0 0.297371 0.888558 0.00744 0.009259
0 0.311756 0.88459 0.00744 0.007275
0 0.265005 0.88459 0.004712 0.007937
0 0.78807 0.885582 0.015129 0.013228
0 0.404886 0.88955 0.008681 0.021825
0 0.393725 0.895999 0.015129 0.036045
0 0.718378 0.88211 0.008681 0.010251
0 0.673239 0.881118 0.005208 0.012235
0 0.829613 0.88211 0.00744 0.016865
0 0.662202 0.878803 0.009921 0.010251
0 0.524926 0.877811 0.007688 0.008267
0 0.322793 0.880291 0.011161 0.013228
0 0.36818 0.891534 0.018105 0.03836
0 0.699405 0.875165 0.00744 0.006283
0 0.438616 0.876323 0.009177 0.009921
0 0.283234 0.883598 0.029266 0.026455
0 0.545759 0.874008 0.0062 0.007937
0 0.484747 0.882771 0.014137 0.025463
0 0.471726 0.875 0.00744 0.011243
0 0.776414 0.883929 0.012153 0.030423
0 0.403274 0.870701 0.006944 0.009921
0 0.281002 0.864087 0.007937 0.006614
0 0.746528 0.884425 0.032738 0.049934
0 0.757192 0.866402 0.008929 0.015212
0 0.293651 0.862599 0.007937 0.007606
0 0.456597 0.875331 0.018353 0.035053
0 0.833209 0.864253 0.004712 0.015542
0 0.445064 0.860946 0.005208 0.011574
0 0.547247 0.863757 0.031002 0.017857
0 0.567088 0.858466 0.007688 0.007937
0 0.776786 0.857639 0.009425 0.006944
0 0.422619 0.874504 0.025298 0.042659
0 0.818204 0.86045 0.006448 0.016534
0 0.72557 0.860284 0.021081 0.016865
0 0.478795 0.857143 0.009177 0.012566
0 0.288442 0.851521 0.005952 0.010582
0 0.671627 0.855159 0.018353 0.021825
0 0.389757 0.849206 0.015625 0.012566
0 0.546751 0.847718 0.026042 0.011574
0 0.747148 0.854332 0.010665 0.027447
0 0.350198 0.843915 0.012897 0.010582
0 0.803199 0.842427 0.012153 0.00959
0 0.645585 0.841766 0.003968 0.010251
0 0.329861 0.838624 0.00744 0.008598
0 0.393849 0.837467 0.006448 0.007606
0 0.435144 0.84623 0.015129 0.025794
0 0.298611 0.845073 0.010913 0.023479
0 0.385789 0.853009 0.074653 0.055886
0 0.78621 0.834821 0.025298 0.020833
0 0.725942 0.828869 0.012401 0.008929
0 0.31746 0.843915 0.022321 0.041005
0 0.563492 0.830192 0.00744 0.016204
0 0.759549 0.826554 0.008185 0.010913
0 0.284722 0.828208 0.005952 0.01422
0 0.359995 0.826389 0.0062 0.012566
0 0.702753 0.820437 0.0062 0.009259
0 0.996776 0.819279 0.006448 0.00959
0 0.562872 0.816303 0.00372 0.008929
0 0.40935 0.82953 0.013145 0.035384
0 0.279638 0.816799 0.006696 0.011905
0 0.363219 0.815807 0.008185 0.010582
0 0.351438 0.820437 0.010913 0.019841
0 0.747892 0.818287 0.008681 0.016204
0 0.990575 0.818287 0.007937 0.016865
0 0.542039 0.829696 0.030506 0.040344
0 0.528026 0.821759 0.013889 0.024471
0 0.394469 0.813492 0.010665 0.011905
0 0.327505 0.815476 0.0062 0.017857
0 0.776786 0.813161 0.005952 0.01455
0 0.308036 0.81961 0.015873 0.027447
0 0.635541 0.808366 0.007688 0.010251
0 0.315972 0.807209 0.005952 0.009921
0 0.296627 0.805721 0.007937 0.006944
0 0.536582 0.804563 0.008681 0.006614
0 0.706101 0.807209 0.017361 0.023148
0 0.50062 0.80787 0.015625 0.026455
0 0.759301 0.798942 0.005704 0.010582
0 0.679191 0.827712 0.06126 0.070106
0 0.372892 0.804067 0.008185 0.025463
0 0.690104 0.794643 0.013145 0.013889
0 0.402902 0.798115 0.034474 0.022817
0 0.648065 0.793651 0.009921 0.015873
0 0.633061 0.787202 0.012153 0.007606
0 0.506572 0.790013 0.005704 0.01455
0 0.664435 0.785549 0.008433 0.010251
0 0.559648 0.794643 0.016121 0.028439
0 0.398686 0.78373 0.0062 0.008598
0 0.977679 0.784722 0.016865 0.011243
0 0.6813 0.788029 0.010913 0.017857
0 0.710938 0.786045 0.010665 0.017857
0 0.904886 0.780093 0.010169 0.007937
0 0.52381 0.780258 0.013393 0.010913
0 0.388765 0.777612 0.0062 0.012235
0 0.655382 0.775463 0.016617 0.011905
0 0.730531 0.776124 0.015625 0.01918
0 0.628472 0.772156 0.009425 0.011243
0 0.577753 0.778274 0.020585 0.025463
0 0.637649 0.773313 0.00744 0.017526
0 0.260417 0.770337 0.008929 0.013558
0 0.596602 0.792493 0.029514 0.06713
0 0.690972 0.763062 0.019345 0.015542
0 0.941468 0.791667 0.089286 0.074074
0 0.637153 0.757771 0.008929 0.007606
0 0.565724 0.761243 0.016865 0.015212
0 0.512525 0.75711 0.007688 0.006944
0 0.709201 0.759094 0.011657 0.023479
0 0.544147 0.750992 0.016865 0.022487
0 0.566468 0.744709 0.018353 0.011905
0 0.653894 0.754795 0.018105 0.032738
0 0.586062 0.739749 0.009425 0.009921
0 0.549107 0.735946 0.013889 0.006944
0 0.274678 0.736111 0.0062 0.008598
0 0.636409 0.737103 0.012897 0.01455
0 0.621156 0.728505 0.0062 0.008598
0 0.820561 0.729001 0.007688 0.010251
0 0.581225 0.72586 0.006696 0.017857
0 0.382812 0.723214 0.008185 0.012566
0 0.669891 0.720569 0.005952 0.009921
0 0.640873 0.716931 0.005456 0.010582
0 0.616071 0.711475 0.009921 0.012235
0 0.66307 0.707011 0.012649 0.010582
0 0.09685 0.705853 0.010665 0.00959
0 0.634177 0.680886 0.006448 0.008598
0 0.790179 0.674769 0.008929 0.016204
0 0.030506 0.671131 0.009921 0.012235
0 0.623264 0.670635 0.015377 0.013889
0 0.826513 0.645833 0.017609 0.029762
0 0.887401 0.603009 0.018849 0.008267
0 0.910094 0.607308 0.023065 0.017526
0 0.665799 0.600694 0.009673 0.005622
0 0.84127 0.58664 0.00744 0.015212
0 0.893849 0.574405 0.008433 0.012566
0 0.74504 0.566634 0.021825 0.032738
0 0.046999 0.548776 0.014137 0.02877
0 0.518477 0.517692 0.011657 0.010251
0 0.177951 0.525463 0.009673 0.027116
0 0.462426 0.504795 0.009673 0.004299
0 0.820809 0.498843 0.005704 0.008929
0 0.751116 0.505787 0.010169 0.025463
0 0.210069 0.495205 0.00744 0.014881
0 0.669767 0.490741 0.012153 0.009259
0 0.739211 0.486276 0.010665 0.023479
0 0.380456 0.506614 0.066468 0.064815
0 0.192584 0.493717 0.011161 0.039021
0 0.181548 0.478175 0.005952 0.009921
0 0.422247 0.483135 0.013145 0.020503
0 0.710689 0.474868 0.005208 0.009921
0 0.723214 0.47619 0.008433 0.01455
0 0.845114 0.478175 0.006696 0.019841
0 0.861855 0.513228 0.021329 0.09127
0 0.168651 0.470073 0.014881 0.011574
0 0.715898 0.461144 0.018601 0.012897
0 0.308284 0.44494 0.005456 0.010913
0 0.222842 0.453538 0.007192 0.02877
0 0.380208 0.440642 0.007937 0.006283
0 0.372024 0.434193 0.006448 0.012566
0 0.869172 0.427249 0.006696 0.006614
0 0.483135 0.427414 0.010913 0.011574
0 0.413566 0.427414 0.005704 0.012897
0 0.800967 0.433201 0.007688 0.025132
0 0.611607 0.427083 0.005456 0.012897
0 0.883557 0.424272 0.009177 0.008598
0 0.900794 0.421296 0.006944 0.005291
0 0.694072 0.421131 0.008185 0.010913
0 0.479663 0.46412 0.118552 0.108796
0 0.601811 0.432374 0.011657 0.066468
0 0.388889 0.406581 0.004464 0.016204
0 0.303695 0.406581 0.014137 0.016204
0 0.335317 0.41121 0.005952 0.027447
0 0.712178 0.405093 0.004216 0.021825
0 0.409474 0.39666 0.008433 0.014881
0 0.790303 0.412037 0.020089 0.054894
0 0.517981 0.382275 0.008185 0.005291
0 0.484499 0.382275 0.021081 0.007275
0 0.745288 0.385417 0.003968 0.014881
0 0.467386 0.378638 0.009177 0.005952
0 0.770957 0.404101 0.040923 0.05754
0 0.361731 0.387731 0.029514 0.027447
0 0.713046 0.378638 0.006944 0.015212
0 0.734127 0.384094 0.017361 0.029431
0 0.757937 0.376323 0.021329 0.01455
0 0.246156 0.375827 0.009673 0.01422
0 0.659474 0.374669 0.003968 0.013889
0 0.704241 0.370205 0.005704 0.010251
0 0.100322 0.37252 0.019097 0.014881
0 0.273189 0.366733 0.004216 0.009259
0 0.687748 0.398975 0.023313 0.076389
0 0.265129 0.358796 0.004464 0.009259
0 0.252356 0.346065 0.018601 0.024802
0 0.230655 0.330688 0.008929 0.01918
0 0.108383 0.302745 0.006944 0.008267
0 0.283978 0.302249 0.011905 0.009259
0 0.264261 0.301091 0.014137 0.012235
0 0.233755 0.309689 0.012153 0.030093
0 0.206473 0.302083 0.020585 0.036045
0 0.184524 0.296296 0.018353 0.035714
0 0.161954 0.266534 0.015873 0.007275
0 0.031994 0.266204 0.012897 0.012566
