0 0.908482 0.996197 0.010913 0.007606
0 0.712178 0.991567 0.012153 0.010251
0 0.996652 0.966601 0.006696 0.015873
0 0.904762 0.959325 0.009921 0.007275
0 0.997396 0.950562 0.005208 0.010913
0 0.09375 0.709821 0.009425 0.006283
0 0.990575 0.686177 0.005952 0.009259
0 0.310764 0.663856 0.009425 0.008267
0 0.147941 0.647156 0.007688 0.007937
0 0.116939 0.650132 0.030506 0.024471
0 0.134797 0.641865 0.004216 0.011243
0 0.087178 0.63922 0.008185 0.013889
0 0.262525 0.635913 0.018601 0.008598
0 0.297991 0.63707 0.016617 0.012235
0 0.24628 0.627315 0.008433 0.010582
0 0.148313 0.624339 0.012897 0.012566
0 0.089162 0.621197 0.011657 0.006283
0 0.132688 0.622024 0.012401 0.009921
0 0.286086 0.618056 0.024058 0.027778
0 0.371776 0.604828 0.012401 0.009921
0 0.138889 0.592758 0.018849 0.047288
0 0.107639 0.57209 0.00744 0.006614
0 0.132812 0.569775 0.012153 0.009259
0 0.467882 0.563823 0.010169 0.008598
0 0.547123 0.562665 0.009425 0.012897
0 0.633681 0.564484 0.017361 0.017857
0 0.147197 0.559854 0.010169 0.012566
0 0.264509 0.550761 0.009673 0.006283
0 0.316344 0.552083 0.010169 0.00959
0 0.238591 0.551918 0.026786 0.010582
0 0.293651 0.548942 0.007937 0.005291
0 0.195188 0.549107 0.011409 0.008267
0 0.158978 0.551918 0.012897 0.023148
0 0.211434 0.539021 0.011161 0.007275
0 0.526166 0.544974 0.03001 0.021825
0 0.192832 0.53125 0.014137 0.00959
0 0.453993 0.534888 0.028522 0.017526
0 0.291047 0.526786 0.02505 0.017196
0 0.353671 0.518353 0.013889 0.010913
0 0.595982 0.53125 0.037202 0.043981
0 0.626736 0.509921 0.020337 0.01918
0 0.322545 0.510086 0.047371 0.029431
0 0.56436 0.530754 0.054812 0.082011
0 0.554563 0.488095 0.006944 0.011905
0 0.011781 0.484623 0.023562 0.020172
0 0.09375 0.46627 0.013393 0.007275
0 0.390253 0.465939 0.010665 0.010582
0 0.218254 0.453042 0.014881 0.008598
0 0.050595 0.456184 0.021825 0.020172
0 0.136657 0.443948 0.009921 0.007606
0 0.061384 0.434028 0.006696 0.010251
0 0.121652 0.429398 0.008681 0.005622
0 0.084077 0.41336 0.009425 0.013889
0 0.37252 0.41369 0.010913 0.015873
0 0.107763 0.423115 0.021081 0.045304
0 0.388641 0.401786 0.00496 0.009921
0 0.125248 0.39881 0.00744 0.006614
0 0.326637 0.394841 0.006448 0.009259
0 0.417039 0.389054 0.020089 0.012897
0 0.015625 0.400132 0.03125 0.040344
0 0.327629 0.380622 0.016369 0.015873
0 0.019717 0.376157 0.007688 0.013558
0 0.441716 0.371693 0.00496 0.009921
0 0.152778 0.372024 0.006944 0.012566
0 0.140625 0.37004 0.010417 0.008598
0 0.419643 0.364418 0.008433 0.008598
0 0.193204 0.349206 0.005952 0.009259
0 0.200645 0.345899 0.006448 0.006614
0 0.168279 0.339616 0.007192 0.008598
0 0.075397 0.335152 0.007937 0.008929
0 0.064856 0.36293 0.129712 0.082341
0 0.004712 0.319279 0.009425 0.024802
0 0.46193 0.309193 0.006696 0.007275
0 0.187996 0.301918 0.00496 0.008598
0 0.28125 0.296792 0.008929 0.007606
0 0.187996 0.290509 0.006448 0.010913
0 0.122396 0.290675 0.03249 0.031085
0 0.542287 0.274636 0.005704 0.00959
0 0.701389 0.272156 0.011905 0.009259
0 0.190104 0.269676 0.007192 0.016204
0 0.074405 0.272817 0.024802 0.028439
0 0.270833 0.271991 0.02877 0.033399
0 0.209821 0.272817 0.016865 0.037037
0 0.03063 0.284888 0.06126 0.061839
0 0.158234 0.276124 0.025298 0.052249
0 0.021453 0.256779 0.018105 0.013558
0 0.0062 0.253142 0.012401 0.006283
