0 0.788442 0.99504 0.010417 0.009921
0 0.684152 0.99041 0.011161 0.012566
0 0.778646 0.989914 0.014137 0.020172
0 0.752852 0.985119 0.021081 0.023148
0 0.706969 0.975033 0.009673 0.008267
0 0.68998 0.975033 0.015873 0.011574
0 0.725446 0.975033 0.021329 0.013558
0 0.736607 0.962467 0.008929 0.00959
0 0.647941 0.949735 0.006696 0.009259
0 0.746032 0.948247 0.007937 0.019511
0 0.726935 0.94709 0.011409 0.021164
0 0.655134 0.947586 0.031002 0.043981
0 0.636905 0.905093 0.012897 0.018519
0 0.602679 0.88211 0.015873 0.020833
0 0.585069 0.849041 0.005952 0.010913
0 0.638145 0.885747 0.057044 0.08631
0 0.638889 0.841435 0.007937 0.010251
0 0.60119 0.849372 0.024306 0.032738
0 0.624876 0.827381 0.016121 0.006614
0 0.584821 0.825397 0.020833 0.026455
0 0.151166 0.715278 0.009673 0.010582
0 0.119048 0.711971 0.015873 0.00463
0 0.966394 0.698578 0.032986 0.010251
0 0.190352 0.678737 0.009673 0.033399
0 0.065228 0.648975 0.011409 0.01422
0 0.046255 0.633929 0.09251 0.054894
0 0.972222 0.569444 0.006944 0.009921
0 0.931796 0.549769 0.008929 0.004299
0 0.665427 0.548446 0.005952 0.008267
0 0.686508 0.55043 0.009425 0.015542
0 0.510293 0.548942 0.013145 0.013889
0 0.507192 0.534888 0.00496 0.011574
0 0.479043 0.544478 0.043403 0.036045
0 0.450521 0.53621 0.005704 0.023479
0 0.939732 0.519345 0.008433 0.006283
0 0.573785 0.518519 0.005704 0.010582
0 0.499504 0.517526 0.00496 0.008598
0 0.956721 0.518353 0.012649 0.010913
0 0.27815 0.517361 0.008185 0.012897
0 0.963914 0.546792 0.072173 0.08168
0 0.816716 0.503638 0.032242 0.018519
0 0.838542 0.497189 0.008929 0.013558
0 0.282986 0.493221 0.013393 0.008267
0 0.566964 0.487269 0.014881 0.00959
0 0.515997 0.489749 0.007688 0.016534
0 0.419519 0.48545 0.011657 0.019841
0 0.99566 0.478671 0.008681 0.008929
0 0.549727 0.469577 0.009177 0.013889
0 0.013145 0.452712 0.008929 0.005952
0 0.443204 0.44461 0.009921 0.00496
0 0.534722 0.440146 0.016865 0.023148
0 0.561756 0.43006 0.005456 0.010251
0 0.288318 0.433862 0.010665 0.026455
0 0.465526 0.417659 0.011905 0.013228
0 0.413442 0.418485 0.012401 0.015542
0 0.323289 0.409888 0.007688 0.006944
0 0.309276 0.412368 0.018353 0.018519
0 0.517981 0.402116 0.016121 0.015873
0 0.424479 0.396329 0.015129 0.016865
0 0.509425 0.38955 0.008433 0.011905
0 0.183532 0.389716 0.00744 0.012235
0 0.492063 0.388062 0.016369 0.012897
0 0.539435 0.38459 0.00744 0.006614
0 0.098958 0.385251 0.00744 0.008598
0 0.553075 0.381283 0.009425 0.009921
0 0.398065 0.381283 0.007937 0.009921
0 0.47123 0.385582 0.021825 0.025132
0 0.130828 0.377976 0.019593 0.019841
0 0.194692 0.369378 0.007937 0.006614
0 0.548611 0.367063 0.016369 0.015873
0 0.077753 0.366071 0.038938 0.020503
0 0.273686 0.358631 0.008681 0.012897
0 0.184896 0.356647 0.009673 0.008929
0 0.211186 0.352017 0.008681 0.008267
0 0.502728 0.34623 0.00744 0.007275
0 0.473462 0.348876 0.014881 0.013889
0 0.239583 0.400628 0.071925 0.118717
0 0.095114 0.34375 0.011161 0.012235
0 0.177579 0.344577 0.019841 0.016534
0 0.528274 0.337136 0.015377 0.012235
0 0.196429 0.339947 0.035218 0.024471
0 0.068824 0.333499 0.013641 0.012235
0 0.398562 0.332011 0.010417 0.009921
0 0.37872 0.322255 0.006944 0.006283
0 0.501984 0.321263 0.014385 0.010251
0 0.099702 0.32672 0.015377 0.02381
0 0.083457 0.320437 0.009673 0.01455
0 0.243924 0.314319 0.007192 0.008929
0 0.111359 0.320602 0.005952 0.024802
0 0.301835 0.312335 0.012401 0.012897
0 0.087054 0.311343 0.00744 0.010913
0 0.452877 0.304563 0.008433 0.007275
0 0.168403 0.309358 0.016369 0.017526
0 0.115327 0.30043 0.004464 0.011574
0 0.153522 0.356647 0.06994 0.125992
0 0.361235 0.297454 0.007688 0.015542
0 0.141493 0.294643 0.009673 0.009921
0 0.127108 0.309854 0.017609 0.040344
0 0.378844 0.28869 0.009177 0.009259
0 0.273065 0.312665 0.014881 0.061839
0 0.302703 0.284226 0.020089 0.022156
0 0.243676 0.275463 0.011657 0.008598
0 0.451389 0.286045 0.02629 0.031085
0 0.230159 0.274636 0.010913 0.013558
0 0.370536 0.270007 0.014881 0.020833
0 0.220734 0.263558 0.00496 0.009259
0 0.207589 0.25959 0.006448 0.006614
0 0.066964 0.255952 0.008929 0.007275
0 0.476314 0.261739 0.017609 0.021495
0 0.24876 0.257771 0.00744 0.01422
0 0.492436 0.25959 0.012649 0.01918
0 0.437128 0.26455 0.023065 0.029101
0 0.400918 0.274967 0.03745 0.049934
0 0.3812 0.256283 0.009921 0.012566
0 0.229415 0.254464 0.011409 0.008929
0 0.21441 0.253968 0.007192 0.007937
