0 0.257812 0.996197 0.009673 0.007606
0 0.794271 0.99537 0.010665 0.009259
0 0.191964 0.99537 0.008929 0.009259
0 0.820561 0.993882 0.014633 0.012235
0 0.154142 0.991237 0.009177 0.008267
0 0.213666 0.99041 0.016617 0.01918
0 0.108507 0.984623 0.006696 0.014881
0 0.1312 0.979663 0.009921 0.012235
0 0.123512 0.977513 0.005456 0.008598
0 0.074033 0.986276 0.02505 0.027447
0 0.204737 0.977348 0.011657 0.016204
0 0.158606 0.974702 0.007688 0.010913
0 0.149182 0.975529 0.014633 0.015212
0 0.240203 0.972718 0.009673 0.011574
0 0.260417 0.968585 0.00496 0.009259
0 0.032986 0.966931 0.00744 0.013889
0 0.848586 0.962136 0.0062 0.008929
0 0.27505 0.966766 0.019841 0.027447
0 0.246652 0.959491 0.008681 0.013558
0 0.035218 0.952381 0.007937 0.013889
0 0.123388 0.954696 0.011161 0.023148
0 0.069692 0.944775 0.009921 0.009921
0 0.33631 0.945767 0.017361 0.013228
0 0.15935 0.947586 0.004712 0.019511
0 0.253348 0.944114 0.011161 0.015873
0 0.147693 0.944775 0.014137 0.01918
0 0.246032 0.931713 0.010417 0.010913
0 0.282986 0.935681 0.034226 0.025463
0 0.180184 0.921792 0.009177 0.008267
0 0.309524 0.918816 0.008433 0.00496
0 0.1937 0.92791 0.013393 0.02381
0 0.112971 0.943783 0.045883 0.05754
0 0.257812 0.922288 0.018105 0.033069
0 0.168279 0.915179 0.013145 0.020172
0 0.204737 0.907573 0.015625 0.006944
0 0.178695 0.909557 0.00372 0.010913
0 0.187252 0.907242 0.007937 0.008267
0 0.316716 0.904927 0.006448 0.008929
0 0.195188 0.887897 0.005952 0.008598
0 0.322173 0.875992 0.009921 0.011905
0 0.157986 0.881614 0.041171 0.03373
0 0.264881 0.869874 0.016865 0.012897
0 0.234995 0.87252 0.019097 0.018188
0 0.204737 0.866898 0.012649 0.016204
0 0.287326 0.862599 0.012153 0.011574
0 0.37004 0.849868 0.005456 0.005952
0 0.237227 0.856151 0.013145 0.021164
0 0.224206 0.844742 0.00744 0.006944
0 0.353051 0.82672 0.0062 0.006614
0 0.25682 0.833829 0.038442 0.027447
0 0.102803 0.798611 0.004712 0.010582
0 0.248512 0.794974 0.012897 0.013889
0 0.228175 0.792493 0.011409 0.00959
0 0.230035 0.781415 0.010665 0.007275
0 0.059772 0.7667 0.005952 0.007606
0 0.085441 0.767857 0.013641 0.016534
0 0.423735 0.766865 0.009177 0.015873
0 0.014509 0.758433 0.004216 0.007606
0 0.043403 0.759755 0.005952 0.011574
0 0.004216 0.752811 0.008433 0.00496
0 0.513641 0.750992 0.00744 0.01455
0 0.061136 0.75 0.015129 0.016534
0 0.199653 0.743552 0.006448 0.010251
0 0.106275 0.733135 0.0062 0.011243
0 0.50682 0.731647 0.019097 0.01422
0 0.109003 0.723545 0.008681 0.009921
0 0.504712 0.712632 0.015873 0.012566
0 0.063864 0.73578 0.094494 0.066138
0 0.665675 0.701885 0.011409 0.01422
0 0.047867 0.676587 0.006448 0.007937
0 0.196553 0.667659 0.011657 0.023148
0 0.396949 0.656085 0.008681 0.007937
0 0.377728 0.652943 0.009921 0.008929
0 0.023686 0.654101 0.012649 0.011905
0 0.05568 0.648313 0.007688 0.005622
0 0.079489 0.648975 0.009673 0.00959
0 0.036954 0.645833 0.012897 0.006614
0 0.355655 0.646495 0.006448 0.013889
0 0.482391 0.656581 0.020337 0.036706
0 0.263641 0.640046 0.005952 0.007606
0 0.005704 0.641534 0.011409 0.013228
0 0.612475 0.641534 0.008681 0.02381
0 0.331597 0.63244 0.016369 0.012897
0 0.037078 0.630952 0.009673 0.011243
0 0.237599 0.644345 0.02877 0.03869
0 0.054191 0.627149 0.012649 0.010913
0 0.067336 0.621858 0.009177 0.005622
0 0.083953 0.625165 0.017113 0.020833
0 0.556672 0.650132 0.094494 0.071429
0 0.482143 0.624504 0.024306 0.02877
0 0.422495 0.629299 0.031994 0.039683
0 0.856647 0.603836 0.008929 0.005291
0 0.842882 0.604001 0.010169 0.005622
0 0.817336 0.60334 0.031994 0.00959
0 0.869792 0.602017 0.012897 0.007606
0 0.975446 0.60086 0.008433 0.005952
0 0.416915 0.592758 0.008929 0.008267
0 0.358755 0.590112 0.010169 0.008267
0 0.499752 0.600198 0.029762 0.031746
0 0.86942 0.585152 0.008681 0.004299
0 0.749876 0.58912 0.026042 0.013558
0 0.406374 0.590278 0.009177 0.015873
0 0.323289 0.619378 0.156002 0.074735
0 0.949777 0.589782 0.009177 0.016204
0 0.304191 0.586806 0.009177 0.010251
0 0.915303 0.584325 0.011161 0.008598
0 0.727307 0.585813 0.014633 0.011574
0 0.886161 0.579696 0.004464 0.012566
0 0.065476 0.577712 0.00744 0.012566
0 0.939236 0.578538 0.020337 0.014881
0 0.219246 0.573413 0.009921 0.007275
0 0.393229 0.572917 0.005704 0.008267
0 0.967386 0.575231 0.029514 0.016204
0 0.410466 0.573743 0.025298 0.017857
0 0.773562 0.568948 0.027282 0.019511
0 0.884921 0.563657 0.006944 0.00959
0 0.320809 0.560185 0.006696 0.008598
0 0.336062 0.558862 0.012897 0.013228
0 0.769593 0.556878 0.010913 0.011905
0 0.023189 0.55506 0.013641 0.008267
0 0.862723 0.549438 0.008185 0.010251
0 0.112971 0.544974 0.004712 0.007275
0 0.907738 0.554398 0.034722 0.030093
0 0.197669 0.542493 0.006448 0.006283
0 0.130456 0.555886 0.02629 0.033069
0 0.769345 0.540344 0.006448 0.008598
0 0.103051 0.541997 0.009673 0.013228
0 0.633433 0.535053 0.010913 0.005291
0 0.832217 0.536706 0.015129 0.015212
0 0.890997 0.525132 0.006696 0.010582
0 0.789311 0.528935 0.011161 0.018188
0 0.803075 0.523975 0.008929 0.010251
0 0.240327 0.51422 0.005456 0.007937
0 0.9437 0.532407 0.05754 0.044974
0 0.282366 0.547784 0.088046 0.07705
0 0.09499 0.513228 0.006944 0.01455
0 0.067088 0.50959 0.013641 0.015873
0 0.886657 0.510086 0.014385 0.017526
0 0.22619 0.509094 0.013889 0.015542
0 0.646701 0.50496 0.010665 0.010582
0 0.629092 0.505952 0.015129 0.013889
0 0.968378 0.505787 0.007688 0.01422
0 0.249256 0.502976 0.014385 0.010582
0 0.03683 0.531085 0.073661 0.068783
0 0.985987 0.501984 0.028026 0.011905
0 0.305804 0.498677 0.006944 0.005952
0 0.084697 0.503307 0.011161 0.024471
0 0.282118 0.497851 0.03497 0.025463
0 0.116691 0.494709 0.022073 0.023148
0 0.096478 0.48297 0.006448 0.008929
0 0.298983 0.484458 0.016121 0.012566
0 0.014385 0.477348 0.019841 0.020833
0 0.631696 0.474041 0.012897 0.019511
0 0.264509 0.47338 0.017113 0.019511
0 0.253348 0.468089 0.008681 0.00959
0 0.047495 0.462963 0.012649 0.012566
0 0.279266 0.463955 0.012401 0.017857
0 0.586434 0.462963 0.012153 0.017857
0 0.090278 0.450728 0.010913 0.011905
0 0.196553 0.447586 0.008185 0.010251
0 0.072297 0.473545 0.036458 0.062831
0 0.220362 0.440972 0.009177 0.015542
0 0.230903 0.43502 0.009921 0.012235
0 0.075273 0.429067 0.006696 0.010913
0 0.262029 0.411706 0.011161 0.008598
0 0.369916 0.380291 0.009177 0.013889
0 0.02443 0.379795 0.009177 0.016204
0 0.014261 0.371693 0.007192 0.007937
0 0.082341 0.29828 0.012401 0.012566
0 0.065228 0.296462 0.009921 0.010913
0 0.302083 0.258929 0.00744 0.006614
0 0.322049 0.262235 0.025546 0.024471
0 0.107887 0.261574 0.030258 0.023148
