0 0.063492 0.828373 0.011905 0.010582
0 0.012649 0.797123 0.015377 0.018849
0 0.073165 0.791667 0.011905 0.013228
0 0.028274 0.790509 0.011905 0.018188
0 0.134053 0.786872 0.010169 0.012235
0 0.126364 0.77166 0.026042 0.028108
0 0.147817 0.749504 0.03373 0.022817
0 0.065104 0.741898 0.017609 0.012235
0 0.079861 0.734954 0.008433 0.006283
0 0.972594 0.738591 0.050843 0.041997
0 0.05754 0.720238 0.006448 0.010582
0 0.072545 0.718089 0.005208 0.008267
0 0.995164 0.711806 0.009673 0.005622
0 0.100446 0.707507 0.008433 0.006283
0 0.118924 0.691138 0.014137 0.006614
0 0.907614 0.686177 0.013145 0.020503
0 0.974082 0.677083 0.020089 0.018849
0 0.948661 0.675099 0.020833 0.020833
0 0.991691 0.660053 0.016617 0.01918
0 0.935392 0.644345 0.006696 0.011574
0 0.274678 0.606316 0.029018 0.010251
0 0.346106 0.610284 0.010665 0.019511
0 0.969866 0.604001 0.012649 0.014881
0 0.274926 0.593089 0.007688 0.005622
0 0.298363 0.584987 0.010417 0.007937
0 0.198661 0.587136 0.004464 0.012235
0 0.984375 0.585813 0.014881 0.018188
0 0.934648 0.592262 0.057788 0.053571
0 0.907986 0.557374 0.014385 0.01422
0 0.293031 0.555225 0.024554 0.013228
0 0.872396 0.549603 0.008681 0.009259
0 0.96999 0.547454 0.06002 0.02877
0 0.700521 0.533069 0.006696 0.007937
0 0.837426 0.537202 0.010169 0.017526
0 0.909474 0.531581 0.026786 0.034722
0 0.336558 0.519676 0.017857 0.017526
0 0.825149 0.511905 0.007937 0.019841
0 0.699033 0.507937 0.007192 0.012566
0 0.818204 0.495701 0.008433 0.010582
0 0.921627 0.491237 0.00744 0.010251
0 0.982887 0.494709 0.034226 0.018519
0 0.685516 0.490575 0.003968 0.010913
0 0.993304 0.489087 0.013393 0.008598
0 0.308408 0.546958 0.090526 0.130291
0 0.14881 0.490906 0.018353 0.018849
0 0.948537 0.506779 0.102927 0.065807
0 0.897941 0.470569 0.006696 0.009921
0 0.739211 0.469411 0.019593 0.011574
0 0.803695 0.469081 0.019097 0.022156
0 0.104911 0.46627 0.026786 0.017196
0 0.767981 0.46131 0.03249 0.016534
0 0.300843 0.4542 0.003472 0.012235
0 0.256448 0.455192 0.00744 0.01422
0 0.313864 0.452216 0.004712 0.010251
0 0.78807 0.450397 0.008681 0.01455
0 0.627604 0.443452 0.009177 0.005952
0 0.259921 0.437004 0.010913 0.016204
0 0.403646 0.437335 0.011161 0.020833
0 0.295387 0.417824 0.012897 0.005622
0 0.667039 0.418981 0.012153 0.008598
0 0.625124 0.415675 0.015625 0.015212
0 0.303323 0.405589 0.011409 0.00959
0 0.370784 0.404266 0.021329 0.008267
0 0.395957 0.40873 0.029514 0.021825
0 0.890873 0.407242 0.015377 0.021495
0 0.971478 0.407242 0.057044 0.029431
0 0.844122 0.402116 0.009673 0.030423
0 0.407366 0.386243 0.009177 0.007275
0 0.975818 0.38922 0.02753 0.015873
0 0.644469 0.395337 0.017609 0.028108
0 0.277902 0.395833 0.019593 0.029101
0 0.286954 0.383433 0.013889 0.006283
0 0.627852 0.383102 0.008681 0.011574
0 0.930184 0.390873 0.06126 0.031746
0 0.557044 0.383929 0.029266 0.017857
0 0.654018 0.378142 0.025298 0.012235
0 0.353919 0.375827 0.033234 0.014881
0 0.845238 0.375331 0.008433 0.015873
0 0.307912 0.376323 0.031994 0.019841
0 0.68378 0.38707 0.039683 0.042659
0 0.864211 0.366567 0.007688 0.013558
0 0.538814 0.363757 0.016617 0.01455
0 0.578869 0.362103 0.012401 0.017857
0 0.97619 0.364253 0.047619 0.032077
0 0.797371 0.354497 0.010913 0.015212
0 0.689484 0.353009 0.015377 0.016204
0 0.335813 0.348049 0.005952 0.006283
0 0.936508 0.352183 0.021329 0.01918
0 0.173487 0.341931 0.006696 0.006614
0 0.797371 0.340939 0.007937 0.008598
0 0.527406 0.339451 0.006696 0.007606
0 0.540675 0.337302 0.009425 0.005291
0 0.280258 0.343254 0.006944 0.018519
0 0.549479 0.327381 0.012649 0.009259
0 0.419519 0.320602 0.010665 0.008267
0 0.451265 0.311343 0.012153 0.012897
0 0.941096 0.297619 0.03497 0.020503
0 0.302579 0.288856 0.015377 0.004299
0 0.284722 0.284061 0.006944 0.007275
0 0.568328 0.286376 0.007688 0.013889
0 0.55506 0.292493 0.021329 0.033399
0 0.450893 0.258763 0.008929 0.016204
0 0.169519 0.274802 0.009177 0.04828
0 0.962302 0.27381 0.075397 0.047619
0 0.93812 0.25463 0.016121 0.009259
0 0.644221 0.257606 0.010665 0.015212
0 0.56684 0.261243 0.004712 0.022487
0 0.544271 0.262566 0.026538 0.025132
0 0.222842 0.265377 0.006696 0.030754
0 0.09747 0.274802 0.018353 0.049603
