0 0.486359 0.995701 0.011905 0.008598
0 0.498636 0.994048 0.012649 0.008598
0 0.47123 0.992394 0.012897 0.015212
0 0.340278 0.987269 0.005952 0.008929
0 0.442212 0.968585 0.005952 0.005952
0 0.481027 0.971065 0.017113 0.017526
0 0.443576 0.95668 0.007192 0.008598
0 0.49566 0.948082 0.005704 0.007275
0 0.289931 0.950231 0.027282 0.022817
0 0.46689 0.931382 0.005704 0.012897
0 0.414311 0.907903 0.006696 0.006944
0 0.445933 0.875661 0.009921 0.008598
0 0.384301 0.867063 0.007192 0.011243
0 0.487227 0.828208 0.010169 0.006944
0 0.457341 0.81746 0.005952 0.007937
0 0.316964 0.813327 0.012897 0.011574
0 0.430184 0.794808 0.005208 0.014881
0 0.420883 0.786376 0.016369 0.021164
0 0.038194 0.753472 0.013393 0.013558
0 0.004588 0.753472 0.009177 0.017526
0 0.018849 0.751323 0.011409 0.013889
0 0.41121 0.745205 0.012897 0.00959
0 0.018353 0.734788 0.006448 0.007275
0 0.029514 0.738261 0.013889 0.014881
0 0.151042 0.715608 0.011409 0.009259
0 0.133681 0.717923 0.013393 0.015873
0 0.110615 0.711806 0.010417 0.014881
0 0.003348 0.717427 0.006696 0.027447
0 0.030258 0.710317 0.009921 0.01918
0 0.009673 0.698909 0.013889 0.00959
0 0.072793 0.688823 0.006696 0.007275
0 0.081101 0.685847 0.008929 0.010582
0 0.695685 0.686673 0.005952 0.012897
0 0.126364 0.678737 0.005704 0.005622
0 0.095238 0.677083 0.008433 0.006944
0 0.651786 0.676091 0.008433 0.010251
0 0.115451 0.675099 0.009673 0.010251
0 0.619172 0.673446 0.009673 0.008929
0 0.696057 0.671627 0.007192 0.009259
0 0.639261 0.671627 0.009673 0.009259
0 0.800347 0.619213 0.014881 0.035384
0 0.584573 0.598876 0.016369 0.033069
0 0.543527 0.566634 0.004216 0.00959
0 0.801215 0.570767 0.014137 0.054233
0 0.064856 0.541667 0.010169 0.006614
0 0.756324 0.53836 0.008185 0.010582
0 0.078001 0.539848 0.006696 0.018849
0 0.798239 0.536376 0.0062 0.012566
0 0.707589 0.533565 0.004464 0.00959
0 0.496156 0.538856 0.004216 0.023479
0 0.122644 0.532077 0.035466 0.01455
0 0.624256 0.528604 0.003968 0.018849
0 0.59313 0.522817 0.005208 0.010582
0 0.226811 0.522817 0.015129 0.013889
0 0.077505 0.520999 0.0062 0.011574
0 0.275546 0.517196 0.00744 0.005952
0 0.165055 0.517196 0.005704 0.010582
0 0.616567 0.51422 0.005456 0.007275
0 0.308036 0.517196 0.024306 0.017857
0 0.132688 0.51703 0.024306 0.022156
0 0.239459 0.514385 0.007688 0.018849
0 0.56808 0.536541 0.018105 0.075066
0 0.724082 0.5 0.012153 0.011243
0 0.15935 0.497354 0.009673 0.006614
0 0.444568 0.496197 0.00372 0.008267
0 0.311136 0.502976 0.009177 0.021825
0 0.637649 0.494048 0.00496 0.012566
0 0.642361 0.473545 0.009921 0.007937
0 0.791419 0.479993 0.014385 0.026786
0 0.802331 0.493221 0.013393 0.055225
0 0.312996 0.466435 0.010913 0.006944
0 0.803075 0.462136 0.00744 0.006944
0 0.474082 0.462963 0.0062 0.009921
0 0.494296 0.462798 0.008433 0.010251
0 0.059896 0.484458 0.08755 0.055556
0 0.201265 0.463128 0.004216 0.016865
0 0.819692 0.456349 0.008433 0.006614
0 0.450273 0.449074 0.007192 0.013228
0 0.575025 0.449901 0.008185 0.016865
0 0.467758 0.446594 0.013393 0.012235
0 0.602183 0.446594 0.004464 0.012897
0 0.145089 0.441964 0.00744 0.00959
0 0.501984 0.44213 0.015873 0.013228
0 0.066964 0.438657 0.008433 0.008929
0 0.226935 0.435847 0.005456 0.009259
0 0.524926 0.430225 0.013641 0.01455
0 0.466394 0.425926 0.007688 0.009921
0 0.123016 0.425265 0.00496 0.013228
0 0.980407 0.428406 0.02629 0.022156
0 0.831845 0.424107 0.009921 0.017526
0 0.5 0.415179 0.008929 0.010913
0 0.514385 0.417328 0.015873 0.021825
0 0.59189 0.413525 0.0062 0.015542
0 0.821429 0.40873 0.009425 0.01455
0 0.209697 0.405589 0.006696 0.012897
0 0.072917 0.40377 0.008433 0.009259
0 0.892981 0.394511 0.005208 0.007937
0 0.497892 0.394841 0.005208 0.008598
0 0.840154 0.3917 0.008185 0.010913
0 0.931424 0.390377 0.008185 0.010913
0 0.867808 0.381283 0.00496 0.007275
0 0.173363 0.386409 0.02381 0.020833
0 0.18316 0.370536 0.008681 0.007606
0 0.884301 0.370866 0.014633 0.018188
0 0.227555 0.351852 0.012649 0.010582
0 0.858755 0.33912 0.007688 0.008267
0 0.537326 0.363095 0.043899 0.056217
0 0.201513 0.332672 0.013641 0.020503
0 0.18812 0.320767 0.009177 0.010582
0 0.620412 0.316303 0.008185 0.00959
0 0.117436 0.309193 0.004712 0.015873
0 0.174231 0.279431 0.008185 0.010582
0 0.605903 0.284722 0.026786 0.026455
0 0.499256 0.271825 0.005456 0.008598
0 0.170635 0.268849 0.009921 0.008598
0 0.977431 0.265046 0.007937 0.00959
0 0.156002 0.263393 0.010913 0.008267
0 0.452505 0.260582 0.011657 0.010582
0 0.71565 0.258267 0.013145 0.01455
0 0.989335 0.257771 0.021329 0.015542
0 0.966518 0.256779 0.011409 0.013558
0 0.954861 0.255787 0.016369 0.011574
0 0.525174 0.25496 0.010169 0.009921
0 0.483011 0.257275 0.045883 0.01455
0 0.192832 0.268353 0.040923 0.036706
