0 0.632688 0.980324 0.006944 0.006283
0 0.583457 0.919312 0.032986 0.011243
0 0.772817 0.917659 0.008929 0.009259
0 0.032118 0.900959 0.016121 0.007606
0 0.017733 0.89203 0.015625 0.00959
0 0.995288 0.871693 0.009425 0.033069
0 0.766989 0.854167 0.020089 0.01455
0 0.293899 0.833995 0.010913 0.011905
0 0.741939 0.821098 0.018601 0.015212
0 0.378844 0.820767 0.013145 0.015212
0 0.660342 0.805886 0.012649 0.007937
0 0.24504 0.793981 0.011905 0.006614
0 0.821677 0.817956 0.063988 0.058532
0 0.702257 0.790344 0.016121 0.006614
0 0.157862 0.796131 0.037946 0.027447
0 0.779762 0.789683 0.0625 0.025132
0 0.364583 0.788194 0.008433 0.022156
0 0.608507 0.777778 0.019097 0.009259
0 0.8125 0.776951 0.012897 0.008267
0 0.836682 0.779101 0.005208 0.018519
0 0.735367 0.784557 0.054067 0.041997
0 0.595362 0.777116 0.065724 0.028439
0 0.654266 0.77381 0.069444 0.031746
0 0.719742 0.761243 0.037202 0.021164
0 0.681424 0.756779 0.012153 0.013558
0 0.176091 0.751653 0.024306 0.006614
0 0.844494 0.777447 0.030754 0.068783
0 0.303075 0.762566 0.012401 0.051587
0 0.993552 0.734458 0.012897 0.016534
0 0.326885 0.743056 0.034226 0.039683
0 0.256448 0.721726 0.00744 0.016865
0 0.850198 0.721561 0.00744 0.02381
0 0.179315 0.743386 0.09623 0.081349
0 0.967758 0.733962 0.025794 0.063161
0 0.983755 0.700728 0.010665 0.009259
0 0.715402 0.699074 0.011161 0.005952
0 0.883185 0.69957 0.008929 0.010251
0 0.658606 0.697751 0.010169 0.011905
0 0.887525 0.679563 0.004216 0.010582
0 0.104539 0.677414 0.011657 0.012897
0 0.181672 0.684193 0.043403 0.029101
0 0.406746 0.672123 0.010913 0.012897
0 0.217882 0.662533 0.008185 0.008929
0 0.250744 0.674272 0.010913 0.036376
0 0.894221 0.662368 0.005208 0.020503
0 0.069444 0.656581 0.020337 0.008929
0 0.37376 0.654927 0.008929 0.022156
0 0.761037 0.646495 0.014137 0.008598
0 0.49318 0.643684 0.008185 0.006283
0 0.222842 0.6417 0.013145 0.011574
0 0.06808 0.636574 0.022569 0.019841
0 0.607763 0.630787 0.016121 0.016204
0 0.756944 0.625661 0.013393 0.015212
0 0.132316 0.635913 0.019593 0.036376
0 0.118676 0.617063 0.008185 0.006614
0 0.62252 0.616071 0.008433 0.005952
0 0.406002 0.62037 0.003968 0.015873
0 0.497148 0.62004 0.012649 0.015873
0 0.426215 0.616898 0.015625 0.00959
0 0.513889 0.617229 0.008433 0.012235
0 0.74814 0.615575 0.005704 0.00959
0 0.071553 0.613757 0.013145 0.013889
0 0.051091 0.612269 0.022817 0.025463
0 0.363467 0.621858 0.017609 0.04795
0 0.355903 0.599206 0.006944 0.013228
0 0.46441 0.625992 0.029514 0.074735
0 0.195809 0.58912 0.004216 0.010913
0 0.402654 0.59375 0.009177 0.026786
0 0.206969 0.585152 0.008681 0.022156
0 0.459573 0.573578 0.00744 0.008929
0 0.410466 0.573082 0.006448 0.009921
0 0.399802 0.570933 0.010913 0.010913
0 0.34065 0.570602 0.004216 0.010913
0 0.350198 0.571925 0.009425 0.022817
0 0.053075 0.572751 0.010913 0.028439
0 0.403894 0.5625 0.008681 0.009259
0 0.737351 0.561343 0.025794 0.00959
0 0.09003 0.5792 0.050099 0.047288
0 0.173983 0.561673 0.012153 0.013558
0 0.625992 0.562996 0.009921 0.020833
0 0.450273 0.558366 0.00372 0.019511
0 0.493552 0.564815 0.044147 0.044312
0 0.500248 0.539352 0.006448 0.005952
0 0.603919 0.540179 0.006448 0.00959
0 0.383557 0.552579 0.014633 0.058201
0 0.889385 0.54084 0.084821 0.03869
0 0.562128 0.56713 0.114831 0.102513
0 0.372892 0.518353 0.007192 0.00959
0 0.447793 0.528439 0.022569 0.032407
0 0.34747 0.515542 0.00744 0.007275
0 0.403894 0.527282 0.016617 0.043981
0 0.46689 0.508433 0.006696 0.012235
0 0.881944 0.509259 0.031746 0.016534
0 0.695437 0.549272 0.018849 0.114418
0 0.919767 0.506614 0.013641 0.031085
0 0.615823 0.496693 0.011905 0.017857
0 0.353051 0.509755 0.038938 0.048611
0 0.553075 0.502811 0.008929 0.041336
0 0.625 0.475529 0.00496 0.009921
0 0.700769 0.472057 0.008185 0.00959
0 0.614707 0.47123 0.009177 0.022487
0 0.704985 0.458499 0.004712 0.010913
0 0.356523 0.467593 0.021577 0.029101
0 0.791543 0.45205 0.005208 0.007937
0 0.464286 0.455853 0.011905 0.018188
0 0.44308 0.448082 0.009177 0.009259
0 0.622892 0.449239 0.009673 0.012897
0 0.519717 0.448909 0.013641 0.025463
0 0.611607 0.440972 0.013393 0.011574
0 0.716394 0.434689 0.013641 0.021495
0 0.614211 0.426257 0.008185 0.011243
0 0.486483 0.421131 0.00372 0.014881
0 0.044891 0.415179 0.010417 0.006944
0 0.49814 0.475198 0.043899 0.131614
0 0.529638 0.418485 0.005208 0.019511
0 0.440972 0.417659 0.039683 0.031085
0 0.521081 0.406911 0.012897 0.010913
0 0.411954 0.404101 0.006944 0.007275
0 0.546627 0.409226 0.008929 0.030093
0 0.487103 0.398313 0.00496 0.008929
0 0.592014 0.451554 0.026786 0.12004
0 0.341642 0.390212 0.021577 0.013228
0 0.371528 0.385582 0.024306 0.009259
0 0.136161 0.378803 0.057044 0.018188
0 0.18812 0.372189 0.005704 0.007606
0 0.85119 0.363591 0.006944 0.00959
0 0.616691 0.347388 0.008681 0.01422
0 0.831101 0.306713 0.009921 0.010251
0 0.355531 0.304398 0.012153 0.005622
0 0.751488 0.310351 0.018353 0.091601
0 0.832341 0.26918 0.008929 0.03836
0 0.814732 0.270833 0.013393 0.041667
0 0.717758 0.259921 0.013889 0.019841
0 0.089906 0.254464 0.012649 0.008929
