0 0.276786 0.991237 0.02629 0.017526
0 0.2562 0.987434 0.019345 0.011243
0 0.230779 0.988922 0.016617 0.014881
0 0.208333 0.988757 0.035714 0.022487
0 0.265005 0.962302 0.013145 0.010582
0 0.28373 0.958333 0.010417 0.007275
0 0.260293 0.955192 0.013641 0.008267
0 0.545139 0.946925 0.006944 0.007606
0 0.335689 0.944444 0.011657 0.005291
0 0.321801 0.9542 0.017609 0.026786
0 0.351438 0.940476 0.006944 0.006614
0 0.277654 0.944444 0.021577 0.016534
0 0.249132 0.939649 0.009177 0.008267
0 0.260169 0.942295 0.012401 0.01422
0 0.304067 0.934358 0.020833 0.020833
0 0.22123 0.924934 0.008929 0.008598
0 0.259921 0.92543 0.035218 0.016204
0 0.350074 0.921131 0.008185 0.00959
0 0.342386 0.923942 0.040427 0.027778
0 0.3125 0.917163 0.017857 0.015542
0 0.412202 0.912698 0.00744 0.007937
0 0.312872 0.907573 0.005704 0.006944
0 0.270709 0.909226 0.045883 0.029431
0 0.346478 0.900794 0.009921 0.013889
0 0.319568 0.896329 0.008681 0.010251
0 0.328001 0.898148 0.003224 0.01455
0 0.421007 0.879795 0.018105 0.02877
0 0.375372 0.872189 0.019097 0.019511
0 0.34995 0.860946 0.006448 0.00959
0 0.298115 0.860946 0.011905 0.010251
0 0.498016 0.850529 0.010913 0.007937
0 0.34189 0.852017 0.014633 0.011574
0 0.407366 0.86078 0.023562 0.030423
0 0.436632 0.868386 0.042907 0.056217
0 0.734375 0.849868 0.015377 0.027116
0 0.461806 0.835979 0.005456 0.012566
0 0.359003 0.824901 0.010665 0.00496
0 0.447917 0.826389 0.016865 0.025132
0 0.435144 0.809358 0.016617 0.010913
0 0.494544 0.800761 0.00496 0.007606
0 0.480531 0.833499 0.041915 0.07705
0 0.477059 0.785218 0.0062 0.015542
0 0.469742 0.780258 0.010417 0.014881
0 0.558904 0.777943 0.009177 0.010913
0 0.492188 0.780423 0.015625 0.02381
0 0.471478 0.766204 0.012897 0.008598
0 0.458209 0.766204 0.011657 0.012566
0 0.516989 0.773975 0.017609 0.030754
0 0.447173 0.757771 0.008433 0.007606
0 0.478299 0.744378 0.007688 0.007275
0 0.464038 0.748512 0.015377 0.026786
0 0.489831 0.703704 0.019841 0.011905
0 0.544395 0.669147 0.009425 0.006283
0 0.500868 0.669808 0.012153 0.008267
0 0.526042 0.669147 0.012897 0.010913
0 0.9406 0.729332 0.1188 0.138558
0 0.959201 0.649306 0.013145 0.010913
0 0.507564 0.648975 0.008681 0.010251
0 0.990203 0.642526 0.008681 0.009259
0 0.492188 0.63211 0.007192 0.005622
0 0.973958 0.63955 0.027778 0.031746
0 0.941716 0.628142 0.009425 0.012897
0 0.953001 0.626157 0.011657 0.018849
0 0.935764 0.618056 0.00744 0.006614
0 0.517361 0.583333 0.005456 0.007937
0 0.457217 0.578042 0.009673 0.007937
0 0.09623 0.570933 0.006944 0.006944
0 0.447049 0.547123 0.024058 0.010913
0 0.78249 0.551091 0.06002 0.051918
0 0.431796 0.522156 0.018353 0.022487
0 0.336062 0.513062 0.010417 0.005622
0 0.004464 0.526786 0.008929 0.036376
0 0.762773 0.515377 0.018105 0.016865
0 0.134425 0.524306 0.024802 0.03869
0 0.15749 0.524802 0.021329 0.041667
0 0.746032 0.506614 0.007937 0.007937
0 0.971106 0.511409 0.057788 0.021495
0 0.93564 0.502646 0.007192 0.007937
0 0.12996 0.499339 0.012897 0.00463
0 0.325769 0.500165 0.022569 0.00959
0 0.005828 0.500496 0.011657 0.010251
0 0.053323 0.526951 0.023313 0.066468
0 0.906994 0.499835 0.027282 0.013558
0 0.744668 0.494709 0.008185 0.007937
0 0.695809 0.515708 0.043899 0.049934
0 0.775546 0.502149 0.047619 0.031415
0 0.722098 0.494544 0.038938 0.041336
0 0.125744 0.471065 0.006448 0.011574
0 0.207217 0.454861 0.004712 0.010913
0 0.077877 0.46875 0.020337 0.041997
0 0.683036 0.452877 0.014385 0.012235
0 0.441592 0.448413 0.005704 0.007937
0 0.176835 0.45453 0.00496 0.022817
0 0.231151 0.474041 0.040675 0.064484
0 0.391617 0.438492 0.014385 0.007275
0 0.111607 0.431217 0.00744 0.011905
0 0.430928 0.422123 0.009177 0.00496
0 0.459449 0.41088 0.008681 0.006283
0 0.400794 0.413856 0.007937 0.016865
0 0.158978 0.439649 0.024802 0.075066
0 0.016245 0.43006 0.03249 0.075728
0 0.457713 0.394511 0.014137 0.010582
0 0.044271 0.387731 0.016617 0.005622
0 0.078745 0.385086 0.040923 0.013558
0 0.661582 0.370536 0.026042 0.006944
0 0.481523 0.378968 0.049355 0.025132
0 0.440104 0.371693 0.005208 0.022487
0 0.910218 0.354663 0.005456 0.014881
0 0.996032 0.349206 0.007937 0.009921
0 0.22495 0.350694 0.007937 0.027447
0 0.767733 0.344907 0.016617 0.045635
0 0.997644 0.321925 0.004712 0.008929
0 0.446801 0.323413 0.012649 0.013889
0 0.665303 0.312004 0.005704 0.008267
0 0.452133 0.303241 0.004464 0.010582
0 0.220238 0.316303 0.008929 0.037368
0 0.718874 0.335483 0.070188 0.089616
0 0.40315 0.294478 0.004712 0.010251
0 0.436756 0.300265 0.012897 0.027778
0 0.65873 0.272817 0.003472 0.012566
0 0.474082 0.261739 0.005704 0.013558
0 0.456845 0.262731 0.010913 0.024802
0 0.990079 0.286706 0.019841 0.073413
0 0.910838 0.258102 0.031002 0.016204
0 0.401414 0.259921 0.007192 0.019841
0 0.375744 0.261243 0.015873 0.022487
