0 0.408854 0.986442 0.007688 0.011905
0 0.621776 0.984954 0.012401 0.030093
0 0.490079 0.965939 0.015377 0.008598
0 0.448165 0.948578 0.006448 0.008267
0 0.488715 0.938492 0.014137 0.005952
0 0.433284 0.733135 0.004464 0.01455
0 0.418527 0.715443 0.006696 0.023479
0 0.576141 0.684524 0.022817 0.012566
0 0.415923 0.663856 0.008929 0.047288
0 0.997272 0.637566 0.005456 0.010582
0 0.450149 0.643022 0.009425 0.032077
0 0.583085 0.630126 0.009921 0.006944
0 0.434648 0.634921 0.004712 0.017196
0 0.996156 0.623181 0.007688 0.010913
0 0.414683 0.622685 0.006448 0.021164
0 0.610119 0.617725 0.00496 0.017857
0 0.37376 0.610946 0.013393 0.018849
0 0.451513 0.604828 0.007688 0.013889
0 0.386781 0.610284 0.010665 0.027447
0 0.357515 0.604332 0.010665 0.026124
0 0.553571 0.587963 0.008929 0.018519
0 0.607763 0.573743 0.006696 0.022487
0 0.576265 0.568287 0.033482 0.017526
0 0.321057 0.557044 0.008681 0.007606
0 0.196181 0.559358 0.012897 0.020172
0 0.566964 0.551257 0.006448 0.006614
0 0.363839 0.552083 0.016865 0.020172
0 0.586186 0.547454 0.010169 0.015542
0 0.99442 0.543981 0.011161 0.009921
0 0.848958 0.545966 0.022817 0.01455
0 0.832961 0.55291 0.041419 0.028439
0 0.801215 0.542328 0.014633 0.022487
0 0.24318 0.537368 0.007192 0.012566
0 0.374132 0.543816 0.026042 0.032738
0 0.230531 0.532242 0.014137 0.012235
0 0.439732 0.530589 0.011409 0.011574
0 0.798859 0.529101 0.013393 0.010582
0 0.49876 0.524802 0.006448 0.013889
0 0.567956 0.529431 0.008929 0.025132
0 0.362227 0.51918 0.007192 0.013889
0 0.584201 0.515708 0.006696 0.008267
0 0.809276 0.517526 0.008929 0.012566
0 0.438492 0.51422 0.003968 0.013889
0 0.264013 0.513724 0.007192 0.015542
0 0.373636 0.518022 0.021577 0.030754
0 0.789807 0.510251 0.029018 0.021164
0 0.605655 0.521329 0.025794 0.045966
0 0.321057 0.500661 0.008681 0.007275
0 0.403894 0.488261 0.007688 0.007606
0 0.769593 0.50959 0.016369 0.055556
0 0.153646 0.486772 0.005704 0.009921
0 0.487227 0.506283 0.028026 0.058201
0 0.202505 0.480655 0.006696 0.008267
0 0.27443 0.476356 0.007192 0.010251
0 0.450397 0.475529 0.008433 0.009259
0 0.902902 0.475033 0.014633 0.010913
0 0.78125 0.474372 0.013393 0.012897
0 0.233879 0.498347 0.049107 0.061508
0 0.197669 0.468089 0.008929 0.008267
0 0.325645 0.465774 0.008433 0.005622
0 0.855407 0.465608 0.00496 0.007937
0 0.975694 0.471561 0.021329 0.030423
0 0.417659 0.473214 0.013393 0.039683
0 0.642609 0.456349 0.008929 0.008598
0 0.384053 0.455192 0.014633 0.008267
0 0.235119 0.4542 0.016369 0.013558
0 0.281374 0.455026 0.008185 0.015873
0 0.433284 0.485615 0.027282 0.077712
0 0.302703 0.456845 0.010665 0.022817
0 0.314484 0.451885 0.007937 0.01422
0 0.776786 0.450893 0.009921 0.012897
0 0.755456 0.445933 0.013393 0.01422
0 0.955853 0.442791 0.011409 0.012566
0 0.235243 0.439319 0.007688 0.006944
0 0.926959 0.443948 0.022073 0.019511
0 0.14943 0.433697 0.005704 0.007606
0 0.22619 0.433532 0.008929 0.007937
0 0.378596 0.425595 0.010169 0.010582
0 0.934524 0.425761 0.010417 0.012235
0 0.436508 0.425926 0.010417 0.015212
0 0.25062 0.42295 0.009673 0.009259
0 0.257068 0.427579 0.014633 0.01918
0 0.995412 0.425265 0.009177 0.017196
0 0.19246 0.418981 0.008433 0.011905
0 0.894593 0.415509 0.013393 0.018849
0 0.786334 0.413525 0.015625 0.016865
0 0.974082 0.407077 0.009673 0.006614
0 0.173115 0.416997 0.016865 0.030423
0 0.74442 0.406085 0.013145 0.017196
0 0.223462 0.408399 0.035218 0.029762
0 0.886037 0.399306 0.0062 0.01422
0 0.915675 0.402447 0.02629 0.02381
0 0.179439 0.394015 0.019097 0.012235
0 0.699405 0.392526 0.008433 0.016534
0 0.518973 0.393684 0.013145 0.020172
0 0.370536 0.386905 0.006448 0.012566
0 0.222966 0.384425 0.005456 0.013558
0 0.191964 0.377646 0.020337 0.011905
0 0.836806 0.375827 0.00496 0.008929
0 0.524182 0.372851 0.005208 0.012235
0 0.988343 0.364583 0.010417 0.010251
0 0.729043 0.366898 0.009673 0.016204
0 0.65129 0.364087 0.00744 0.010582
0 0.642981 0.362103 0.005704 0.007275
0 0.512649 0.366567 0.006944 0.019511
0 0.617436 0.362765 0.005208 0.016534
0 0.837674 0.363095 0.017113 0.020503
0 0.781746 0.362765 0.022817 0.022487
0 0.861855 0.352513 0.00496 0.009259
0 0.879588 0.365906 0.016617 0.045966
0 0.817708 0.347057 0.012401 0.012897
0 0.46379 0.353009 0.011905 0.028108
0 0.477307 0.345073 0.007192 0.013558
0 0.800223 0.346892 0.020089 0.018519
0 0.759673 0.338955 0.005952 0.007275
0 0.518849 0.335483 0.00744 0.012235
0 0.634673 0.341104 0.039683 0.024802
0 0.356895 0.331349 0.007937 0.008598
0 0.955481 0.33168 0.0062 0.009921
0 0.551959 0.337136 0.02753 0.020833
0 0.830605 0.333168 0.019345 0.019511
0 0.46999 0.328208 0.005952 0.011574
0 0.347966 0.33416 0.006944 0.024802
0 0.690476 0.326389 0.005456 0.011243
0 0.678075 0.321759 0.006944 0.006614
0 0.702381 0.323743 0.00744 0.012566
0 0.604167 0.326058 0.018849 0.022487
0 0.55568 0.318287 0.007192 0.008929
0 0.633805 0.324901 0.020089 0.022817
0 0.304812 0.317295 0.005456 0.008929
0 0.081473 0.325231 0.011161 0.024802
0 0.855035 0.333499 0.017113 0.042659
0 0.994668 0.321925 0.010665 0.023479
0 0.802083 0.318287 0.017857 0.023479
0 0.618924 0.313823 0.009177 0.015873
0 0.302207 0.307374 0.0062 0.008267
0 0.581597 0.306878 0.006448 0.008598
0 0.805184 0.301587 0.007192 0.005952
0 0.070312 0.308366 0.016617 0.022817
0 0.626984 0.302083 0.005952 0.010913
0 0.592138 0.311839 0.012649 0.033069
0 0.643601 0.299769 0.004464 0.010913
0 0.751736 0.303737 0.008433 0.023479
0 0.286086 0.2958 0.007688 0.012897
0 0.566468 0.307044 0.015873 0.041336
0 0.886657 0.301753 0.020833 0.035384
0 0.490451 0.30506 0.024058 0.045304
0 0.080605 0.286872 0.006944 0.00959
0 0.733755 0.291171 0.017609 0.027447
0 0.991195 0.285384 0.017609 0.020503
0 0.71751 0.275794 0.008929 0.006614
0 0.622396 0.277612 0.006696 0.010913
0 0.475818 0.285714 0.013145 0.031085
0 0.815476 0.277282 0.010913 0.020833
0 0.600322 0.283234 0.030506 0.034722
0 0.571429 0.267857 0.010913 0.006614
0 0.674727 0.270833 0.0062 0.017857
0 0.891369 0.26918 0.008929 0.015873
0 0.943576 0.27166 0.019593 0.022156
0 0.539931 0.265046 0.00744 0.008929
0 0.666171 0.259425 0.006448 0.00959
0 0.521577 0.259921 0.008433 0.010582
0 0.578125 0.256448 0.009921 0.010251
0 0.808532 0.260417 0.018849 0.018849
0 0.752976 0.255456 0.00744 0.008929
0 0.532986 0.256283 0.009425 0.010582
0 0.502604 0.258598 0.013145 0.015873
0 0.119792 0.256448 0.006448 0.011574
0 0.985243 0.253142 0.008681 0.006283
0 0.846354 0.287368 0.076637 0.074735
0 0.835441 0.252646 0.008185 0.005291
0 0.733755 0.255291 0.015129 0.010582
0 0.487847 0.258433 0.012401 0.016865
0 0.467758 0.283234 0.027778 0.066468
0 0.417163 0.284392 0.016369 0.068783
0 0.356895 0.268684 0.006944 0.037368
