0 0.948289 0.997189 0.008185 0.005622
0 0.978051 0.993056 0.015129 0.013889
0 0.311384 0.979497 0.004216 0.009259
0 0.303447 0.981151 0.007688 0.015212
0 0.968626 0.974372 0.010665 0.015542
0 0.295635 0.963459 0.011905 0.013558
0 0.280506 0.936839 0.005456 0.013228
0 0.902282 0.928737 0.019345 0.017526
0 0.044395 0.879299 0.037698 0.028439
0 0.854043 0.886574 0.028522 0.046958
0 0.94308 0.795635 0.005704 0.01455
0 0.93254 0.791005 0.007937 0.012566
0 0.958085 0.780589 0.019841 0.039352
0 0.935888 0.764054 0.015129 0.016204
0 0.908606 0.831019 0.113839 0.166005
0 0.982143 0.715278 0.022321 0.009259
0 0.889013 0.716766 0.032986 0.026124
0 0.401166 0.691138 0.008681 0.008598
0 0.420387 0.668651 0.012401 0.006614
0 0.99566 0.645337 0.008681 0.00959
0 0.748016 0.625827 0.00496 0.010913
0 0.324405 0.607804 0.010417 0.009921
0 0.976811 0.585152 0.014633 0.010251
0 0.992312 0.578042 0.011409 0.015873
0 0.972966 0.565972 0.028274 0.030754
0 0.995288 0.537698 0.006448 0.006614
0 0.972718 0.541005 0.014881 0.015212
0 0.456969 0.544643 0.009673 0.025794
0 0.887153 0.535053 0.010417 0.031746
0 0.418031 0.522156 0.017113 0.005952
0 0.189732 0.482474 0.022321 0.005952
0 0.334697 0.479167 0.077629 0.03373
0 0.41245 0.498181 0.054067 0.079696
0 0.347842 0.462467 0.049851 0.014881
0 0.390253 0.457011 0.012153 0.00463
0 0.937004 0.520007 0.050595 0.141204
0 0.308036 0.452877 0.011409 0.010251
0 0.456845 0.450397 0.007937 0.008598
0 0.319568 0.441468 0.006696 0.012566
0 0.844742 0.432374 0.006944 0.013558
0 0.368924 0.433201 0.024554 0.021825
0 0.310516 0.412533 0.010417 0.00496
0 0.997148 0.417824 0.005704 0.018849
0 0.365203 0.411872 0.016617 0.008929
0 0.729291 0.405589 0.013641 0.003638
0 0.022817 0.451554 0.045635 0.095569
0 0.563244 0.413856 0.015873 0.026124
0 0.581101 0.411045 0.005952 0.023148
0 0.232019 0.405754 0.008185 0.017196
0 0.687252 0.39881 0.008433 0.008598
0 0.842014 0.396495 0.012401 0.008598
0 0.819196 0.396991 0.022321 0.010913
0 0.24442 0.40129 0.017113 0.019511
0 0.265997 0.427414 0.071181 0.074405
0 0.59871 0.405258 0.022817 0.031415
0 0.769593 0.386905 0.013393 0.005952
0 0.883185 0.394841 0.009425 0.02381
0 0.563492 0.390046 0.014385 0.021495
0 0.782738 0.382606 0.005456 0.009259
0 0.735491 0.385582 0.026042 0.021825
0 0.595982 0.37963 0.006448 0.013228
0 0.605655 0.380787 0.010417 0.023479
0 0.299231 0.387731 0.032986 0.038029
0 0.256448 0.366402 0.005456 0.009259
0 0.273065 0.364914 0.012897 0.010251
0 0.234871 0.376819 0.015873 0.034722
0 0.762277 0.350033 0.036458 0.016865
0 0.366071 0.377315 0.092758 0.074074
0 0.400422 0.345238 0.015625 0.015873
0 0.054315 0.316138 0.015377 0.007937
0 0.165055 0.309524 0.007192 0.009259
0 0.018849 0.257606 0.027282 0.015212
