0 0.035218 0.739583 0.009921 0.013558
0 0.160838 0.719577 0.007192 0.007937
0 0.074653 0.719081 0.006448 0.006944
0 0.137401 0.719411 0.00744 0.016204
0 0.157366 0.71627 0.008681 0.012566
0 0.117436 0.715939 0.013641 0.01918
0 0.037574 0.716435 0.015129 0.02414
0 0.071057 0.706515 0.010169 0.018849
0 0.106895 0.687169 0.007937 0.007275
0 0.168527 0.686012 0.007192 0.007606
0 0.15005 0.62996 0.00744 0.008598
0 0.060268 0.629464 0.012897 0.021495
0 0.147569 0.612599 0.007937 0.008929
0 0.146205 0.597222 0.013641 0.018519
0 0.144841 0.573082 0.006944 0.007937
0 0.140501 0.561508 0.007192 0.011243
0 0.186508 0.55787 0.004464 0.011905
0 0.274182 0.553406 0.0062 0.011574
0 0.285962 0.553902 0.007937 0.013889
0 0.170511 0.571594 0.03497 0.055886
0 0.707961 0.547288 0.005704 0.008598
0 0.123016 0.548446 0.00496 0.011574
0 0.208457 0.55043 0.022569 0.048611
0 0.345114 0.535053 0.010169 0.021825
0 0.19184 0.536045 0.012649 0.035053
0 0.189856 0.481316 0.008681 0.008929
0 0.709449 0.501157 0.016617 0.061177
0 0.156002 0.512897 0.067956 0.093254
0 0.447545 0.458829 0.010665 0.008267
0 0.126116 0.457341 0.0062 0.007275
0 0.042783 0.457672 0.0062 0.008598
0 0.388021 0.450728 0.008185 0.011243
0 0.888145 0.447255 0.012897 0.018849
0 0.852803 0.443287 0.007192 0.016865
0 0.426091 0.434193 0.008433 0.012566
0 0.150918 0.444279 0.050843 0.033399
0 0.475446 0.429067 0.006944 0.008929
0 0.891989 0.429067 0.005704 0.016865
0 0.359499 0.428737 0.012649 0.025463
0 0.839534 0.426257 0.011409 0.021825
0 0.861731 0.4208 0.007192 0.015542
0 0.22433 0.42295 0.008681 0.022487
0 0.615947 0.417493 0.004712 0.01422
0 0.725694 0.409722 0.006448 0.007275
0 0.156498 0.411541 0.005952 0.010913
0 0.129836 0.409722 0.009673 0.009259
0 0.202133 0.406746 0.003968 0.009921
0 0.163442 0.396825 0.011905 0.009259
0 0.02939 0.388393 0.012153 0.012235
0 0.636657 0.384425 0.006944 0.006944
0 0.227555 0.385086 0.008185 0.012235
0 0.677455 0.378638 0.0062 0.009259
0 0.849206 0.380622 0.009921 0.017196
0 0.081597 0.373181 0.00496 0.00959
0 0.503596 0.371032 0.007688 0.007275
0 0.823413 0.368386 0.008433 0.005952
0 0.163194 0.37037 0.00744 0.013228
0 0.61756 0.380291 0.021329 0.035053
0 0.095362 0.366898 0.008185 0.013558
0 0.820809 0.358631 0.006696 0.008267
0 0.022445 0.360946 0.013641 0.01422
0 0.106771 0.359127 0.010169 0.011905
0 0.196181 0.368882 0.013393 0.037368
0 0.083209 0.354167 0.0062 0.011905
0 0.615327 0.350198 0.007937 0.007937
0 0.176215 0.354167 0.018601 0.017857
0 0.044643 0.365741 0.020833 0.042328
0 0.002976 0.347553 0.005952 0.011243
0 0.027282 0.350364 0.011905 0.018188
0 0.517733 0.345403 0.023065 0.016204
0 0.988839 0.339451 0.009921 0.005622
0 0.749876 0.340278 0.007192 0.008598
0 0.041667 0.339286 0.00744 0.010582
0 0.397321 0.33912 0.006448 0.016865
0 0.997148 0.333333 0.005704 0.007275
0 0.366195 0.381448 0.09747 0.103505
0 0.011781 0.334656 0.017113 0.021164
0 0.491071 0.327381 0.006944 0.011905
0 0.066964 0.346561 0.024802 0.068122
0 0.759921 0.316468 0.009425 0.011905
0 0.383929 0.315807 0.00744 0.010582
0 0.355283 0.317791 0.008681 0.01455
0 0.234375 0.335152 0.076389 0.051257
0 0.37252 0.31713 0.012897 0.016534
0 0.40129 0.318618 0.014881 0.020172
0 0.188492 0.313327 0.00744 0.00959
0 0.80754 0.303737 0.006448 0.006944
0 0.752852 0.303406 0.007688 0.00959
0 0.25558 0.30291 0.009673 0.011905
0 0.994792 0.306548 0.010417 0.029762
0 0.238963 0.295139 0.020585 0.02414
0 0.279018 0.289187 0.024306 0.02414
0 0.71255 0.272983 0.008929 0.008929
0 0.257192 0.274306 0.008929 0.012897
0 0.981771 0.271991 0.014633 0.00959
0 0.014385 0.270503 0.011409 0.007937
0 0.241443 0.271825 0.020585 0.013228
0 0.365575 0.274306 0.011905 0.019511
0 0.409102 0.270833 0.010665 0.013228
0 0.749132 0.276951 0.022569 0.027447
0 0.779762 0.274306 0.021329 0.02877
0 0.50124 0.264881 0.006448 0.010582
0 0.397197 0.266369 0.009673 0.02414
0 0.248264 0.256448 0.005456 0.010251
0 0.420387 0.252811 0.008433 0.00496
0 0.660466 0.253638 0.015873 0.007275
0 0.517857 0.263228 0.014881 0.026455
0 0.466022 0.256779 0.009425 0.013558
0 0.403894 0.253307 0.011657 0.006614
0 0.072173 0.260086 0.014881 0.020172
0 0.037574 0.291336 0.075149 0.082672
