0 0.288566 0.99537 0.023065 0.009259
0 0.463542 0.994874 0.009921 0.010251
0 0.177703 0.991237 0.008681 0.006944
0 0.31436 0.990575 0.010169 0.007606
0 0.34499 0.993221 0.013889 0.013558
0 0.371404 0.992725 0.031498 0.01455
0 0.009921 0.98793 0.019841 0.011574
0 0.287326 0.978009 0.013145 0.008929
0 0.837674 0.97371 0.021577 0.012235
0 0.318948 0.969246 0.009425 0.005952
0 0.403398 0.972388 0.020585 0.036706
0 0.649802 0.95668 0.004464 0.007937
0 0.948785 0.953538 0.010665 0.005622
0 0.37748 0.928241 0.007937 0.012566
0 0.41121 0.925595 0.010417 0.013228
0 0.675471 0.907407 0.010169 0.005952
0 0.520089 0.907738 0.015377 0.011905
0 0.614707 0.89914 0.012649 0.005291
0 0.41121 0.905754 0.011409 0.030423
0 0.342758 0.890212 0.012897 0.016534
0 0.357515 0.885417 0.009673 0.020172
0 0.408358 0.86293 0.013145 0.038029
0 0.548115 0.844742 0.010417 0.010251
0 0.501116 0.832341 0.013145 0.009921
0 0.455977 0.825893 0.008185 0.013558
0 0.480407 0.813327 0.042659 0.015542
0 0.070312 0.790344 0.012649 0.010582
0 0.350942 0.78373 0.008929 0.006614
0 0.358879 0.773313 0.008433 0.008267
0 0.979787 0.820767 0.040427 0.117725
0 0.028522 0.752811 0.017857 0.008267
0 0.389261 0.75248 0.006696 0.011574
0 0.372396 0.753307 0.029514 0.021164
0 0.713418 0.734954 0.073661 0.029431
0 0.458581 0.72834 0.006944 0.020172
0 0.425595 0.726852 0.024802 0.023148
0 0.393601 0.711971 0.011905 0.017857
0 0.898934 0.719907 0.105903 0.043651
0 0.025298 0.726687 0.050595 0.05787
0 0.050595 0.694279 0.008929 0.007606
0 0.532862 0.693948 0.019097 0.024802
0 0.119544 0.679894 0.02877 0.018519
0 0.451141 0.668816 0.005952 0.00959
0 0.458953 0.660549 0.006696 0.00959
0 0.831597 0.668485 0.035218 0.028108
0 0.837922 0.650298 0.013145 0.00959
0 0.940352 0.641534 0.0062 0.007275
0 0.417659 0.632771 0.00496 0.014881
0 0.208333 0.630291 0.020833 0.017196
0 0.240699 0.627976 0.019593 0.017857
0 0.223586 0.626157 0.009177 0.024802
0 0.453249 0.622685 0.012153 0.01918
0 0.481151 0.619709 0.012401 0.015212
0 0.331721 0.616567 0.007192 0.010251
0 0.508185 0.609458 0.003968 0.011905
0 0.272941 0.603836 0.026042 0.010582
0 0.924479 0.598214 0.012649 0.005952
0 0.858631 0.595403 0.005952 0.010251
0 0.539311 0.586971 0.011657 0.003307
0 0.317956 0.605489 0.018849 0.050265
0 0.268973 0.57953 0.004216 0.011574
0 0.369668 0.565807 0.016617 0.011905
0 0.90873 0.566799 0.044643 0.02381
0 0.219246 0.554067 0.012401 0.011574
0 0.912574 0.556713 0.027034 0.022817
0 0.305308 0.553406 0.011409 0.020172
0 0.548239 0.548115 0.004216 0.010913
0 0.527778 0.582341 0.046131 0.094577
0 0.233135 0.522321 0.013889 0.02414
0 0.432912 0.515708 0.011657 0.011574
0 0.837178 0.537864 0.019097 0.056548
0 0.876736 0.535218 0.049603 0.051918
0 0.468502 0.527943 0.073413 0.040013
0 0.370908 0.514716 0.038442 0.018849
0 0.477431 0.507275 0.017361 0.005952
0 0.350198 0.50744 0.006448 0.010251
0 0.445437 0.505622 0.003968 0.009259
0 0.27567 0.501653 0.006696 0.009921
0 0.269469 0.543651 0.052827 0.102513
0 0.366443 0.491898 0.02505 0.017526
0 0.365823 0.479663 0.012897 0.005622
0 0.90129 0.48793 0.045635 0.032738
0 0.019221 0.472553 0.038442 0.010582
0 0.669519 0.470403 0.0062 0.006944
0 0.404762 0.471726 0.006944 0.010251
0 0.376488 0.468585 0.003968 0.017857
0 0.866939 0.482804 0.017609 0.049603
0 0.495536 0.476356 0.065972 0.036706
0 0.235987 0.455357 0.006696 0.009259
0 0.291543 0.467097 0.03249 0.03869
0 0.279514 0.447421 0.009425 0.009921
0 0.544643 0.445767 0.007937 0.007937
0 0.31808 0.456349 0.014137 0.034392
0 0.396453 0.466766 0.029514 0.058532
0 0.187004 0.438161 0.005456 0.01455
0 0.343502 0.452712 0.035218 0.065476
0 0.670511 0.431878 0.009673 0.031746
0 0.322669 0.412368 0.013393 0.022487
0 0.285838 0.402282 0.009673 0.016204
0 0.189112 0.385086 0.005704 0.013558
0 0.323165 0.376323 0.008929 0.010582
0 0.27629 0.374835 0.006944 0.008267
0 0.735615 0.372354 0.003968 0.011905
0 0.075273 0.375 0.010169 0.017196
0 0.229911 0.371197 0.012897 0.021495
0 0.321801 0.351356 0.009177 0.012897
0 0.046007 0.346726 0.005208 0.017526
0 0.301587 0.334821 0.007937 0.010913
0 0.299479 0.328208 0.010665 0.010913
0 0.220114 0.35119 0.067212 0.058201
0 0.03745 0.32209 0.011409 0.013889
0 0.317708 0.316303 0.006448 0.010251
0 0.301215 0.310847 0.0062 0.013889
0 0.09003 0.306713 0.004464 0.010913
0 0.692708 0.311839 0.009921 0.030423
0 0.213666 0.287698 0.006696 0.008598
0 0.197669 0.289021 0.006944 0.018519
0 0.276166 0.272652 0.004216 0.012235
0 0.176959 0.267196 0.008681 0.011243
0 0.106399 0.28125 0.038194 0.039352
0 0.314236 0.268684 0.010913 0.018188
0 0.171751 0.258763 0.007192 0.008267
0 0.297619 0.264881 0.016865 0.029101
0 0.724578 0.302083 0.035466 0.104167
0 0.226687 0.279266 0.036706 0.058532
0 0.198041 0.262235 0.019097 0.024471
