0 0.295588 0.988023 0.005882 0.008275
0 0.332108 0.982143 0.013235 0.006969
0 0.474142 0.931402 0.010049 0.009146
0 0.458211 0.924652 0.013971 0.016551
0 0.030515 0.914199 0.01299 0.00784
0 0.942647 0.91115 0.009804 0.008711
0 0.002206 0.91311 0.004412 0.023955
0 0.00527 0.892422 0.010539 0.008711
0 0.451838 0.888502 0.010049 0.011324
0 0.411642 0.874129 0.007598 0.00784
0 0.025613 0.864547 0.008088 0.00784
0 0.354167 0.860627 0.006863 0.00784
0 0.34375 0.857143 0.006127 0.014808
0 0.963971 0.823171 0.012745 0.018293
0 0.592402 0.813153 0.007843 0.006969
0 0.483211 0.817726 0.011029 0.016115
0 0.589216 0.800958 0.009314 0.008711
0 0.502941 0.783537 0.028431 0.016551
0 0.443137 0.778528 0.009804 0.006533
0 0.421814 0.775915 0.010294 0.010017
0 0.976716 0.825784 0.046569 0.111498
0 0.490319 0.767857 0.010049 0.006969
0 0.398897 0.811411 0.08701 0.097561
0 0.468015 0.765462 0.015931 0.01176
0 0.532475 0.765244 0.019853 0.012195
0 0.627328 0.759146 0.080147 0.046167
0 0.555637 0.732578 0.018627 0.019164
0 0.728186 0.715157 0.009804 0.010453
0 0.772549 0.706228 0.028431 0.01176
0 0.486029 0.699477 0.011765 0.006098
0 0.553554 0.692944 0.011029 0.008711
0 0.528431 0.687282 0.015196 0.008711
0 0.541912 0.679225 0.010784 0.005662
0 0.780025 0.674652 0.017892 0.011324
0 0.514828 0.672692 0.008088 0.009146
0 0.841176 0.668554 0.012745 0.008711
0 0.731863 0.666594 0.011765 0.005662
0 0.007966 0.668336 0.009069 0.017857
0 0.775735 0.657883 0.021078 0.010017
0 0.821569 0.654834 0.019608 0.012631
0 0.910907 0.651786 0.047304 0.02047
0 0.02451 0.643946 0.008333 0.010017
0 0.940931 0.636977 0.013235 0.007404
0 0.628309 0.61324 0.0125 0.012195
0 0.613725 0.593206 0.027941 0.014808
0 0.63652 0.588415 0.008333 0.00784
0 0.865809 0.574042 0.015441 0.012195
0 0.98701 0.570775 0.020588 0.012631
0 0.801103 0.574477 0.033578 0.04007
0 0.828676 0.552483 0.011275 0.009146
0 0.891054 0.553789 0.007108 0.013502
0 0.915931 0.541812 0.009804 0.008711
0 0.993627 0.516986 0.012745 0.011324
0 0.328922 0.508493 0.026471 0.013502
0 0.855882 0.491289 0.023039 0.019164
0 0.007843 0.487805 0.015686 0.012195
0 0.385907 0.46581 0.01201 0.007404
0 0.40527 0.464068 0.01348 0.010017
0 0.319608 0.45797 0.021569 0.010889
0 0.993382 0.476916 0.013235 0.049652
0 0.532108 0.452526 0.038725 0.016551
0 0.273897 0.447082 0.014951 0.017857
0 0.287377 0.442944 0.008088 0.011324
0 0.473407 0.449477 0.068382 0.027875
0 0.413971 0.437936 0.046078 0.019599
0 0.456127 0.426611 0.011275 0.007404
0 0.482966 0.428136 0.021814 0.020906
0 0.452819 0.413328 0.033578 0.015679
0 0.936152 0.40331 0.01348 0.011324
0 0.4875 0.400261 0.008333 0.008711
0 0.516667 0.397648 0.018137 0.006969
0 0.467157 0.395035 0.016667 0.013066
0 0.651716 0.394599 0.017647 0.013937
0 0.590074 0.381315 0.006618 0.005662
0 0.500858 0.380226 0.01348 0.005226
0 0.536642 0.372169 0.010539 0.009146
0 0.625858 0.377613 0.031618 0.027875
0 0.852941 0.361716 0.012745 0.030923
0 0.705392 0.35649 0.005392 0.022213
0 0.322181 0.354965 0.011029 0.025261
0 0.803431 0.353441 0.007843 0.025697
0 0.876471 0.346908 0.010784 0.029181
0 0.175735 0.332535 0.009314 0.009146
0 0.308333 0.331228 0.012255 0.01176
0 0.370466 0.313371 0.006127 0.010889
0 0.974142 0.30662 0.015441 0.015679
0 0.64473 0.302918 0.005147 0.014373
0 0.67402 0.302265 0.003922 0.016551
0 0.113358 0.33689 0.024265 0.099739
0 0.55723 0.29878 0.010539 0.026132
0 0.467279 0.295078 0.017892 0.023955
0 0.159069 0.366943 0.061275 0.169425
0 0.320956 0.283754 0.004657 0.010889
0 0.862377 0.285932 0.003186 0.016986
0 0.562868 0.274608 0.01152 0.01176
0 0.00527 0.274172 0.010539 0.013502
0 0.704657 0.299652 0.031863 0.077526
0 0.461275 0.265244 0.009314 0.009582
0 0.511029 0.264808 0.007843 0.010453
0 0.570833 0.264808 0.004902 0.013937
0 0.024877 0.26851 0.007108 0.021341
0 0.558333 0.26176 0.009314 0.014808
0 0.720588 0.260235 0.016176 0.013502
0 0.519975 0.257404 0.01201 0.010453
0 0.511397 0.313153 0.077206 0.122822
0 0.47451 0.257186 0.005392 0.012631
0 0.946446 0.324042 0.040931 0.148084
0 0.79951 0.255009 0.008824 0.010017
0 0.785172 0.256533 0.01299 0.013066
0 0.545221 0.255662 0.004657 0.011324
0 0.318015 0.258275 0.008578 0.016551
0 0.306005 0.260017 0.004167 0.020035
0 0.246814 0.277221 0.082843 0.054443
0 0.005147 0.254573 0.007353 0.009146
