0 0.018229 0.943122 0.006696 0.007937
0 0.009549 0.922123 0.008185 0.008267
0 0.069072 0.903108 0.016617 0.005952
0 0.207589 0.897487 0.008433 0.007937
0 0.172247 0.893022 0.010665 0.00496
0 0.272941 0.889054 0.021081 0.008929
0 0.098586 0.873181 0.009177 0.00959
0 0.054936 0.86789 0.007192 0.008929
0 0.21751 0.865245 0.011409 0.006944
0 0.107887 0.852679 0.005952 0.006944
0 0.235987 0.852679 0.011161 0.010251
0 0.071553 0.851687 0.015625 0.018849
0 0.259921 0.837963 0.019841 0.009259
0 0.087426 0.835979 0.009177 0.007275
0 0.296007 0.829861 0.019097 0.005622
0 0.129464 0.833003 0.090278 0.050926
0 0.263393 0.793485 0.012401 0.006944
0 0.048487 0.770503 0.009177 0.007275
0 0.035466 0.767361 0.008433 0.006944
0 0.023313 0.765377 0.006944 0.006944
0 0.106275 0.764385 0.005704 0.011574
0 0.079737 0.767692 0.044891 0.030093
0 0.112971 0.750496 0.019097 0.010913
0 0.018973 0.735284 0.029018 0.015542
0 0.264013 0.727513 0.032986 0.018519
0 0.130828 0.731647 0.009673 0.029431
0 0.033234 0.705853 0.007937 0.005622
0 0.225694 0.700562 0.010417 0.006944
0 0.217882 0.689153 0.007192 0.006614
0 0.018849 0.688823 0.008929 0.008598
0 0.247396 0.694279 0.034474 0.026786
0 0.204737 0.687831 0.011657 0.015212
0 0.943948 0.682705 0.005952 0.006944
0 0.125868 0.688988 0.010665 0.02414
0 0.146205 0.683201 0.030506 0.017857
0 0.222594 0.675926 0.016617 0.011243
0 0.207589 0.673611 0.00744 0.007937
0 0.163566 0.676587 0.013641 0.01455
0 0.519345 0.67328 0.025298 0.015212
0 0.236483 0.667328 0.019593 0.010582
0 0.215898 0.663525 0.007192 0.006944
0 0.09561 0.679233 0.026042 0.039683
0 0.302827 0.654927 0.018849 0.008267
0 0.06932 0.65377 0.008185 0.006614
0 0.597222 0.6417 0.008433 0.006283
0 0.565104 0.639385 0.018601 0.010251
0 0.165179 0.636574 0.008929 0.006614
0 0.151786 0.639716 0.018353 0.012897
0 0.742684 0.642526 0.007688 0.024471
0 0.108507 0.624669 0.019593 0.023148
0 0.083457 0.621693 0.040923 0.020503
0 0.521949 0.631283 0.062252 0.042328
0 0.022817 0.641865 0.045635 0.064153
0 0.943576 0.626488 0.032986 0.039352
0 0.050843 0.614253 0.017361 0.018188
0 0.386161 0.611442 0.005456 0.013889
0 0.208333 0.645833 0.092758 0.083333
0 0.242436 0.604001 0.012153 0.00496
0 0.879092 0.608466 0.011161 0.015212
0 0.15377 0.616237 0.0625 0.032077
0 0.935392 0.602844 0.010665 0.007937
0 0.112599 0.603009 0.029762 0.01422
0 0.574777 0.605489 0.03249 0.028439
0 0.40997 0.594742 0.015377 0.007606
0 0.338294 0.593419 0.015377 0.005622
0 0.316964 0.592427 0.014881 0.005622
0 0.295635 0.590939 0.015873 0.005952
0 0.338418 0.585483 0.017113 0.005622
0 0.506696 0.590112 0.014385 0.016204
0 0.31746 0.58416 0.015377 0.005622
0 0.296627 0.582837 0.014881 0.005622
0 0.991443 0.579861 0.017113 0.015542
0 0.890253 0.57953 0.015625 0.020833
0 0.649678 0.572751 0.0062 0.011243
0 0.382068 0.578538 0.013641 0.024802
0 0.367188 0.573578 0.008185 0.015542
0 0.339162 0.56746 0.014633 0.005291
0 0.601066 0.570437 0.019593 0.012566
0 0.317584 0.566138 0.016121 0.005291
0 0.032862 0.588624 0.017113 0.050926
0 0.296999 0.564649 0.016121 0.005622
0 0.104415 0.573743 0.019841 0.027778
0 0.835069 0.567791 0.012401 0.016534
0 0.120412 0.566799 0.018105 0.021825
0 0.103051 0.552579 0.009673 0.008598
0 0.577257 0.539352 0.010169 0.011243
0 0.228547 0.542824 0.013145 0.018849
0 0.230903 0.557705 0.063492 0.058532
0 0.220362 0.527282 0.00372 0.016865
0 0.062128 0.556382 0.073661 0.076389
0 0.602183 0.522983 0.024802 0.020172
0 0.705729 0.551422 0.017609 0.08631
0 0.724702 0.511243 0.005456 0.007275
0 0.239459 0.51703 0.005208 0.020172
0 0.131324 0.530589 0.014137 0.048611
0 0.162326 0.5167 0.006696 0.02877
0 0.053199 0.510251 0.028026 0.017857
0 0.747024 0.506779 0.014385 0.01422
0 0.762401 0.505787 0.006944 0.016865
0 0.22247 0.506448 0.00744 0.018188
0 0.097966 0.5 0.02877 0.028439
0 0.048487 0.489914 0.005704 0.008929
0 0.739583 0.489914 0.013889 0.013558
0 0.72185 0.477348 0.0062 0.011574
0 0.241071 0.470073 0.005952 0.020833
0 0.764137 0.477183 0.009425 0.039021
0 0.645585 0.46412 0.009425 0.014881
0 0.618428 0.438823 0.005704 0.021825
0 0.641741 0.429729 0.009177 0.006944
0 0.568576 0.429563 0.004216 0.010582
0 0.229787 0.434028 0.0062 0.030754
0 0.594246 0.421627 0.007937 0.007275
0 0.25496 0.393519 0.011905 0.005952
0 0.570064 0.404266 0.032986 0.038029
0 0.168651 0.391204 0.005952 0.012566
0 0.133433 0.386409 0.008433 0.016204
0 0.099082 0.377811 0.008185 0.012897
0 0.59871 0.379134 0.005456 0.020172
0 0.19432 0.371032 0.017113 0.011243
0 0.533482 0.378472 0.061012 0.036045
0 0.099082 0.365079 0.011161 0.010582
0 0.576637 0.369048 0.010913 0.022487
0 0.503348 0.364253 0.010169 0.012897
0 0.529266 0.361442 0.015873 0.011905
0 0.191716 0.353009 0.009921 0.006283
0 0.707589 0.353505 0.006944 0.009921
0 0.563988 0.355489 0.011409 0.017857
0 0.989211 0.353505 0.021577 0.021825
0 0.143229 0.346396 0.007192 0.007606
0 0.568824 0.341601 0.008185 0.009259
0 0.599702 0.342097 0.025794 0.01422
0 0.154638 0.33879 0.011161 0.00959
0 0.734127 0.336971 0.010913 0.008598
0 0.130456 0.338624 0.011905 0.016534
0 0.985491 0.335813 0.007688 0.012235
0 0.992932 0.331845 0.014137 0.012897
0 0.576265 0.330522 0.0062 0.010913
0 0.490699 0.331019 0.010665 0.013228
0 0.450149 0.328538 0.011409 0.012897
0 0.675719 0.324405 0.009673 0.005291
0 0.755704 0.323743 0.009425 0.007275
0 0.139261 0.325562 0.019097 0.012897
0 0.6875 0.31961 0.00744 0.006944
0 0.470858 0.323082 0.010665 0.015212
0 0.117063 0.318948 0.006944 0.008929
0 0.001612 0.319279 0.003224 0.011574
0 0.563492 0.311673 0.008433 0.008929
0 0.465526 0.312004 0.006944 0.012235
0 0.994668 0.313988 0.010665 0.017526
0 0.599082 0.310185 0.009673 0.009921
0 0.363219 0.308366 0.009673 0.008929
0 0.649802 0.313823 0.003968 0.020503
0 0.129464 0.308862 0.013393 0.013889
0 0.550347 0.303737 0.006448 0.007606
0 0.387029 0.305225 0.007688 0.013228
0 0.666667 0.308862 0.014881 0.024471
0 0.445188 0.309028 0.019345 0.024802
0 0.361607 0.297288 0.023313 0.013889
0 0.675099 0.294974 0.008433 0.010582
0 0.59933 0.297454 0.016617 0.020172
0 0.372024 0.28588 0.008433 0.006283
0 0.184028 0.285549 0.006944 0.011574
0 0.005084 0.295635 0.010169 0.035053
0 0.229043 0.27629 0.009673 0.00959
0 0.562748 0.27414 0.009921 0.005952
0 0.692956 0.279927 0.002976 0.018188
0 0.025546 0.281911 0.032242 0.023479
0 0.048115 0.275132 0.016865 0.010582
0 0.503844 0.270007 0.007688 0.006944
0 0.007192 0.270007 0.005952 0.007606
0 0.512773 0.263228 0.006696 0.011905
0 0.488591 0.259425 0.007937 0.006283
0 0.524802 0.260913 0.005952 0.011243
0 0.391865 0.27629 0.039683 0.046627
0 0.221974 0.259755 0.014881 0.016204
0 0.472718 0.255952 0.008433 0.010582
0 0.962426 0.255622 0.022569 0.011243
0 0.751736 0.282242 0.080357 0.064484
0 0.630208 0.333829 0.072917 0.167659
0 0.592386 0.261574 0.03745 0.023148
0 0.540799 0.263228 0.025546 0.026455
0 0.239707 0.26207 0.025546 0.02414
0 0.18936 0.266204 0.044395 0.032407
0 0.00372 0.253307 0.00744 0.006614
