0 0.521081 0.995536 0.007937 0.008929
0 0.986483 0.992229 0.011161 0.015542
0 0.608631 0.990079 0.005456 0.011905
0 0.819568 0.991237 0.010169 0.017526
0 0.964782 0.986938 0.015873 0.020172
0 0.696553 0.977183 0.008681 0.011243
0 0.594866 0.968915 0.011161 0.009921
0 0.953249 0.971065 0.010665 0.016204
0 0.607887 0.967427 0.007937 0.014881
0 0.637773 0.964616 0.010665 0.015873
0 0.96131 0.95916 0.010913 0.008929
0 0.897817 0.960152 0.006944 0.010913
0 0.62004 0.974041 0.018353 0.051918
0 0.591022 0.954696 0.006944 0.013228
0 0.75744 0.948413 0.006944 0.010582
0 0.747644 0.969246 0.032986 0.061508
0 0.704737 0.943783 0.012649 0.010582
0 0.751984 0.931548 0.011409 0.017196
0 0.937128 0.932374 0.014633 0.019511
0 0.846726 0.918485 0.008929 0.010913
0 0.61818 0.91336 0.007192 0.007275
0 0.996404 0.919478 0.007192 0.022817
0 0.833705 0.911541 0.010665 0.012897
0 0.866443 0.95205 0.081597 0.095899
0 0.570188 0.894676 0.006944 0.011574
0 0.860243 0.900794 0.037946 0.027116
0 0.545139 0.888393 0.009425 0.011574
0 0.885789 0.884425 0.007688 0.007606
0 0.922371 0.884259 0.007937 0.010582
0 0.917039 0.873843 0.031002 0.018849
0 0.528274 0.874339 0.024306 0.029101
0 0.827505 0.845238 0.008185 0.009259
0 0.59809 0.841104 0.011657 0.017526
0 0.932044 0.834325 0.003472 0.012566
0 0.947917 0.824239 0.010913 0.005622
0 0.765377 0.823909 0.006944 0.008267
0 0.992436 0.821263 0.015129 0.010251
0 0.772693 0.814649 0.004216 0.011574
0 0.996032 0.789021 0.007937 0.011243
0 0.676587 0.783234 0.009921 0.010913
0 0.940228 0.794808 0.047619 0.05787
0 0.541667 0.760251 0.011905 0.005291
0 0.960441 0.751653 0.018601 0.007275
0 0.655878 0.750165 0.009177 0.010913
0 0.748636 0.741402 0.009177 0.007275
0 0.667163 0.744874 0.012897 0.022817
0 0.615947 0.73578 0.008185 0.005952
0 0.593626 0.719411 0.007688 0.008267
0 0.588914 0.713955 0.005704 0.007937
0 0.740947 0.713459 0.006696 0.015542
0 0.940352 0.703704 0.023065 0.01918
0 0.692088 0.7042 0.023562 0.031415
0 0.660838 0.687335 0.007688 0.005622
0 0.934772 0.682705 0.006448 0.010251
0 0.992188 0.702877 0.015625 0.059854
0 0.770213 0.674438 0.013145 0.008929
0 0.677951 0.675099 0.008681 0.010913
0 0.657738 0.672784 0.00496 0.008267
0 0.973834 0.679067 0.012153 0.023479
0 0.603671 0.645503 0.008929 0.007275
0 0.670139 0.643519 0.009921 0.006614
0 0.90997 0.647652 0.012401 0.019511
0 0.883557 0.645668 0.013145 0.019511
0 0.6219 0.643022 0.009673 0.019511
0 0.978547 0.647321 0.017113 0.031415
0 0.68874 0.656581 0.027282 0.053241
0 0.654762 0.641865 0.034722 0.040344
0 0.871652 0.626653 0.005704 0.015873
0 0.833581 0.619378 0.011905 0.009921
0 0.891245 0.622685 0.029514 0.027778
0 0.800967 0.611111 0.005208 0.009921
0 0.55506 0.592593 0.005456 0.007275
0 0.559028 0.587136 0.010913 0.010913
0 0.754092 0.587632 0.020089 0.026455
0 0.809524 0.58631 0.039683 0.025794
0 0.602307 0.56994 0.007192 0.006283
0 0.58755 0.565972 0.007937 0.011574
0 0.803819 0.558036 0.008929 0.008267
0 0.792287 0.559689 0.008681 0.011574
0 0.583085 0.55754 0.005456 0.009921
0 0.802827 0.548776 0.007937 0.00959
0 0.565476 0.558036 0.017857 0.028108
0 0.873264 0.546296 0.006448 0.009259
0 0.614831 0.54547 0.00496 0.008267
0 0.946305 0.542163 0.020089 0.026786
0 0.976811 0.52877 0.006696 0.009921
0 0.770957 0.549934 0.055804 0.058862
0 0.807912 0.521825 0.010665 0.008598
0 0.967262 0.563823 0.025794 0.123677
0 0.907862 0.521991 0.022073 0.040013
0 0.834697 0.531746 0.0563 0.085317
0 0.902282 0.489749 0.008929 0.012566
0 0.881324 0.476356 0.019593 0.021495
0 0.822545 0.470403 0.008185 0.010913
0 0.951885 0.483796 0.057044 0.041667
0 0.896205 0.467923 0.006696 0.009921
0 0.921131 0.446925 0.007937 0.015542
0 0.964038 0.450066 0.025794 0.022487
0 0.974082 0.442791 0.014633 0.011905
0 0.939484 0.440807 0.02877 0.027116
0 0.960317 0.430721 0.008433 0.008929
0 0.017113 0.428075 0.015873 0.016204
0 0.785962 0.416336 0.005952 0.009921
0 0.929563 0.415675 0.010913 0.012566
0 0.913318 0.418155 0.021081 0.021495
0 0.875 0.419147 0.015377 0.029431
0 0.826513 0.416005 0.019593 0.025132
0 0.774182 0.405919 0.005704 0.007606
0 0.715774 0.41121 0.009921 0.023479
0 0.910218 0.401786 0.008433 0.009921
0 0.859499 0.404597 0.010665 0.016865
0 0.829489 0.398313 0.010169 0.010913
0 0.94246 0.39418 0.011409 0.006614
0 0.739707 0.394841 0.0062 0.010582
0 0.725818 0.382275 0.006696 0.006614
0 0.967138 0.377149 0.004712 0.013558
0 0.713418 0.365741 0.011161 0.013889
0 0.728299 0.378968 0.016121 0.041005
0 0.997396 0.362269 0.005208 0.008267
0 0.680556 0.3583 0.008433 0.008929
0 0.364583 0.345238 0.006944 0.005952
0 0.802207 0.374504 0.077629 0.06713
0 0.839534 0.343419 0.009921 0.008929
0 0.020089 0.368386 0.040179 0.059524
0 0.022445 0.341435 0.006696 0.005622
0 0.75682 0.34375 0.004712 0.018188
0 0.695685 0.344246 0.024306 0.020503
0 0.911334 0.339782 0.010665 0.014881
0 0.350446 0.333664 0.014385 0.016534
0 0.985615 0.371197 0.02877 0.098876
0 0.85119 0.327712 0.00496 0.01455
0 0.769841 0.335152 0.020337 0.030093
0 0.94246 0.325231 0.015873 0.012235
0 0.741815 0.320106 0.012401 0.011243
0 0.946429 0.313327 0.011409 0.006283
0 0.023189 0.317791 0.014137 0.015212
0 0.853299 0.312004 0.012649 0.006944
0 0.727555 0.312169 0.013145 0.008598
0 0.047991 0.306052 0.011161 0.007606
0 0.915923 0.30787 0.013889 0.015212
0 0.765873 0.2958 0.015377 0.015542
0 0.890997 0.292328 0.009673 0.009259
0 0.89881 0.285549 0.006944 0.006944
0 0.327629 0.285714 0.005456 0.016534
0 0.764633 0.273975 0.005456 0.008929
0 0.784102 0.285053 0.019593 0.031746
0 0.804315 0.28373 0.013889 0.031746
0 0.834697 0.279762 0.043899 0.029762
0 0.976687 0.268684 0.017857 0.033399
0 0.774306 0.258763 0.008433 0.013558
0 0.959077 0.297288 0.037202 0.094577
0 0.715154 0.28373 0.084573 0.06746
0 0.346106 0.281911 0.017609 0.063823
