0 0.268105 0.996693 0.009921 0.006614
0 0.293651 0.996032 0.007937 0.007937
0 0.145957 0.994048 0.011657 0.011905
0 0.124504 0.992229 0.02381 0.015542
0 0.655754 0.992063 0.020833 0.015873
0 0.280754 0.992063 0.013889 0.015873
0 0.784102 0.987434 0.007688 0.011905
0 0.061384 0.987765 0.012153 0.024471
0 0.731771 0.987103 0.015625 0.025794
0 0.292535 0.978836 0.0062 0.010582
0 0.134921 0.979993 0.00744 0.012897
0 0.160714 0.976521 0.011905 0.008598
0 0.776538 0.97338 0.005952 0.00959
0 0.262153 0.968915 0.008433 0.006614
0 0.085069 0.975364 0.041171 0.049272
0 0.53063 0.952546 0.005704 0.007606
0 0.159846 0.951389 0.007688 0.008598
0 0.321305 0.959987 0.050347 0.029762
0 0.575397 0.947586 0.011409 0.011574
0 0.137277 0.950397 0.023562 0.023148
0 0.97433 0.938161 0.011161 0.005291
0 0.759425 0.94213 0.014385 0.027778
0 0.572049 0.92295 0.010665 0.013228
0 0.15935 0.923611 0.020585 0.016534
0 0.004464 0.924934 0.008929 0.020503
0 0.351066 0.916005 0.011657 0.008598
0 0.516121 0.915509 0.005952 0.008929
0 0.354539 0.908896 0.009177 0.008929
0 0.030382 0.926257 0.060764 0.053571
0 0.930556 0.90377 0.010417 0.009259
0 0.129464 0.892857 0.009921 0.017857
0 0.564236 0.888228 0.009425 0.009259
0 0.933656 0.888393 0.018601 0.02414
0 0.963294 0.902116 0.034226 0.060185
0 0.026042 0.888062 0.045139 0.033399
0 0.164683 0.872685 0.005456 0.007937
0 0.190848 0.931878 0.062748 0.136243
0 0.040303 0.871197 0.019593 0.014881
0 0.989831 0.881614 0.020337 0.041005
0 0.55506 0.866071 0.040675 0.028439
0 0.740947 0.868386 0.021081 0.039683
0 0.062748 0.852513 0.009921 0.009259
0 0.521825 0.854332 0.011409 0.015542
0 0.915675 0.871858 0.016369 0.051257
0 0.503968 0.846396 0.008929 0.008267
0 0.013269 0.84838 0.026538 0.014881
0 0.076265 0.836144 0.023065 0.022156
0 0.981771 0.835483 0.036458 0.050595
0 0.9344 0.833499 0.056796 0.051918
0 0.934028 0.810351 0.019345 0.00959
0 0.781498 0.809193 0.024306 0.016534
0 0.835441 0.827546 0.074653 0.053902
0 0.52877 0.795304 0.005456 0.010582
0 0.930928 0.792989 0.032986 0.009259
0 0.708209 0.783069 0.011161 0.006614
0 0.035218 0.779927 0.006944 0.00959
0 0.754092 0.767361 0.012649 0.00496
0 0.972594 0.780093 0.054812 0.060185
0 0.101811 0.751323 0.012649 0.013228
0 0.925223 0.765708 0.039435 0.046627
0 0.528522 0.746032 0.009425 0.016534
0 0.095114 0.73793 0.008681 0.006944
0 0.968378 0.743386 0.031002 0.01918
0 0.005084 0.73545 0.010169 0.013889
0 0.02505 0.737269 0.050099 0.030754
0 0.069072 0.720238 0.010665 0.008598
0 0.857143 0.702546 0.013393 0.013558
0 0.09623 0.719411 0.045139 0.054563
0 0.504588 0.691303 0.027034 0.013558
0 0.129588 0.688823 0.014137 0.008598
0 0.895089 0.682705 0.011905 0.011574
0 0.169271 0.684193 0.017609 0.01918
0 0.16245 0.673611 0.016369 0.005952
0 0.542411 0.671792 0.005952 0.007606
0 0.892733 0.669478 0.008185 0.007606
0 0.14943 0.661872 0.004216 0.008267
0 0.577009 0.667493 0.016617 0.025463
0 0.873264 0.650298 0.019345 0.00959
0 0.817584 0.650298 0.022569 0.011574
0 0.490699 0.65129 0.016121 0.016204
0 0.091766 0.648148 0.012401 0.011905
0 0.547991 0.656581 0.005704 0.034061
0 0.84437 0.642857 0.031994 0.010582
0 0.817832 0.66336 0.120784 0.06746
0 0.724454 0.638724 0.055556 0.024802
0 0.194692 0.635582 0.053571 0.023148
0 0.12066 0.650132 0.043899 0.060847
0 0.776662 0.62252 0.02505 0.010251
0 0.479291 0.61045 0.029514 0.008598
0 0.53497 0.622189 0.011905 0.04795
0 0.009921 0.609292 0.019841 0.022156
0 0.37004 0.600033 0.007937 0.00496
0 0.782118 0.606978 0.0563 0.020172
0 0.027654 0.60334 0.015625 0.012897
0 0.700273 0.595569 0.008681 0.005952
0 0.834077 0.595238 0.019345 0.009259
0 0.795263 0.591766 0.011161 0.004299
0 0.861607 0.592262 0.029762 0.011243
0 0.444444 0.587467 0.006944 0.014881
0 0.761285 0.585317 0.009673 0.01455
0 0.955853 0.579861 0.013889 0.008929
0 0.941344 0.578869 0.009177 0.007606
0 0.932416 0.58912 0.08755 0.031415
0 0.747148 0.580026 0.013641 0.016534
0 0.317336 0.576058 0.013145 0.011905
0 0.398065 0.577381 0.019841 0.017196
0 0.855903 0.575562 0.027778 0.016204
0 0.423115 0.573743 0.005456 0.01455
0 0.781126 0.574074 0.043403 0.019841
0 0.84065 0.596396 0.066716 0.06713
0 0.301463 0.56002 0.006696 0.008267
0 0.951017 0.563161 0.03249 0.015212
0 0.857887 0.558697 0.032738 0.012897
0 0.297495 0.554398 0.009177 0.005622
0 0.822049 0.557209 0.031002 0.015873
0 0.819444 0.541997 0.009921 0.009259
0 0.859251 0.539187 0.026042 0.016865
0 0.429563 0.544478 0.03373 0.032738
0 0.611607 0.532242 0.014385 0.011574
0 0.81808 0.529762 0.017113 0.009259
0 0.791791 0.52414 0.007688 0.00463
0 0.948537 0.527943 0.016617 0.012897
0 0.862847 0.522817 0.015377 0.00463
0 0.587674 0.531415 0.029514 0.021825
0 0.90625 0.545966 0.048115 0.053571
0 0.784474 0.542163 0.059028 0.049934
0 0.829737 0.521164 0.010169 0.011243
0 0.380704 0.521329 0.005456 0.012897
0 0.9344 0.509425 0.010665 0.00496
0 0.728051 0.521329 0.032986 0.040675
0 0.420387 0.498016 0.009425 0.008598
0 0.90997 0.502149 0.029266 0.022817
0 0.393601 0.530919 0.044643 0.083003
0 0.765625 0.516038 0.041667 0.055886
0 0.919147 0.49289 0.007937 0.016204
0 0.800967 0.486276 0.005704 0.008267
0 0.967882 0.482308 0.016617 0.006283
0 0.748016 0.491898 0.004464 0.028108
0 0.90191 0.483135 0.010665 0.011243
0 0.857515 0.479167 0.010665 0.005291
0 0.523438 0.481978 0.004216 0.011574
0 0.841642 0.477017 0.008185 0.006944
0 0.613839 0.479828 0.003472 0.013228
0 0.868056 0.476521 0.005952 0.011243
0 0.826017 0.474206 0.010665 0.007275
0 0.881448 0.474537 0.016369 0.012566
0 0.809028 0.472553 0.011905 0.013889
0 0.910218 0.468089 0.012897 0.005622
0 0.639881 0.474537 0.013889 0.021825
0 0.9969 0.477844 0.0062 0.029762
0 0.897073 0.466766 0.00744 0.010251
0 0.94246 0.463459 0.009921 0.005622
0 0.8094 0.457507 0.007192 0.006944
0 0.947793 0.455192 0.015625 0.005622
0 0.824777 0.459821 0.010169 0.020833
0 0.84437 0.455026 0.022569 0.02381
0 0.019717 0.45205 0.009177 0.017857
0 0.864583 0.450893 0.00744 0.020833
0 0.012401 0.44494 0.008929 0.012235
0 0.923487 0.446263 0.005208 0.020833
0 0.885665 0.447751 0.017857 0.02381
0 0.908978 0.445106 0.018849 0.020503
0 0.774554 0.458664 0.051587 0.054233
0 0.938244 0.439649 0.020337 0.022817
0 0.37252 0.440642 0.032242 0.02877
0 0.8063 0.425761 0.00744 0.008267
0 0.818452 0.43039 0.017361 0.022817
0 0.68502 0.426918 0.008929 0.017857
0 0.41307 0.426257 0.005208 0.018519
0 0.582217 0.426587 0.015625 0.022487
0 0.197793 0.416997 0.006696 0.007937
0 0.651414 0.414187 0.005704 0.005622
0 0.628844 0.424438 0.067708 0.026124
0 0.633929 0.414187 0.005456 0.005622
0 0.617808 0.414352 0.008433 0.006614
0 0.660218 0.41369 0.005456 0.005952
0 0.160218 0.416336 0.012401 0.011243
0 0.842138 0.42543 0.02505 0.032738
0 0.132688 0.441303 0.013889 0.06713
0 0.173363 0.409061 0.009425 0.007275
0 0.21999 0.411872 0.011409 0.013558
0 0.860367 0.421792 0.011409 0.034061
0 0.378596 0.408399 0.013145 0.020503
0 0.316716 0.404927 0.015873 0.016204
0 0.933904 0.409888 0.030506 0.028108
0 0.894097 0.41369 0.042163 0.041005
0 0.390501 0.391038 0.004712 0.011574
0 0.369048 0.390873 0.007937 0.013889
0 0.039683 0.389716 0.006448 0.011574
0 0.001736 0.392361 0.003472 0.020172
0 0.358135 0.391204 0.017361 0.019841
0 0.927331 0.388393 0.013393 0.015542
0 0.101066 0.380126 0.012649 0.012235
0 0.369172 0.377315 0.012649 0.010582
0 0.221354 0.372685 0.004712 0.011905
0 0.994668 0.371528 0.010665 0.018849
0 0.238219 0.368882 0.013145 0.018188
0 0.144841 0.369378 0.007937 0.01918
0 0.162078 0.37004 0.021577 0.023148
0 0.096354 0.358796 0.014137 0.017196
0 0.349702 0.357639 0.011905 0.016204
0 0.634797 0.369709 0.013641 0.048942
0 0.319692 0.347718 0.006944 0.007606
0 0.206101 0.358962 0.030258 0.030093
0 0.269593 0.351687 0.03621 0.02414
0 0.94494 0.352844 0.008929 0.027116
0 0.110987 0.338955 0.011161 0.011905
0 0.186508 0.333333 0.030754 0.008598
0 0.232763 0.332011 0.00372 0.017857
0 0.861979 0.33168 0.002728 0.017857
0 0.986855 0.337302 0.02629 0.03373
0 0.188368 0.313657 0.044891 0.027447
0 0.209077 0.296627 0.010913 0.005291
0 0.017981 0.310847 0.035962 0.036376
0 0.337922 0.290675 0.010665 0.003968
0 0.303943 0.317956 0.038938 0.0625
0 0.013641 0.289187 0.009921 0.008929
0 0.352679 0.290675 0.017361 0.024471
0 0.367808 0.276455 0.013393 0.00463
0 0.080109 0.299603 0.029762 0.054894
0 0.051587 0.292659 0.024306 0.041005
0 0.030258 0.277943 0.014385 0.011574
0 0.439236 0.265377 0.005456 0.019511
0 0.328993 0.2667 0.015129 0.033399
0 0.299231 0.260582 0.035962 0.021164
0 0.108011 0.284061 0.068204 0.068122
0 0.058036 0.254299 0.012897 0.008598
