0 0.147212 0.97962 0.01011 0.011413
0 0.667126 0.985326 0.039522 0.029348
0 0.638787 0.959511 0.01777 0.030978
0 0.964767 0.911141 0.008578 0.013587
0 0.7019 0.89212 0.007966 0.0125
0 0.588848 0.863315 0.011642 0.021196
0 0.760876 0.854348 0.013174 0.017391
0 0.644301 0.82962 0.012868 0.009239
0 0.674632 0.826359 0.015319 0.017935
0 0.609835 0.815217 0.011949 0.009783
0 0.720741 0.813859 0.012561 0.015761
0 0.58364 0.80462 0.011642 0.0125
0 0.645221 0.788859 0.01348 0.021196
0 0.671722 0.783152 0.018689 0.016304
0 0.570006 0.722283 0.024816 0.022826
0 0.641238 0.716848 0.010417 0.018478
0 0.587623 0.716304 0.009191 0.020652
0 0.593137 0.669837 0.028186 0.027717
0 0.496936 0.653804 0.018382 0.008696
0 0.417126 0.657609 0.015625 0.036957
0 0.464767 0.637772 0.026348 0.042935
0 0.412837 0.626087 0.02114 0.021739
0 0.508732 0.61712 0.008272 0.011413
0 0.646906 0.623641 0.040135 0.034239
0 0.395374 0.60625 0.008885 0.016848
0 0.425398 0.586957 0.024203 0.023913
0 0.038909 0.571467 0.015931 0.017935
0 0.420496 0.562228 0.010723 0.011413
0 0.65625 0.56875 0.009804 0.027717
0 0.004596 0.549728 0.009191 0.025543
0 0.01394 0.527989 0.008885 0.017935
0 0.005362 0.464402 0.010723 0.009239
0 0.732384 0.431793 0.004596 0.016848
0 0.734069 0.409783 0.003676 0.026087
0 0.094669 0.403533 0.011029 0.015761
0 0.711244 0.397826 0.008272 0.020652
0 0.668658 0.387772 0.022365 0.02337
0 0.721967 0.390489 0.007047 0.038587
0 0.638021 0.368207 0.005821 0.015761
0 0.713542 0.369565 0.00674 0.020652
0 0.667279 0.360326 0.018382 0.011957
0 0.696691 0.337228 0.00674 0.013587
0 0.676624 0.336141 0.008272 0.013587
0 0.664369 0.335054 0.011336 0.015761
0 0.665441 0.3125 0.007353 0.01413
0 0.464154 0.334783 0.061887 0.059783
0 0.473346 0.30788 0.011029 0.008152
0 0.52114 0.330163 0.007353 0.0625
0 0.643536 0.314402 0.020527 0.041848
0 0.696844 0.301902 0.008272 0.020109
0 0.448376 0.297011 0.007047 0.020109
0 0.722426 0.291304 0.007353 0.015217
0 0.53462 0.336685 0.04473 0.17337
0 0.481771 0.278804 0.054841 0.057609
0 0.452819 0.255978 0.009191 0.011957
