0 0.024678 0.992725 0.008185 0.009259
0 0.03125 0.977844 0.010913 0.003307
0 0.313988 0.978505 0.006944 0.013889
0 0.160466 0.972884 0.005952 0.011243
0 0.72619 0.969742 0.009921 0.006944
0 0.167783 0.954861 0.013641 0.013558
0 0.728423 0.948413 0.006448 0.009921
0 0.718998 0.940972 0.010913 0.011574
0 0.890873 0.937665 0.008929 0.008267
0 0.026042 0.933201 0.009921 0.010582
0 0.704241 0.930886 0.005704 0.009259
0 0.887029 0.924769 0.004712 0.011574
0 0.097966 0.923115 0.012897 0.010251
0 0.179439 0.929894 0.030506 0.029762
0 0.203993 0.915344 0.008681 0.009259
0 0.080729 0.915675 0.025546 0.018519
0 0.677083 0.909061 0.005456 0.009259
0 0.68874 0.903108 0.00744 0.011243
0 0.054191 0.91832 0.040923 0.043651
0 0.198165 0.905589 0.022321 0.020833
0 0.665303 0.899802 0.007192 0.017857
0 0.692832 0.891038 0.007192 0.007606
0 0.09251 0.88955 0.006448 0.011905
0 0.682788 0.890046 0.010913 0.013558
0 0.103423 0.880622 0.014881 0.011243
0 0.667659 0.876488 0.008433 0.014881
0 0.184772 0.875 0.008929 0.019841
0 0.679315 0.868882 0.014385 0.010251
0 0.185764 0.854663 0.006448 0.008267
0 0.816344 0.854001 0.010665 0.007606
0 0.229911 0.858796 0.008929 0.017857
0 0.665675 0.853671 0.014881 0.016204
0 0.798115 0.847718 0.019841 0.015542
0 0.956101 0.838294 0.008929 0.007937
0 0.9437 0.830192 0.010417 0.008267
0 0.699901 0.822586 0.010913 0.008267
0 0.947917 0.818452 0.009921 0.007275
0 0.09933 0.818618 0.007688 0.008267
0 0.932416 0.820271 0.007688 0.012897
0 0.996156 0.812335 0.007688 0.007606
0 0.606771 0.81498 0.009673 0.014881
0 0.802331 0.812335 0.014385 0.017526
0 0.22557 0.802745 0.005704 0.00959
0 0.578497 0.802745 0.006696 0.015542
0 0.568452 0.790675 0.006448 0.009921
0 0.178571 0.791336 0.020833 0.01455
0 0.87996 0.79084 0.029762 0.025463
0 0.754216 0.780919 0.00496 0.013558
0 0.395709 0.780589 0.005208 0.012897
0 0.559028 0.777612 0.00744 0.011574
0 0.855159 0.772983 0.008433 0.00959
0 0.644469 0.767857 0.007688 0.007275
0 0.563492 0.768188 0.006944 0.007937
0 0.595238 0.765873 0.011905 0.005952
0 0.548363 0.761574 0.009425 0.006614
0 0.835689 0.76422 0.020585 0.017196
0 0.392609 0.758102 0.00744 0.010251
0 0.585938 0.755952 0.006696 0.012566
0 0.760541 0.755622 0.013145 0.013228
0 0.463666 0.753968 0.004216 0.011243
0 0.470858 0.75 0.008185 0.005291
0 0.400422 0.750165 0.007688 0.010251
0 0.819444 0.753968 0.017361 0.019841
0 0.670759 0.747851 0.011657 0.007606
0 0.427455 0.747685 0.006696 0.007275
0 0.452381 0.746693 0.006448 0.013228
0 0.75186 0.745205 0.011657 0.016204
0 0.591518 0.740741 0.018353 0.010582
0 0.984623 0.740741 0.026786 0.01455
0 0.738095 0.738095 0.007937 0.011905
0 0.445933 0.734458 0.010913 0.007937
0 0.549479 0.737599 0.008185 0.014881
0 0.298983 0.732639 0.012649 0.008267
0 0.802331 0.737599 0.025298 0.022817
0 0.412326 0.725529 0.008681 0.007275
0 0.46503 0.724537 0.005456 0.009921
0 0.745908 0.722884 0.005208 0.009921
0 0.570809 0.730655 0.016617 0.025463
0 0.297123 0.722718 0.010417 0.00959
0 0.352183 0.724041 0.009921 0.014881
0 0.436012 0.724041 0.006944 0.018188
0 0.717262 0.720734 0.009921 0.013558
0 0.2469 0.715443 0.007192 0.007606
0 0.367312 0.708333 0.006448 0.010582
0 0.255828 0.705357 0.017113 0.01455
0 0.397569 0.698247 0.010417 0.006944
0 0.223958 0.701224 0.016369 0.012897
0 0.668031 0.698413 0.006696 0.007937
0 0.679936 0.693783 0.0062 0.008598
0 0.239087 0.691634 0.009921 0.006944
0 0.554936 0.706349 0.018601 0.037037
0 0.261037 0.691634 0.005208 0.010913
0 0.525174 0.706349 0.03001 0.042989
0 0.367932 0.687831 0.019097 0.015873
0 0.607887 0.68287 0.012897 0.006614
0 0.105531 0.6875 0.009177 0.015873
0 0.661086 0.685681 0.005208 0.015542
0 0.647941 0.680886 0.008185 0.008598
0 0.131324 0.684358 0.036458 0.020172
0 0.201017 0.683862 0.035962 0.021825
0 0.545635 0.68039 0.016865 0.020833
0 0.508309 0.671296 0.009177 0.009921
0 0.307664 0.669147 0.013641 0.005622
0 0.22247 0.667659 0.012897 0.009259
0 0.163938 0.666171 0.010913 0.012235
0 0.279514 0.673611 0.056548 0.030423
0 0.582341 0.659722 0.005952 0.011243
0 0.611731 0.659226 0.021577 0.016204
0 0.46193 0.65625 0.0062 0.010913
0 0.570685 0.652282 0.014385 0.008267
0 0.590898 0.663194 0.021081 0.034061
0 0.542535 0.64881 0.008185 0.006614
0 0.491567 0.652943 0.009425 0.016865
0 0.549107 0.649802 0.010417 0.017196
0 0.175471 0.646991 0.047867 0.017526
0 0.53435 0.641038 0.008185 0.006944
0 0.556672 0.639716 0.007688 0.007606
0 0.487971 0.630952 0.008681 0.010582
0 0.516989 0.630787 0.0062 0.011574
0 0.53559 0.630126 0.015129 0.014881
0 0.21441 0.621528 0.008185 0.008929
0 0.228423 0.621362 0.019345 0.013889
0 0.55816 0.616733 0.009673 0.018519
0 0.575397 0.610284 0.010417 0.007606
0 0.542411 0.612269 0.025298 0.02414
0 0.902282 0.612599 0.038194 0.033399
0 0.872768 0.588459 0.006448 0.008267
0 0.539187 0.590443 0.016865 0.012235
0 0.522693 0.592923 0.0062 0.025794
0 0.55568 0.580522 0.008185 0.006944
0 0.546007 0.580357 0.009177 0.007275
0 0.38058 0.572917 0.015129 0.008929
0 0.744916 0.569279 0.044891 0.043981
0 0.907862 0.538194 0.003224 0.012235
0 0.935888 0.545966 0.024554 0.033069
0 0.926959 0.522652 0.013641 0.010913
0 0.795263 0.510417 0.005208 0.012897
0 0.783978 0.508598 0.009425 0.011905
0 0.748884 0.501984 0.014633 0.012566
0 0.93812 0.503307 0.005704 0.017857
0 0.790055 0.500496 0.008185 0.012897
0 0.421131 0.503968 0.017361 0.023148
0 0.467386 0.495205 0.010169 0.011574
0 0.445933 0.494213 0.010417 0.015542
0 0.378348 0.489583 0.007688 0.012897
0 0.685144 0.488261 0.010169 0.012897
0 0.695685 0.491898 0.011409 0.024802
0 0.415799 0.48082 0.014633 0.017196
0 0.547495 0.47586 0.004216 0.013228
0 0.453373 0.47123 0.008433 0.006614
0 0.438244 0.475529 0.008433 0.01918
0 0.535714 0.46627 0.005456 0.009921
0 0.967386 0.46131 0.0062 0.015212
0 0.938988 0.459325 0.010913 0.013889
0 0.130456 0.457176 0.006944 0.012897
0 0.667039 0.447586 0.015625 0.008267
0 0.52443 0.46164 0.020585 0.042328
0 0.255952 0.442295 0.00744 0.013558
0 0.74814 0.439815 0.011161 0.015212
0 0.115327 0.436343 0.014385 0.010913
0 0.939484 0.435847 0.009921 0.013228
0 0.873884 0.431878 0.008681 0.005291
0 0.324777 0.435351 0.015625 0.015542
0 0.125372 0.432705 0.006696 0.010251
0 0.331597 0.428241 0.010417 0.009921
0 0.09313 0.426587 0.0062 0.011905
0 0.680432 0.419478 0.004712 0.008267
0 0.051215 0.419974 0.009177 0.009921
0 0.69184 0.429067 0.02753 0.030754
0 0.098462 0.416171 0.013889 0.006283
0 0.377108 0.417328 0.008185 0.009259
0 0.258309 0.416997 0.006696 0.01455
0 0.528398 0.415344 0.005704 0.017196
0 0.15005 0.412368 0.006944 0.011243
0 0.991319 0.410384 0.013393 0.010582
0 0.759053 0.412864 0.014137 0.018188
0 0.092014 0.402612 0.012897 0.00959
0 0.465402 0.398479 0.006696 0.006614
0 0.687872 0.397487 0.008681 0.010582
0 0.709325 0.406746 0.039683 0.030423
0 0.353175 0.394676 0.006448 0.008929
0 0.740079 0.395833 0.019345 0.029101
0 0.992932 0.384259 0.014137 0.009921
0 0.916419 0.453704 0.053571 0.150132
0 0.089286 0.380787 0.008433 0.00959
0 0.487103 0.378803 0.007937 0.008267
0 0.515873 0.385251 0.015873 0.023148
0 0.451141 0.396329 0.034226 0.047288
0 0.3187 0.375496 0.008433 0.012235
0 0.325397 0.369213 0.009921 0.008267
0 0.352431 0.369709 0.006944 0.009921
0 0.480035 0.368882 0.006696 0.01422
0 0.952009 0.367725 0.005704 0.015873
0 0.918899 0.369874 0.057044 0.020172
0 0.144593 0.363591 0.008929 0.007606
0 0.97371 0.36756 0.033234 0.017526
0 0.49504 0.363095 0.006448 0.009259
0 0.375372 0.363261 0.012649 0.013558
0 0.121528 0.354167 0.005952 0.011243
0 0.094866 0.349868 0.0062 0.009259
0 0.333953 0.351356 0.015129 0.014881
0 0.104539 0.342262 0.010665 0.008598
0 0.432292 0.346726 0.017361 0.018188
0 0.470982 0.348876 0.047123 0.024471
0 0.343006 0.340608 0.013889 0.009259
0 0.077877 0.342097 0.02381 0.019511
0 0.400174 0.333995 0.021577 0.008598
0 0.379464 0.334987 0.019345 0.017196
0 0.507937 0.330026 0.006448 0.007937
0 0.533978 0.327216 0.011905 0.006944
0 0.452877 0.326885 0.011409 0.010251
0 0.420759 0.325893 0.013145 0.00959
0 0.508557 0.332672 0.032986 0.027778
0 0.098586 0.322421 0.012649 0.009259
0 0.343006 0.320106 0.00744 0.012566
0 0.217386 0.321263 0.014633 0.014881
0 0.471354 0.31994 0.020089 0.016204
0 0.492436 0.315146 0.007192 0.011905
0 0.071925 0.312169 0.00744 0.008598
0 0.084449 0.314815 0.015129 0.01918
0 0.124876 0.328373 0.050843 0.047619
0 0.375372 0.304563 0.006696 0.008598
0 0.325521 0.302083 0.007688 0.014881
0 0.475942 0.296462 0.007937 0.006944
0 0.484623 0.297123 0.00744 0.010251
0 0.080233 0.296792 0.008185 0.014881
0 0.052331 0.292163 0.012897 0.00959
0 0.385169 0.290675 0.010913 0.01455
0 0.508433 0.297454 0.032738 0.039352
0 0.065352 0.286376 0.012153 0.017196
0 0.3125 0.279927 0.008929 0.010251
0 0.097346 0.279597 0.009673 0.010251
0 0.08941 0.270999 0.0062 0.007606
0 0.170387 0.271164 0.011409 0.013889
0 0.233755 0.25744 0.006696 0.010251
0 0.075769 0.256779 0.006696 0.008929
0 0.979663 0.253142 0.009921 0.006283
0 0.565476 0.261739 0.027778 0.023479
0 0.498636 0.265046 0.024058 0.030093
0 0.472222 0.268849 0.047619 0.037698
0 0.44308 0.252646 0.009177 0.005291
0 0.12686 0.254464 0.008185 0.008929
