0 0.749256 0.994709 0.008929 0.010582
0 0.057788 0.993717 0.015873 0.012566
0 0.887897 0.992063 0.016369 0.012566
0 0.730035 0.98793 0.008185 0.006283
0 0.359127 0.992394 0.013393 0.015212
0 0.294767 0.991898 0.018105 0.016204
0 0.904514 0.987103 0.008929 0.007275
0 0.650794 0.991733 0.014385 0.016534
0 0.870908 0.986607 0.015129 0.010913
0 0.325149 0.990575 0.008433 0.018849
0 0.620164 0.990245 0.017609 0.019511
0 0.932788 0.985284 0.007937 0.010913
0 0.46751 0.983962 0.005456 0.008267
0 0.669271 0.989749 0.014137 0.020503
0 0.430184 0.982804 0.007192 0.006614
0 0.396949 0.984127 0.011161 0.009259
0 0.978051 0.989253 0.007192 0.021495
0 0.569816 0.984292 0.007192 0.011574
0 0.269345 0.987103 0.009921 0.017196
0 0.255704 0.981647 0.010417 0.008267
0 0.634921 0.983631 0.014385 0.012897
0 0.789311 0.987103 0.016617 0.022487
0 0.944444 0.982474 0.008433 0.01455
0 0.884053 0.979167 0.011657 0.007937
0 0.759425 0.987434 0.014881 0.025132
0 0.722222 0.980324 0.013393 0.011574
0 0.311632 0.984458 0.023562 0.020503
0 0.057788 0.980324 0.012401 0.012897
0 0.908482 0.978175 0.014385 0.010582
0 0.163442 0.986276 0.030258 0.027447
0 0.745288 0.98082 0.008433 0.017196
0 0.378968 0.98545 0.021329 0.029101
0 0.659846 0.97371 0.014137 0.006283
0 0.242436 0.974702 0.006696 0.008267
0 0.421999 0.971892 0.009177 0.006614
0 0.020089 0.97338 0.008929 0.010251
0 0.296875 0.971726 0.00496 0.008267
0 0.963046 0.974372 0.006944 0.01422
0 0.340278 0.972718 0.018849 0.011574
0 0.408234 0.970403 0.010417 0.008267
0 0.545511 0.974041 0.006696 0.016204
0 0.245908 0.969081 0.005704 0.006283
0 0.879092 0.967427 0.007688 0.006944
0 0.786582 0.968419 0.008185 0.008929
0 0.62314 0.97338 0.004712 0.019511
0 0.278522 0.966766 0.005952 0.00959
0 0.226314 0.968915 0.017609 0.015873
0 0.264633 0.968915 0.013889 0.017196
0 0.772445 0.971892 0.012153 0.024471
0 0.023313 0.962798 0.006448 0.00959
0 0.290303 0.961475 0.016121 0.00959
0 0.795015 0.96379 0.016617 0.014881
0 0.720982 0.960648 0.006944 0.009921
0 0.658606 0.958499 0.008185 0.005622
0 0.364955 0.963955 0.009177 0.016534
0 0.308284 0.962136 0.015873 0.01422
0 0.323909 0.958499 0.008929 0.007606
0 0.395833 0.96412 0.011905 0.019511
0 0.434524 0.96131 0.005456 0.01455
0 0.99256 0.958168 0.006944 0.010251
0 0.853051 0.955853 0.007688 0.007606
0 0.731523 0.961806 0.013145 0.020833
0 0.356027 0.955026 0.009177 0.007937
0 0.340898 0.955192 0.008681 0.008267
0 0.63182 0.959491 0.011657 0.017526
0 0.87624 0.955192 0.011905 0.011574
0 0.031126 0.956184 0.007688 0.01422
0 0.268973 0.952546 0.007688 0.010251
0 0.258557 0.953538 0.008185 0.012235
0 0.9437 0.954034 0.013393 0.015873
0 0.785094 0.952712 0.006696 0.015212
0 0.897321 0.949074 0.007937 0.008598
0 0.863467 0.952877 0.008681 0.016204
0 0.221354 0.949074 0.005208 0.011243
0 0.549727 0.953704 0.010169 0.021164
0 0.534598 0.950562 0.012153 0.014881
0 0.815476 0.945933 0.005952 0.006283
0 0.24876 0.947421 0.006448 0.012566
0 0.291543 0.945602 0.011161 0.011574
0 0.40997 0.94957 0.010913 0.020172
0 0.212798 0.941799 0.010417 0.007275
0 0.038442 0.968915 0.046131 0.062169
0 0.035466 0.93998 0.009921 0.006944
0 0.448909 0.948413 0.015377 0.025794
0 0.854167 0.938327 0.009921 0.006944
0 0.313988 0.942791 0.014881 0.015873
0 0.708953 0.938988 0.008681 0.008929
0 0.363219 0.948413 0.03745 0.027778
0 0.773934 0.94494 0.017609 0.023479
0 0.081969 0.936839 0.0062 0.007937
0 0.846602 0.942956 0.019097 0.021495
0 0.923983 0.943618 0.016121 0.02414
0 0.099578 0.936839 0.007688 0.015212
0 0.043899 0.932705 0.008929 0.007606
0 0.100446 0.96412 0.09127 0.071759
0 0.432168 0.929894 0.007192 0.005952
0 0.967882 0.929894 0.005208 0.008598
0 0.793651 0.934854 0.010417 0.01918
0 0.72557 0.926091 0.008681 0.005622
0 0.386533 0.936343 0.018601 0.026786
0 0.221726 0.931217 0.014881 0.021164
0 0.835689 0.927745 0.008681 0.015542
0 0.085938 0.923611 0.007192 0.008598
0 0.074529 0.921462 0.014137 0.006283
0 0.570685 0.95668 0.076885 0.078042
0 0.421255 0.921296 0.004712 0.009921
0 0.88244 0.925099 0.00744 0.018188
0 0.402158 0.917989 0.006696 0.005291
0 0.874752 0.919478 0.009921 0.00959
0 0.906002 0.924934 0.015873 0.025794
0 0.581845 0.918155 0.008929 0.012897
0 0.249256 0.916997 0.006448 0.011905
0 0.147445 0.913856 0.007688 0.008267
0 0.714906 0.933366 0.02753 0.04795
0 0.172123 0.913194 0.010913 0.012235
0 0.560764 0.914848 0.013889 0.016204
0 0.389013 0.912533 0.008185 0.012897
0 0.958333 0.913856 0.009425 0.016204
0 0.100074 0.910053 0.012153 0.008598
0 0.004092 0.912037 0.008185 0.012566
0 0.302951 0.930886 0.018601 0.053571
0 0.793527 0.905919 0.008681 0.005622
0 0.08941 0.906581 0.009177 0.008267
0 0.828621 0.909722 0.010417 0.017196
0 0.079613 0.905093 0.005952 0.007937
0 0.544891 0.904101 0.005456 0.006614
0 0.864211 0.907242 0.010169 0.014881
0 0.161954 0.905423 0.007937 0.013228
0 0.890873 0.904101 0.008433 0.011243
0 0.560392 0.903108 0.011657 0.009921
0 0.391245 0.901786 0.005208 0.007937
0 0.150546 0.905093 0.012897 0.015873
0 0.031002 0.948413 0.062004 0.103175
0 0.776786 0.908234 0.019841 0.024802
0 0.206969 0.899636 0.007192 0.008267
0 0.410962 0.902116 0.00744 0.013889
0 0.217882 0.897817 0.012153 0.005291
0 0.878472 0.899967 0.009425 0.012235
0 0.427331 0.898313 0.006448 0.008929
0 0.249752 0.899802 0.008929 0.011905
0 0.15749 0.897156 0.004464 0.007275
0 0.066716 0.898644 0.006448 0.010251
0 0.316096 0.901951 0.014633 0.017526
0 0.536086 0.896329 0.007192 0.006944
0 0.929191 0.89666 0.011161 0.008267
0 0.194692 0.900463 0.012401 0.015873
0 0.664683 0.895503 0.005952 0.009921
0 0.649678 0.896329 0.0062 0.011574
0 0.952257 0.894511 0.0062 0.008598
0 0.448661 0.905589 0.014385 0.032077
0 0.584573 0.894676 0.012897 0.013558
0 0.229787 0.901951 0.013145 0.032077
0 0.237227 0.891204 0.006696 0.011243
0 0.846974 0.893353 0.009425 0.016204
0 0.087798 0.891534 0.011409 0.013228
0 0.098338 0.893188 0.008681 0.01918
0 0.881448 0.886905 0.008929 0.007275
0 0.611359 0.886739 0.008433 0.008267
0 0.273313 0.88707 0.005952 0.008929
0 0.161458 0.941303 0.115079 0.117394
0 0.011161 0.889054 0.005952 0.013558
0 0.003968 0.890708 0.007937 0.017526
0 0.862723 0.886078 0.007192 0.00959
0 0.817088 0.8917 0.010169 0.020833
0 0.821925 0.886574 0.00744 0.011243
0 0.153894 0.886574 0.010665 0.011243
0 0.800595 0.889716 0.019345 0.018188
0 0.044023 0.886905 0.010169 0.012566
0 0.307292 0.883763 0.00744 0.006944
0 0.21193 0.886409 0.012153 0.01422
0 0.599206 0.907242 0.035714 0.056548
0 0.072545 0.886078 0.009177 0.01422
0 0.78311 0.883102 0.009177 0.008929
0 0.574653 0.883598 0.012401 0.010582
0 0.41245 0.882275 0.006448 0.008598
0 0.300843 0.887897 0.013393 0.020503
0 0.651786 0.880456 0.00496 0.008267
0 0.147817 0.881283 0.00496 0.009921
0 0.997892 0.880622 0.004216 0.009259
0 0.475198 0.884259 0.011905 0.017196
0 0.939236 0.883102 0.00744 0.015542
0 0.285714 0.880622 0.009921 0.013228
0 0.007812 0.876323 0.008681 0.006614
0 0.523934 0.877315 0.005208 0.009259
0 0.252976 0.880456 0.007937 0.016865
0 0.557788 0.879299 0.020337 0.015212
0 0.396825 0.876984 0.010913 0.010582
0 0.546131 0.884921 0.013393 0.027116
0 0.869792 0.875496 0.006944 0.00959
0 0.978175 0.876157 0.005456 0.012235
0 0.054563 0.885582 0.016865 0.032407
0 0.895461 0.872354 0.006696 0.009259
0 0.835193 0.873016 0.008681 0.010582
0 0.990203 0.87037 0.006696 0.007275
0 0.667039 0.933036 0.115823 0.133929
0 0.858259 0.871528 0.010169 0.011574
0 0.796751 0.869709 0.004712 0.009921
0 0.488591 0.87037 0.009425 0.011243
0 0.62748 0.870866 0.013393 0.015542
0 0.025546 0.88707 0.029762 0.04795
0 0.575645 0.869544 0.018353 0.015542
0 0.691964 0.867394 0.009921 0.015212
0 0.383185 0.866733 0.010417 0.013889
0 0.922123 0.867394 0.012401 0.015873
0 0.462178 0.864583 0.008681 0.010251
0 0.945312 0.864749 0.007192 0.011243
0 0.788938 0.86293 0.005952 0.00959
0 0.28063 0.861607 0.007192 0.010251
0 0.851687 0.860284 0.011905 0.008929
0 0.748636 0.861111 0.014633 0.010582
0 0.436508 0.873016 0.021329 0.036376
0 0.1844 0.865741 0.010665 0.021825
0 0.478423 0.862269 0.008929 0.015542
0 0.308284 0.86541 0.012401 0.021825
0 0.914187 0.861442 0.010417 0.01455
0 0.555928 0.85797 0.005208 0.010251
0 0.266617 0.863095 0.025794 0.021164
0 0.519965 0.861772 0.013145 0.019841
0 0.496156 0.854332 0.009177 0.006944
0 0.780878 0.855324 0.019097 0.010913
0 0.415055 0.852183 0.0062 0.007275
0 0.710193 0.854497 0.012153 0.012566
0 0.864707 0.852844 0.005704 0.010582
0 0.817956 0.854167 0.015873 0.015212
0 0.505332 0.849537 0.010665 0.005952
0 0.53869 0.859788 0.018353 0.031085
0 0.459697 0.851356 0.012153 0.01422
0 0.93254 0.848876 0.006944 0.011243
0 0.756572 0.847388 0.011657 0.00959
0 0.965774 0.864914 0.018849 0.047288
0 0.345114 0.892196 0.072669 0.104497
0 0.237475 0.845238 0.009673 0.010582
0 0.613219 0.846561 0.013641 0.015212
0 0.977555 0.843915 0.005208 0.010582
0 0.847966 0.843089 0.008433 0.008929
0 0.804191 0.848214 0.018601 0.01918
0 0.948785 0.844246 0.011657 0.015212
0 0.546999 0.841104 0.005704 0.010251
0 0.507316 0.839616 0.007688 0.008598
0 0.820933 0.837963 0.006448 0.006614
0 0.135665 0.860119 0.043651 0.050926
0 0.833085 0.836806 0.011409 0.007606
0 0.286334 0.855159 0.018601 0.044312
0 0.399306 0.845238 0.020833 0.026455
0 0.253968 0.848214 0.022817 0.032407
0 0.067708 0.837136 0.010913 0.010913
0 0.784226 0.839782 0.012401 0.019511
0 0.097346 0.855489 0.038442 0.053571
0 0.542039 0.833664 0.008185 0.010582
0 0.894841 0.83416 0.015873 0.01422
0 0.749876 0.834656 0.015129 0.015212
0 0.963294 0.831019 0.006448 0.008598
0 0.846602 0.832011 0.009673 0.011243
0 0.988095 0.831515 0.014385 0.010913
0 0.236483 0.830192 0.0062 0.010251
0 0.745164 0.900794 0.060268 0.154762
0 0.264013 0.832672 0.0062 0.019841
0 0.457093 0.82672 0.010417 0.008598
0 0.90873 0.826224 0.012897 0.010251
0 0.52505 0.834987 0.019345 0.027778
0 0.858135 0.825562 0.010417 0.00959
0 0.421875 0.83631 0.024306 0.033069
0 0.359003 0.825231 0.012153 0.010913
0 0.883309 0.823413 0.011161 0.011905
0 0.444692 0.833664 0.013393 0.03373
0 0.75 0.823578 0.020337 0.01422
0 0.497768 0.81994 0.00744 0.010251
0 0.714162 0.817295 0.012649 0.007606
0 0.380456 0.826554 0.028274 0.026124
0 0.400422 0.818452 0.010169 0.010582
0 0.483879 0.820106 0.011409 0.01455
0 0.769097 0.818452 0.013393 0.015212
0 0.425347 0.813988 0.007937 0.013558
0 0.782986 0.816634 0.009921 0.020833
0 0.872024 0.812996 0.008433 0.014881
0 0.941964 0.808366 0.008929 0.007606
0 0.804067 0.810847 0.011409 0.013889
0 0.194568 0.808366 0.008185 0.00959
0 0.926835 0.815311 0.026786 0.02414
0 0.209573 0.813327 0.018849 0.020172
0 0.894965 0.807705 0.007688 0.00959
0 0.833085 0.813327 0.021825 0.021495
0 0.251116 0.80754 0.007192 0.010582
0 0.450769 0.808862 0.007192 0.013889
0 0.365079 0.807374 0.005456 0.010913
0 0.283854 0.80754 0.0062 0.011905
0 0.920635 0.805556 0.005952 0.010582
0 0.382068 0.805721 0.009177 0.013558
0 0.434028 0.803406 0.007937 0.010913
0 0.686632 0.806713 0.009673 0.018188
0 0.508185 0.800926 0.009921 0.008598
0 0.321305 0.828042 0.062252 0.064153
0 0.865699 0.802745 0.010665 0.01422
0 0.461682 0.802249 0.004216 0.013889
0 0.707589 0.802414 0.023313 0.015542
0 0.130952 0.798611 0.007937 0.008598
0 0.576017 0.796131 0.005704 0.008267
0 0.270461 0.797288 0.012649 0.011243
0 0.859375 0.795139 0.00744 0.007606
0 0.929812 0.79547 0.008433 0.00959
0 0.842882 0.794974 0.008185 0.008598
0 0.653274 0.795635 0.009921 0.009921
0 0.084325 0.806052 0.040179 0.031415
0 0.749132 0.797619 0.019097 0.016534
0 0.356523 0.797123 0.009177 0.015542
0 0.328001 0.79332 0.005208 0.009921
0 0.996528 0.793981 0.006944 0.011905
0 0.812252 0.799603 0.020833 0.025794
0 0.531002 0.793155 0.011409 0.01422
0 0.407738 0.790509 0.011409 0.00959
0 0.521329 0.790509 0.009425 0.010251
0 0.447917 0.792493 0.003968 0.014881
0 0.361359 0.790013 0.006448 0.009921
0 0.489335 0.789187 0.014881 0.00959
0 0.780754 0.788525 0.005952 0.008929
0 0.437748 0.792659 0.011905 0.017857
0 0.373264 0.78621 0.00744 0.008929
0 0.912698 0.796462 0.013889 0.030754
0 0.713046 0.786541 0.013889 0.010913
0 0.310144 0.785384 0.005704 0.009921
0 0.116939 0.783896 0.004216 0.007606
0 0.975818 0.783234 0.007192 0.008267
0 0.78869 0.793485 0.036706 0.033399
0 0.389013 0.786706 0.016121 0.020503
0 0.732639 0.783069 0.00744 0.013889
0 0.374876 0.778935 0.006696 0.006944
0 0.679191 0.781911 0.017609 0.013558
0 0.342634 0.794974 0.024058 0.039683
0 0.962302 0.782077 0.005456 0.015212
0 0.418899 0.778439 0.006944 0.009921
0 0.768229 0.780919 0.017113 0.015542
0 0.849702 0.784061 0.018353 0.02381
0 0.509921 0.780258 0.016369 0.017526
0 0.08693 0.775463 0.014137 0.009921
0 0.707341 0.77662 0.011905 0.014881
0 0.748264 0.77629 0.009425 0.018188
0 0.985987 0.784226 0.028026 0.03869
0 0.810392 0.768353 0.007688 0.006944
0 0.450769 0.774802 0.013145 0.021164
0 0.281002 0.782407 0.033234 0.036376
0 0.355655 0.77414 0.012897 0.022487
0 0.671503 0.767526 0.010169 0.010582
0 0.739707 0.767526 0.012649 0.011243
0 0.863343 0.773975 0.013889 0.026124
0 0.96813 0.766038 0.0062 0.011574
0 0.432912 0.766204 0.011161 0.011905
0 0.896205 0.780093 0.031002 0.041005
0 0.459325 0.766204 0.005952 0.013228
0 0.360987 0.762566 0.007688 0.007275
0 0.759797 0.764881 0.012649 0.013889
0 0.686756 0.766038 0.020833 0.016865
0 0.495288 0.762566 0.006944 0.009921
0 0.27877 0.75959 0.009921 0.009259
0 0.470858 0.760747 0.009673 0.012235
0 0.411954 0.758267 0.011905 0.007937
0 0.377108 0.764385 0.022073 0.021495
0 0.482763 0.758763 0.009177 0.011574
0 0.778894 0.754134 0.008185 0.008929
0 0.507192 0.75744 0.010417 0.019511
0 0.834325 0.755291 0.013889 0.016534
0 0.724826 0.766369 0.017609 0.039352
0 0.527034 0.750827 0.012401 0.013558
0 0.373636 0.752976 0.018105 0.017857
0 0.948289 0.749173 0.013641 0.010913
0 0.819692 0.758598 0.014385 0.031085
0 0.399926 0.746362 0.008681 0.007937
0 0.782738 0.761243 0.027282 0.039021
0 0.978795 0.752811 0.009177 0.02414
0 0.914435 0.748347 0.012401 0.015873
0 0.96875 0.744874 0.009425 0.010251
0 0.422743 0.747685 0.007192 0.015873
0 0.890625 0.747189 0.009921 0.016204
0 0.734499 0.744378 0.014137 0.010582
0 0.497644 0.744378 0.0062 0.012566
0 0.611855 0.752976 0.029266 0.030423
0 0.808408 0.744709 0.011657 0.01455
0 0.477059 0.744378 0.036458 0.01918
0 0.770833 0.74504 0.010913 0.023148
0 0.956225 0.749835 0.023562 0.034722
0 0.438616 0.743221 0.022569 0.025463
0 0.903274 0.73545 0.012401 0.010582
0 0.625744 0.733796 0.006448 0.007937
0 0.755828 0.739253 0.017113 0.023479
0 0.990079 0.745701 0.019841 0.037698
0 0.866071 0.755622 0.042659 0.05754
0 0.8719 0.732804 0.005704 0.013228
0 0.474826 0.730324 0.005704 0.010251
0 0.764881 0.729828 0.006448 0.009921
0 0.429688 0.729993 0.010169 0.011574
0 0.927827 0.729332 0.005952 0.011574
0 0.879836 0.727679 0.009673 0.008929
0 0.96813 0.726025 0.006696 0.008267
0 0.516617 0.725364 0.008433 0.007606
0 0.949901 0.724372 0.010417 0.008929
0 0.743676 0.726521 0.005704 0.013889
0 0.623636 0.721892 0.005208 0.007275
0 0.820064 0.719246 0.007688 0.005952
0 0.822421 0.730985 0.016369 0.030093
0 0.796007 0.727513 0.023065 0.023148
0 0.416791 0.726356 0.012153 0.020833
0 0.491319 0.720073 0.009425 0.012235
0 0.989707 0.718419 0.011161 0.00959
0 0.500744 0.718254 0.007937 0.011243
0 0.734127 0.719907 0.010913 0.015873
0 0.936632 0.722884 0.015129 0.022487
0 0.607019 0.714451 0.008681 0.010251
0 0.373264 0.711475 0.008929 0.007606
0 0.547619 0.710483 0.009921 0.006944
0 0.938864 0.713128 0.006696 0.013558
0 0.447545 0.717427 0.012649 0.02414
0 0.870536 0.715443 0.011905 0.02414
0 0.902406 0.708664 0.007688 0.013889
0 0.424851 0.705853 0.013393 0.008267
0 0.693204 0.710317 0.006448 0.018519
0 0.986111 0.7042 0.007937 0.008267
0 0.956597 0.706349 0.008929 0.012566
0 0.384797 0.702381 0.008185 0.007937
0 0.890501 0.705026 0.010665 0.015212
0 0.099578 0.702877 0.005208 0.010913
0 0.354167 0.698082 0.006944 0.007937
0 0.40997 0.699074 0.006944 0.01455
0 0.744916 0.707837 0.035466 0.035384
0 0.491071 0.696429 0.007937 0.013228
0 0.697173 0.694279 0.013889 0.013558
0 0.932912 0.695437 0.012649 0.016534
0 0.368676 0.701224 0.020089 0.031415
0 0.615699 0.697586 0.019097 0.025463
0 0.147197 0.688161 0.015129 0.011905
0 0.098958 0.685185 0.006448 0.006614
0 0.920759 0.688657 0.011657 0.01422
0 0.604787 0.687831 0.012649 0.013228
0 0.62004 0.684358 0.00744 0.006944
0 0.882688 0.694279 0.013393 0.029431
0 0.645461 0.682044 0.009673 0.00959
0 0.90315 0.681548 0.008681 0.010582
0 0.670015 0.681713 0.015129 0.012235
0 0.377356 0.678075 0.016617 0.008267
0 0.356771 0.678902 0.013145 0.013889
0 0.482887 0.677745 0.012401 0.012235
0 0.933284 0.674603 0.009425 0.011905
0 0.446305 0.676422 0.020585 0.018849
0 0.945064 0.669643 0.008185 0.008598
0 0.34189 0.668155 0.005704 0.011574
0 0.395957 0.666336 0.007688 0.010582
0 0.46627 0.668981 0.018849 0.021164
0 0.938492 0.663029 0.007937 0.011243
0 0.487103 0.66369 0.005456 0.013228
0 0.379464 0.662202 0.006448 0.011574
0 0.133309 0.662533 0.011161 0.012235
0 0.895833 0.660053 0.006448 0.009259
0 0.146949 0.66088 0.017113 0.012235
0 0.365699 0.657903 0.016121 0.008267
0 0.918651 0.660714 0.024802 0.018519
0 0.736483 0.65377 0.009177 0.005952
0 0.350322 0.657077 0.006696 0.013228
0 0.478423 0.65873 0.010417 0.019841
0 0.856027 0.65129 0.007192 0.008267
0 0.466518 0.653935 0.006448 0.013558
0 0.367808 0.64914 0.005456 0.007937
0 0.446305 0.648148 0.010169 0.008598
0 0.875248 0.648313 0.011905 0.015542
0 0.78745 0.643353 0.015377 0.014881
0 0.774802 0.635913 0.006448 0.011243
0 0.437128 0.645503 0.010169 0.030423
0 0.855655 0.631614 0.012401 0.010582
0 0.460193 0.632771 0.012649 0.01422
0 0.867808 0.62037 0.010417 0.007275
0 0.348462 0.616567 0.010913 0.012235
0 0.674851 0.616237 0.007937 0.012235
0 0.47495 0.614749 0.010417 0.015873
0 0.489583 0.610284 0.011905 0.00959
0 0.363467 0.623347 0.026042 0.037037
0 0.854043 0.611276 0.022073 0.018849
0 0.426959 0.604663 0.009673 0.008267
0 0.467634 0.604828 0.007192 0.01455
0 0.367063 0.602348 0.007937 0.00959
0 0.390749 0.624339 0.040923 0.054233
0 0.83693 0.599041 0.009177 0.011574
0 0.584573 0.600694 0.004464 0.017526
0 0.75682 0.596396 0.005208 0.010251
0 0.739583 0.595569 0.021329 0.030423
0 0.823909 0.587136 0.015873 0.014881
0 0.633929 0.582507 0.00744 0.008267
0 0.646701 0.582837 0.005704 0.012235
0 0.68378 0.583168 0.012897 0.016204
0 0.423363 0.578208 0.005952 0.00959
0 0.803447 0.585483 0.021081 0.024802
0 0.693328 0.583333 0.013145 0.023148
0 0.633433 0.572917 0.007937 0.006944
0 0.788194 0.574735 0.00496 0.011243
0 0.704861 0.571925 0.013889 0.00959
0 0.68068 0.572751 0.020585 0.011243
0 0.345734 0.570933 0.008929 0.008267
0 0.729787 0.572751 0.009673 0.015212
0 0.284102 0.566634 0.008681 0.006944
0 0.709945 0.573247 0.018601 0.022817
0 0.492808 0.571263 0.010913 0.018849
0 0.540303 0.568287 0.006696 0.01422
0 0.354043 0.568618 0.004712 0.017526
0 0.619544 0.57953 0.025298 0.04332
0 0.532986 0.563492 0.009425 0.011243
0 0.344122 0.562665 0.0062 0.00959
0 0.502356 0.564815 0.007688 0.017196
0 0.440228 0.56002 0.010417 0.008267
0 0.317956 0.565642 0.030754 0.019511
0 0.646453 0.564319 0.008681 0.018849
0 0.637401 0.558532 0.004464 0.007937
0 0.719122 0.556548 0.014137 0.008598
0 0.488591 0.553241 0.008929 0.008598
0 0.432044 0.553737 0.010913 0.00959
0 0.358879 0.559193 0.00496 0.021825
0 0.290923 0.557209 0.013889 0.018519
0 0.27815 0.553075 0.004712 0.011574
0 0.49752 0.553737 0.007937 0.014881
0 0.398934 0.551753 0.004712 0.010913
0 0.319568 0.549769 0.009177 0.00959
0 0.648313 0.550265 0.012401 0.011243
0 0.429936 0.544974 0.008681 0.005952
0 0.605283 0.546462 0.010169 0.012235
0 0.558036 0.564815 0.039683 0.050265
0 0.486607 0.541336 0.005952 0.007275
0 0.776166 0.544478 0.019097 0.015542
0 0.395585 0.539848 0.009425 0.006283
0 0.501736 0.542163 0.016865 0.011574
0 0.352183 0.541336 0.006448 0.011243
0 0.59437 0.570437 0.044395 0.071429
0 0.675471 0.538525 0.008681 0.010251
0 0.545635 0.540509 0.008929 0.018188
0 0.580357 0.542824 0.017857 0.02414
0 0.667411 0.535053 0.004464 0.012566
0 0.598462 0.534722 0.007937 0.015212
0 0.400794 0.530589 0.009921 0.007606
0 0.655258 0.531581 0.011409 0.012235
0 0.322297 0.529266 0.007192 0.011574
0 0.532118 0.539848 0.017609 0.034061
0 0.56064 0.526455 0.010169 0.007937
0 0.346354 0.530589 0.005704 0.019511
0 0.643229 0.527943 0.009673 0.014881
0 0.46317 0.559193 0.040427 0.078042
0 0.448661 0.523479 0.00744 0.012566
0 0.336062 0.520172 0.013889 0.010582
0 0.555804 0.516369 0.011905 0.007606
0 0.472966 0.518188 0.006944 0.011243
0 0.306424 0.521825 0.021577 0.018519
0 0.351935 0.514054 0.00744 0.008267
0 0.521825 0.521495 0.016865 0.025794
0 0.447173 0.512235 0.005456 0.008598
0 0.282738 0.508763 0.00744 0.013558
0 0.328249 0.505787 0.016617 0.019511
0 0.544643 0.501819 0.022321 0.016204
0 0.513393 0.490906 0.00744 0.008929
0 0.326265 0.490575 0.007688 0.008267
0 0.441592 0.485946 0.012153 0.016865
0 0.318452 0.479828 0.009425 0.013228
0 0.358631 0.474868 0.017361 0.01455
0 0.372024 0.456184 0.009921 0.014881
0 0.237227 0.399471 0.004216 0.011905
0 0.955853 0.35334 0.013889 0.010251
0 0.942708 0.352183 0.008929 0.015873
0 0.714162 0.323909 0.016121 0.012897
0 0.935516 0.323247 0.005952 0.023479
0 0.925099 0.315146 0.00744 0.013228
0 0.772693 0.310516 0.0062 0.017857
0 0.909598 0.308697 0.038442 0.020172
0 0.881944 0.283565 0.006944 0.010251
0 0.7438 0.300099 0.047619 0.051918
0 0.795387 0.279266 0.008929 0.022156
0 0.945561 0.26422 0.011161 0.015873
0 0.991319 0.270172 0.014881 0.031746
0 0.758433 0.26703 0.022321 0.026786
0 0.929439 0.261409 0.008185 0.020833
0 0.913194 0.261905 0.016865 0.022487
0 0.731647 0.277447 0.024306 0.054233
0 0.304191 0.273479 0.0687 0.046958
