0 0.090154 0.656581 0.009177 0.008267
0 0.071057 0.6083 0.014633 0.018188
0 0.143725 0.597222 0.004216 0.009921
0 0.004216 0.592097 0.008433 0.010251
0 0.034598 0.581349 0.004712 0.007275
0 0.12562 0.578538 0.005208 0.006283
0 0.094618 0.5792 0.011657 0.013558
0 0.011285 0.564153 0.015129 0.010582
0 0.932788 0.516204 0.046131 0.023148
0 0.961062 0.502149 0.012401 0.006283
0 0.901166 0.499173 0.028522 0.017526
0 0.929936 0.494213 0.027034 0.012897
0 0.911086 0.485946 0.008681 0.006944
0 0.989707 0.490575 0.020585 0.020172
0 0.9969 0.459656 0.0062 0.027778
0 0.828125 0.458003 0.023313 0.026455
0 0.851562 0.416667 0.011161 0.006614
0 0.990451 0.404927 0.013641 0.008267
0 0.281498 0.3917 0.005952 0.006944
0 0.654514 0.381944 0.006448 0.013228
0 0.743056 0.378638 0.009425 0.008598
0 0.627852 0.377315 0.005704 0.006614
0 0.268601 0.375331 0.009425 0.007937
0 0.951513 0.398644 0.053819 0.055225
0 0.683532 0.374504 0.020833 0.020172
0 0.948537 0.364914 0.011161 0.006283
0 0.619668 0.362434 0.030506 0.018519
0 0.263021 0.353505 0.012649 0.021164
0 0.58693 0.350694 0.012153 0.025463
0 0.280382 0.359623 0.013641 0.04332
0 0.675719 0.344411 0.010665 0.016204
0 0.388765 0.33879 0.013145 0.007606
0 0.459325 0.340774 0.009425 0.015542
0 0.72185 0.33631 0.006696 0.011243
0 0.608259 0.33879 0.030506 0.021495
0 0.745536 0.338128 0.017361 0.021495
0 0.064484 0.32953 0.025298 0.011574
0 0.415923 0.323082 0.009921 0.012566
0 0.751488 0.314319 0.011905 0.013558
0 0.444072 0.310516 0.007192 0.007275
0 0.65315 0.333664 0.029514 0.068783
0 0.363591 0.304729 0.005456 0.018188
0 0.778522 0.30291 0.009425 0.015212
0 0.550595 0.30291 0.010913 0.017196
0 0.433656 0.298942 0.005208 0.011243
0 0.570685 0.290013 0.002976 0.013889
0 0.546379 0.283234 0.006448 0.010913
0 0.781746 0.277447 0.006944 0.013228
0 0.204985 0.29084 0.007192 0.046627
0 0.793279 0.274802 0.005704 0.015873
0 0.227803 0.27414 0.007688 0.021825
0 0.192584 0.274967 0.012153 0.027447
0 0.429688 0.264385 0.010169 0.007606
0 0.271949 0.294643 0.016617 0.087963
0 0.228299 0.257606 0.00372 0.013889
0 0.795387 0.258929 0.009425 0.017196
0 0.608383 0.289517 0.03125 0.079034
0 0.56932 0.257937 0.022073 0.015873
0 0.529762 0.266369 0.030754 0.032738
0 0.41369 0.253968 0.02629 0.007937
0 0.361731 0.270007 0.007688 0.040013
0 0.25124 0.259425 0.006448 0.018849
0 0.217634 0.257275 0.012153 0.01455
0 0.200025 0.256944 0.008681 0.013889
0 0.167411 0.321263 0.038194 0.142526
0 0.073413 0.293651 0.079861 0.087302
