0 0.888437 0.989444 0.018125 0.021111
0 0.9475 0.988889 0.0375 0.022222
0 0.868125 0.966111 0.0175 0.023333
0 0.94 0.960556 0.0175 0.03
0 0.7725 0.922222 0.05125 0.066667
0 0.008125 0.861111 0.01625 0.035556
0 0.969688 0.836111 0.039375 0.07
0 0.91 0.816111 0.0675 0.076667
0 0.958125 0.753333 0.08375 0.075556
0 0.553125 0.686111 0.02125 0.034444
0 0.9525 0.658889 0.01875 0.028889
0 0.926875 0.516667 0.01375 0.031111
0 0.991875 0.472222 0.01625 0.031111
0 0.757812 0.445 0.040625 0.021111
0 0.409687 0.437778 0.059375 0.022222
0 0.717812 0.433889 0.030625 0.045556
0 0.678125 0.418889 0.02625 0.017778
0 0.462813 0.418333 0.026875 0.036667
0 0.9725 0.417222 0.03125 0.105556
0 0.265313 0.371111 0.065625 0.071111
0 0.63625 0.338889 0.04875 0.04
0 0.7125 0.327778 0.025 0.146667
0 0.859062 0.336111 0.281875 0.172222
0 0.270313 0.286667 0.058125 0.073333
